50.00000	0.90176	-26.22784
56.22186	0.88086	-26.02689
63.21795	0.85568	-29.54199
71.08462	0.82734	-32.34122
79.93019	0.79665	-37.81574
89.87649	0.75896	-40.16314
101.06047	0.72034	-41.96613
113.63615	0.67851	-48.50752
127.77672	0.63578	-47.33733
143.67690	0.59069	-55.33525
161.55565	0.54605	-58.63933
181.65919	0.50216	-56.20751
204.26436	0.45890	-60.16718
229.68245	0.41806	-62.55715
258.26349	0.37901	-67.74550
290.40109	0.34261	-69.68170
326.53779	0.30902	-70.32929
367.17125	0.27811	-70.96579
412.86103	0.24948	-75.41577
464.23631	0.22393	-72.18254
522.00459	0.20094	-81.69314
586.96139	0.17983	-76.19746
660.00124	0.16080	-79.80431
742.12996	0.14386	-79.59930
834.47856	0.12893	-79.35635
938.31875	0.11535	-79.44341
1055.08054	0.10286	-78.55998
1186.37183	0.09160	-80.58529
1334.00066	0.08164	-88.33822
1500.00000	0.07253	-78.26707
