5.00000	0.99848	-5.79857
6.14747	0.99775	-2.42950
7.55827	0.99652	-4.03406
9.29284	0.99553	-3.90287
11.42549	0.99310	-7.52759
14.04756	0.99012	-7.43241
17.27139	0.98592	-8.21217
21.23506	0.97916	-10.46807
26.10836	0.97001	-11.90523
32.10006	0.95598	-19.89433
39.46681	0.93530	-18.62632
48.52419	0.90644	-25.62862
59.66017	0.86939	-26.47995
73.35179	0.81875	-36.13080
90.18554	0.75784	-39.84094
110.88252	0.68726	-45.54249
136.32933	0.61047	-51.38136
167.61602	0.53239	-54.50352
206.08279	0.45531	-63.41861
253.37743	0.38532	-66.45542
311.52588	0.32197	-70.07227
383.01902	0.26727	-73.19264
470.91936	0.22097	-71.61001
578.99226	0.18219	-73.97777
711.86717	0.14958	-80.27421
875.23599	0.12331	-76.42534
1076.09689	0.10106	-78.64959
1323.05404	0.08223	-88.08034
1626.68623	0.06709	-89.85575
2000.00000	0.05456	-80.06149
