5.00000	0.99864	-1.36654
6.43414	0.99724	-5.36156
8.27963	0.99625	-3.32474
10.65445	0.99511	-3.36510
13.71045	0.99083	-9.41523
17.64298	0.98616	-7.11849
22.70347	0.97702	-14.76114
29.21546	0.96304	-13.14367
37.59526	0.94129	-22.51706
48.37862	0.90682	-24.69125
62.25495	0.85898	-30.94347
80.11139	0.79406	-36.69530
103.08955	0.71314	-45.82392
132.65849	0.62168	-48.32201
170.70862	0.52550	-54.96731
219.67257	0.43335	-61.25962
282.68074	0.35082	-65.25425
363.76139	0.28012	-73.69825
468.09822	0.22218	-72.81364
602.36174	0.17533	-76.09947
775.13575	0.13803	-76.50648
997.46613	0.10885	-82.43439
1283.56701	0.08477	-78.63904
1651.72953	0.06595	-78.91875
2125.49125	0.05137	-82.79216
2735.14094	0.03971	-83.83613
3519.65502	0.03088	-83.42710
4529.18945	0.02390	-85.80923
5828.28627	0.01830	-60.74587
7500.00000	0.01404	-76.16568
