5.00000	0.99791	-2.68281
6.23402	0.99749	-5.58675
7.77261	0.99658	-3.32932
9.69092	0.99476	-5.90476
12.08268	0.99313	-9.35159
15.06474	0.98872	-8.63654
18.78278	0.98343	-9.17390
23.41845	0.97609	-9.67442
29.19823	0.96291	-13.51524
36.40448	0.94350	-19.92409
45.38927	0.91663	-24.44275
56.59154	0.87951	-30.64701
70.55858	0.82982	-31.25655
87.97275	0.76568	-39.00421
109.68481	0.69118	-47.44089
136.75550	0.60913	-51.90163
170.50735	0.52575	-55.28372
212.58931	0.44433	-63.23388
265.05729	0.37108	-64.48014
330.47458	0.30586	-67.33629
412.03716	0.25023	-71.96147
513.72973	0.20365	-75.52987
640.52048	0.16531	-75.42663
798.60374	0.13421	-79.82923
995.70264	0.10922	-85.40371
1241.44642	0.08782	-83.85782
1547.84083	0.07024	-77.62244
1929.85472	0.05654	-78.32805
2406.15132	0.04535	-81.91172
3000.00000	0.03620	-71.78236
