90.00000	0.75859	-41.41165
90.89725	0.75520	-40.77693
91.80344	0.75246	-42.88708
92.71867	0.74893	-40.13926
93.64303	0.74589	-39.79658
94.57659	0.74312	-38.79241
95.51947	0.73902	-41.94136
96.47175	0.73603	-40.91800
97.43351	0.73247	-42.18207
98.40487	0.72915	-44.50723
99.38591	0.72616	-41.01057
100.37673	0.72313	-50.69384
101.37743	0.71885	-44.98184
102.38811	0.71584	-42.17157
103.40886	0.71217	-42.81759
104.43979	0.70909	-47.57404
105.48100	0.70487	-44.54269
106.53258	0.70150	-45.60983
107.59465	0.69884	-42.89261
108.66731	0.69437	-46.03056
109.75066	0.69125	-44.32510
110.84482	0.68727	-47.22265
111.94988	0.68389	-47.11580
113.06595	0.68019	-46.61636
114.19316	0.67710	-45.02894
115.33160	0.67372	-44.61975
116.48139	0.67048	-45.69246
117.64265	0.66565	-48.83661
118.81548	0.66204	-49.61068
120.00000	0.65838	-47.77623
