160.00000	0.54936	-55.80537
161.23589	0.54649	-55.75298
162.48132	0.54416	-54.04460
163.73637	0.54090	-54.93936
165.00112	0.53772	-56.24730
166.27563	0.53486	-57.76357
167.55999	0.53232	-54.51322
168.85427	0.52943	-55.48064
170.15855	0.52599	-58.20673
171.47290	0.52370	-63.59917
172.79741	0.52053	-56.69791
174.13215	0.51771	-56.56468
175.47719	0.51455	-58.49228
176.83263	0.51159	-59.02991
178.19853	0.50896	-57.55249
179.57499	0.50655	-56.43863
180.96208	0.50359	-57.08021
182.35988	0.50035	-57.80889
183.76848	0.49765	-65.67894
185.18796	0.49442	-59.66197
186.61841	0.49157	-59.99330
188.05990	0.48875	-59.47994
189.51253	0.48594	-61.15654
190.97638	0.48349	-57.78241
192.45153	0.48076	-57.80841
193.93808	0.47773	-67.17544
195.43612	0.47518	-57.47287
196.94572	0.47188	-61.65506
198.46698	0.46983	-63.37105
200.00000	0.46633	-62.30427
