5.00000	0.13936	80.59523
6.00227	0.15199	78.96240
7.20546	0.23069	77.12149
8.64983	0.22035	74.76260
10.38373	0.28418	72.15557
12.46520	0.36267	68.99626
14.96391	0.37133	65.47344
17.96350	0.43341	61.33198
21.56438	0.54769	55.48757
25.88706	0.61512	51.38748
31.07625	0.67207	46.58090
37.30564	0.73177	41.25908
44.78374	0.77277	36.44361
53.76086	0.83029	31.14479
64.53749	0.87016	26.54539
77.47435	0.90230	21.62193
93.00446	0.92653	16.49794
111.64767	0.94174	13.40940
134.02799	0.95194	10.34139
160.89457	0.95972	5.44190
193.14668	0.96278	4.61185
231.86388	0.96380	0.56336
278.34214	0.96169	-5.28985
334.13720	0.95593	-5.26759
401.11665	0.94630	-7.33453
481.52246	0.93235	-13.56362
578.04602	0.91240	-19.17490
693.91820	0.88504	-22.73420
833.01752	0.84980	-27.30801
1000.00000	0.80561	-31.57091
