5.00000	0.14490	80.63694
6.00227	0.14787	78.82926
7.20546	0.23712	77.12799
8.64983	0.20785	75.08435
10.38373	0.28663	72.16479
12.46520	0.34171	69.06044
14.96391	0.37976	60.73002
17.96350	0.43789	61.33514
21.56438	0.54952	55.78021
25.88706	0.60811	51.77686
31.07625	0.67872	45.02995
37.30564	0.74079	40.07160
44.78374	0.77426	36.43866
53.76086	0.83739	30.56165
64.53749	0.87562	25.79675
77.47435	0.90233	21.62663
93.00446	0.92498	17.44249
111.64767	0.94080	10.40653
134.02799	0.95299	8.89097
160.89457	0.95936	7.21460
193.14668	0.96331	2.15039
231.86388	0.96386	-0.94453
278.34214	0.96164	-1.82151
334.13720	0.95598	-5.17031
401.11665	0.94589	-6.29463
481.52246	0.93250	-13.14913
578.04602	0.91268	-15.69693
693.91820	0.88537	-21.59147
833.01752	0.84928	-22.93969
1000.00000	0.80639	-29.44647
