0.05512	0.196	56.99
0.05906	0.21652	56.99
0.06334	0.23461	56.99
0.06732	0.24615	56.99
0.07129	0.25741	56.99
0.07556	0.27352	56.99
0.07949	0.29379	56.99
0.08372	0.31992	56.99
0.08762	0.34461	56.99
0.09155	0.36669	56.99
0.0958	0.38458	56.99
0.09973	0.40101	56.99
0.10402	0.42406	56.99
0.10792	0.44996	56.99
0.1121	0.48269	56.99
0.11597	0.51118	56.99
0.11989	0.53135	56.99
0.12408	0.56132	56.99
0.12793	0.59443	56.99
0.13207	0.63473	56.99
0.13588	0.6727	56.99
0.14005	0.71112	56.99
0.1439	0.74348	56.99
0.14773	0.77701	56.99
0.15183	0.82041	56.99
0.15559	0.86604	56.99
0.15964	0.9211	56.99
0.16337	0.97333	56.99
0.16711	1.02438	56.99
0.17113	1.07811	56.99
0.17486	1.12936	56.99
0.1789	1.1931	56.99
0.18255	1.25895	56.99
0.18643	1.33569	56.99
0.19003	1.41034	56.99
0.19361	1.48344	56.99
0.19747	1.56181	56.99
0.20105	1.64	56.99
0.20484	1.73262	56.99
0.2083	1.82666	56.99
0.21178	1.92892	56.99
0.21545	2.04136	56.99
0.21881	2.14568	56.99
0.22246	2.26114	56.99
0.2258	2.37177	56.99
0.22934	2.50562	56.99
0.23258	2.63774	56.99
0.23575	2.77718	56.99
0.23916	2.93078	56.99
0.24228	3.07626	56.99
0.24568	3.23908	56.99
0.24874	3.3951	56.99
0.25197	3.57617	56.99
0.2549	3.75436	56.99
0.25779	3.94209	56.99
0.26089	4.14318	56.99
0.2637	4.34229	56.99
0.26668	4.56289	56.99
0.26942	4.77004	56.99
0.27215	4.9863	56.99
0.27499	5.22926	56.99
0.27757	5.4654	56.99
0.2803	5.72909	56.99
0.28277	5.98019	56.99
0.28539	6.25451	56.99
0.2878	6.51591	56.99
0.29019	6.78498	56.99
0.29268	7.08371	56.99
0.29495	7.37589	56.99
0.29736	7.69829	56.99
0.29951	8.0021	56.99
0.30165	8.31055	56.99
0.30391	8.64611	56.99
0.30598	8.96441	56.99
0.30816	9.32019	56.99
0.31015	9.65852	56.99
0.31222	10.03	56.99
0.31411	10.3815	56.99
0.31598	10.7415	56.99
0.31794	11.1309	56.99
0.31973	11.4957	56.99
0.32162	11.8972	56.99
0.32335	12.2769	56.99
0.32515	12.6951	56.99
0.32679	13.0905	56.99
0.3284	13.4878	56.99
0.33013	13.9204	56.99
0.33169	14.3255	56.99
0.33336	14.7728	56.99
0.33487	15.1904	56.99
0.33633	15.6153	56.99
0.33789	16.0738	56.99
0.3393	16.5079	56.99
0.3408	16.9803	56.99
0.34216	17.421	56.99
0.34365	17.8954	56.99
0.34496	18.3468	56.99
0.34625	18.8081	56.99
0.34763	19.3016	56.99
0.34888	19.7621	56.99
0.35021	20.2601	56.99
0.35143	20.7266	56.99
0.35263	21.1979	56.99
0.35389	21.7127	56.99
0.35504	22.1918	56.99
0.35626	22.7127	56.99
0.35737	23.1967	56.99
0.35857	23.7263	56.99
0.35965	24.2192	56.99
0.36072	24.7104	56.99
0.36186	25.2441	56.99
0.3629	25.7418	56.99
0.364	26.2866	56.99
0.365	26.7924	56.99
0.36598	27.3003	56.99
0.36702	27.8493	56.99
0.368	28.3648	56.99
0.36902	28.9158	56.99
0.36996	29.4329	56.99
0.37094	29.9966	56.99
0.37185	30.5191	56.99
0.37274	31.0423	56.99
0.37369	31.6068	56.99
0.37456	32.1333	56.99
0.3755	32.7026	56.99
0.37637	33.2342	56.99
0.37727	33.8154	56.99
0.37809	34.3515	56.99
0.37891	34.8884	56.99
0.37977	35.4677	56.99
0.38057	36.0079	56.99
0.38142	36.5909	56.99
0.38221	37.1318	56.99
0.38297	37.6785	56.99
0.38379	38.2711	56.99
0.38453	38.8175	56.99
0.38533	39.4151	56.99
0.38606	39.9654	56.99
0.38684	40.5596	56.99
0.38756	41.1144	56.99
0.38827	41.6653	56.99
0.38901	42.2662	56.99
0.3897	42.8239	56.99
0.39044	43.4269	56.99
0.39111	43.9882	56.99
0.39179	44.5548	56.99
0.39251	45.1592	56.99
0.39317	45.7241	56.99
0.39386	46.3331	56.99
0.3945	46.9002	56.99
0.39519	47.512	56.99
0.39582	48.0784	56.99
0.39645	48.6483	56.99
0.39711	49.2652	56.99
0.39771	49.8365	56.99
0.39837	50.4606	56.99
0.39897	51.0329	56.99
0.3996	51.6517	56.99
0.40019	52.2299	56.99
0.40078	52.8047	56.99
0.4014	53.4259	56.99
0.40196	54.0056	56.99
0.40257	54.6288	56.99
0.40314	55.208	56.99
0.4037	55.7977	56.99
0.40428	56.4253	56.99
0.40483	57.0071	56.99
0.40541	57.6374	56.99
0.40594	58.219	56.99
0.40652	58.8512	56.99
0.40705	59.4355	56.99
0.40757	60.0235	56.99
0.40812	60.6576	56.99
0.40863	61.2463	56.99
0.40919	61.886	56.99
0.40969	62.4743	56.99
0.41019	63.0636	56.99
0.41073	63.7017	56.99
0.41122	64.2948	56.99
0.41174	64.9331	56.99
0.41222	65.5267	56.99
0.41274	66.167	56.99
0.41323	66.7603	56.99
0.4137	67.3608	56.99
0.4142	68.0007	56.99
0.41467	68.5969	56.99
0.41517	69.2417	56.99
0.41562	69.8411	56.99
0.41608	70.4385	56.99
0.41656	71.0828	56.99
0.41701	71.6805	56.99
0.41749	72.3267	56.99
0.41794	72.926	56.99
0.41841	73.5793	56.99
0.41884	74.1819	56.99
0.41927	74.7868	56.99
0.41974	75.4342	56.99
0.42016	76.034	56.99
0.42061	76.6846	56.99
0.42104	77.2889	56.99
0.4215	77.9413	56.99
0.42191	78.5434	56.99
0.42232	79.1531	56.99
0.42276	79.8064	56.99
0.42317	80.4121	56.99
0.42361	81.0671	56.99
0.424	81.6749	56.99
0.4244	82.2826	56.99
0.42482	82.9371	56.99
0.42522	83.5454	56.99
0.42564	84.1989	56.99
0.42603	84.8075	56.99
0.42645	85.4694	56.99
0.42683	86.0824	56.99
0.42721	86.6925	56.99
0.42762	87.3501	56.99
0.428	87.9607	56.99
0.4284	88.6191	56.99
0.42877	89.2322	56.99
0.42914	89.8428	56.99
0.42953	90.5022	56.99
0.42991	91.1224	56.99
0.4303	91.782	56.99
0.43066	92.3968	56.99
0.43104	93.0584	56.99
0.4314	93.6733	56.99
0.43175	94.2896	56.99
0.43214	94.9507	56.99
0.43248	95.5653	56.99
0.43285	96.2291	56.99
0.4332	96.8465	56.99
0.43357	97.5177	56.99
0.43392	98.1337	56.99
0.43426	98.7492	56.99
0.43463	99.4169	56.99
0.43496	100.035	56.99
0.43532	100.701	56.99
0.43565	101.318	56.99
0.43598	101.935	56.99
0.43633	102.604	56.99
0.43666	103.231	56.99
0.43702	103.896	56.99
0.43733	104.518	56.99
0.43768	105.186	56.99
0.43801	105.806	56.99
0.43833	106.426	56.99
0.43867	107.094	56.99
0.43899	107.716	56.99
0.43933	108.388	56.99
0.43964	109.012	56.99
0.43995	109.64	56.99
0.44028	110.309	56.99
0.44059	110.931	56.99
0.44092	111.603	56.99
0.44123	112.225	56.99
0.44155	112.896	56.99
0.44185	113.52	56.99
0.44217	114.145	56.99
0.4425	114.817	56.99
0.44279	115.44	56.99
0.44311	116.121	56.99
0.4434	116.745	56.99
0.4437	117.369	56.99
0.444	118.042	56.99
0.44431	118.67	56.99
0.44462	119.347	56.99
0.4449	119.973	56.99
0.44521	120.644	56.99
0.4455	121.273	56.99
0.44578	121.906	56.99
0.44608	122.581	56.99
0.44637	123.207	56.99
0.44667	123.881	56.99
0.44695	124.509	56.99
0.44725	125.186	56.99
0.44752	125.815	56.99
0.44779	126.444	56.99
0.44809	127.12	56.99
0.44836	127.747	56.99
0.44866	128.431	56.99
0.44893	129.06	56.99
0.4492	129.688	56.99
0.44949	130.37	56.99
0.44975	131.002	56.99
0.45003	131.678	56.99
0.4503	132.307	56.99
0.45059	132.985	56.99
0.45085	133.615	56.99
0.45111	134.254	56.99
0.4758	227.584	56.99
0.4841	267.462	56.99
0.4915	308.568	56.99
0.4982	350.88	56.99
0.5042	393.695	56.99
0.5097	437.062	56.99
0.5148	480.986	56.99
0.5194	525.62	56.99
0.5238	570.287	56.99
0.5278	615.392	56.99
0.5316	661.141	56.99
0.5352	706.835	56.99
0.5386	752.78	56.99
0.5418	798.984	56.99
0.5448	845.243	56.99
0.5477	891.782	56.99
0.5505	938.539	56.99
0.5531	985.821	56.99
0.5557	1032.67	56.99
0.5581	1079.78	56.99
0.5605	1126.97	56.99
0.5627	1174.15	56.99
0.5649	1221.54	56.99
0.567	1268.96	56.99
0.5691	1316.94	56.99
0.571	1364.71	56.99
0.5729	1412.41	56.99
0.5748	1460.13	56.99
0.5766	1508.07	56.99
0.5784	1555.93	56.99
0.5801	1603.87	56.99
0.5818	1652.15	56.99
0.5834	1700.23	56.99
0.585	1748.34	56.99
0.5865	1796.55	56.99
0.588	1844.69	56.99
0.5895	1892.92	56.99
0.5909	1941.25	56.99
0.5924	1989.92	56.99
0.5937	2038.26	56.99
0.5951	2086.62	56.99
0.5964	2135.2	56.99
0.5977	2183.67	56.99
0.599	2232.12	56.99
0.6002	2280.53	56.99
0.6015	2329.4	56.99
0.6027	2378.07	56.99
0.6039	2426.65	56.99
0.605	2475.21	56.99
0.6062	2523.81	56.99
0.6073	2572.59	56.99
0.6084	2621.26	56.99
0.6095	2670.26	56.99
0.6106	2718.98	56.99
0.6117	2767.73	56.99
0.6127	2816.52	56.99
0.6137	2865.23	56.99
0.6147	2914.01	56.99
0.6157	2963.05	56.99
0.6167	3012.31	56.99
0.6177	3061.03	56.99
0.6187	3109.83	56.99
0.6196	3158.78	56.99
0.6205	3207.66	56.99
0.6215	3256.48	56.99
0.6224	3305.44	56.99
0.6233	3354.8	56.99
0.6242	3403.72	56.99
0.625	3452.61	56.99
0.6259	3501.64	56.99
0.6268	3550.65	56.99
0.6276	3599.64	56.99
0.6284	3648.54	56.99
0.6293	3697.99	56.99
0.6301	3747.22	56.99
0.6309	3796.24	56.99
0.6317	3845.06	56.99
0.6325	3894.13	56.99
0.6333	3943.22	56.99
0.6341	3992.38	56.99
0.6348	4041.72	56.99
0.6356	4090.8	56.99
0.6364	4139.93	56.99
0.6371	4189.03	56.99
0.6379	4238.16	56.99
0.6386	4287.28	56.99
0.6393	4336.45	56.99
0.64	4385.94	56.99
0.6407	4435.11	56.99
0.6415	4484.24	56.99
0.6422	4533.43	56.99
0.6429	4582.72	56.99
0.6436	4631.89	56.99
0.6442	4680.98	56.99
0.6449	4730.63	56.99
0.6456	4779.82	56.99
0.6463	4829.07	56.99
0.6469	4878.23	56.99
0.6476	4927.52	56.99
0.6482	4976.74	56.99
0.6489	5026	56.99
0.6495	5075.58	56.99
0.6501	5124.86	56.99
0.6508	5174.11	56.99
0.6514	5223.41	56.99
0.652	5272.59	56.99
0.6526	5321.89	56.99
0.6532	5371.47	56.99
0.6539	5421.09	56.99
0.6545	5470.37	56.99
0.6551	5519.67	56.99
0.6557	5569.02	56.99
0.6562	5618.34	56.99
0.6568	5667.64	56.99
0.6574	5716.94	56.99
0.658	5766.61	56.99
0.6586	5815.93	56.99
0.6592	5865.27	56.99
0.6597	5914.59	56.99
0.6603	5963.92	56.99
0.6608	6013.27	56.99
0.6614	6062.64	56.99
0.662	6112.32	56.99
0.6625	6161.86	56.99
0.6631	6211.25	56.99
0.6636	6260.52	56.99
0.6641	6309.91	56.99
0.6647	6359.33	56.99
0.6652	6408.72	56.99
0.6657	6458.36	56.99
0.6663	6507.73	56.99
0.6668	6557.12	56.99
0.6673	6606.45	56.99
0.6678	6655.86	56.99
0.6683	6705.19	56.99
0.6689	6754.66	56.99
0.6694	6804.37	56.99
0.6699	6853.54	56.99
0.6704	6902.98	56.99
0.6709	6952.39	56.99
0.6714	7002	56.99
0.6719	7051.43	56.99
0.6724	7100.89	56.99
0.6729	7150.68	56.99
0.6733	7200.08	56.99
0.6738	7249.46	56.99
0.6743	7298.99	56.99
0.6748	7348.32	56.99
0.6753	7397.86	56.99
0.6758	7447.29	56.99
0.6762	7497.11	56.99
0.6767	7546.43	56.99
0.6772	7596	56.99
0.6776	7645.35	56.99
0.6781	7694.84	56.99
0.6786	7744.23	56.99
0.679	7793.91	56.99
0.6795	7843.78	56.99
0.6799	7893.25	56.99
0.6804	7942.63	56.99
0.6808	7992.2	56.99
0.6813	8041.58	56.99
0.6817	8091.19	56.99
0.6822	8140.93	56.99
0.6826	8190.48	56.99
0.6831	8239.93	56.99
0.6835	8289.37	56.99
0.6839	8338.89	56.99
0.6844	8388.52	56.99
0.6848	8437.91	56.99
0.6852	8487.73	56.99
0.6857	8537.29	56.99
0.6861	8586.89	56.99
0.6865	8636.51	56.99
0.687	8685.88	56.99
0.6874	8735.36	56.99
0.6878	8784.91	56.99
0.6882	8834.92	56.99
0.6886	8884.29	56.99
0.6891	8933.9	56.99
0.6895	8983.41	56.99
0.6899	9032.97	56.99
0.6903	9082.34	56.99
0.6907	9131.94	56.99
0.6911	9181.73	56.99
0.6913	9196.64	56.99
0.6912	9190.25	56.99
0.6912	9184.85	56.99
0.6912	9179.98	56.99
0.6912	9174.97	56.99
