0.06719	0.26685	62.06
0.07112	0.28614	62.06
0.07533	0.31326	62.06
0.07922	0.34003	62.06
0.08344	0.36681	62.06
0.08735	0.38808	62.06
0.09129	0.4071	62.06
0.09552	0.42941	62.06
0.0994	0.45535	62.06
0.10362	0.4905	62.06
0.10752	0.51503	62.06
0.11169	0.54731	62.06
0.11553	0.58412	62.06
0.11934	0.62277	62.06
0.12346	0.66243	62.06
0.1273	0.69751	62.06
0.13144	0.73304	62.06
0.13527	0.76968	62.06
0.13939	0.81606	62.06
0.14314	0.86627	62.06
0.14686	0.91989	62.06
0.15088	0.97483	62.06
0.15461	1.02501	62.06
0.15866	1.08044	62.06
0.16237	1.13491	62.06
0.16604	1.19682	62.06
0.16994	1.27206	62.06
0.17354	1.34538	62.06
0.17747	1.42508	62.06
0.18105	1.50043	62.06
0.18489	1.58155	62.06
0.18844	1.66095	62.06
0.19196	1.74968	62.06
0.19569	1.85312	62.06
0.19912	1.9554	62.06
0.20277	2.06972	62.06
0.20614	2.17667	62.06
0.20954	2.28637	62.06
0.21314	2.41043	62.06
0.2164	2.53395	62.06
0.21989	2.67797	62.06
0.22306	2.81814	62.06
0.22645	2.9745	62.06
0.22957	3.12254	62.06
0.23267	3.27274	62.06
0.23596	3.44288	62.06
0.23897	3.61148	62.06
0.24216	3.80597	62.06
0.24506	3.99355	62.06
0.24814	4.19995	62.06
0.25099	4.38688	62.06
0.25376	4.59187	62.06
0.25668	4.82373	62.06
0.25935	5.04569	62.06
0.26219	5.29197	62.06
0.26479	5.52235	62.06
0.26738	5.76153	62.06
0.27009	6.02703	62.06
0.27253	6.28287	62.06
0.27511	6.56986	62.06
0.27746	6.84328	62.06
0.27995	7.14219	62.06
0.28224	7.42964	62.06
0.28447	7.72217	62.06
0.28683	8.04572	62.06
0.289	8.34847	62.06
0.29131	8.6859	62.06
0.29338	9.00608	62.06
0.29541	9.33286	62.06
0.29756	9.69465	62.06
0.29948	10.0355	62.06
0.30154	10.4132	62.06
0.30341	10.766	62.06
0.30541	11.1511	62.06
0.30723	11.5133	62.06
0.30902	11.888	62.06
0.31089	12.298	62.06
0.31258	12.6813	62.06
0.31438	13.1002	62.06
0.31603	13.4914	62.06
0.31777	13.9194	62.06
0.31936	14.3233	62.06
0.3209	14.7339	62.06
0.32253	15.1832	62.06
0.32402	15.6025	62.06
0.32561	16.0646	62.06
0.32707	16.4921	62.06
0.32849	16.921	62.06
0.33	17.3912	62.06
0.33134	17.8352	62.06
0.3328	18.3145	62.06
0.33413	18.765	62.06
0.33552	19.2549	62.06
0.33679	19.7147	62.06
0.33804	20.1808	62.06
0.33938	20.6814	62.06
0.3406	21.1493	62.06
0.34188	21.6552	62.06
0.34308	22.1281	62.06
0.34423	22.6074	62.06
0.34544	23.1289	62.06
0.34656	23.6135	62.06
0.34775	24.1409	62.06
0.34884	24.6286	62.06
0.35001	25.164	62.06
0.35107	25.6593	62.06
0.3521	26.158	62.06
0.35319	26.7006	62.06
0.35419	27.2045	62.06
0.35527	27.7512	62.06
0.35625	28.259	62.06
0.35723	28.7676	62.06
0.35825	29.3204	62.06
0.35921	29.8452	62.06
0.36019	30.4057	62.06
0.3611	30.9255	62.06
0.36207	31.4861	62.06
0.36296	32.0089	62.06
0.36385	32.5341	62.06
0.36479	33.1031	62.06
0.36564	33.6348	62.06
0.36654	34.2094	62.06
0.36737	34.7435	62.06
0.36826	35.3252	62.06
0.36908	35.862	62.06
0.36989	36.3997	62.06
0.37074	36.9799	62.06
0.37153	37.525	62.06
0.37236	38.1139	62.06
0.37313	38.6546	62.06
0.3739	39.2031	62.06
0.37469	39.7947	62.06
0.37542	40.3441	62.06
0.37624	40.9464	62.06
0.37696	41.4964	62.06
0.37773	42.0932	62.06
0.37844	42.6469	62.06
0.37913	43.1982	62.06
0.37988	43.8023	62.06
0.38056	44.3631	62.06
0.38129	44.9647	62.06
0.38196	45.5247	62.06
0.38263	46.0938	62.06
0.38334	46.701	62.06
0.38399	47.2667	62.06
0.38468	47.8775	62.06
0.3853	48.4449	62.06
0.38599	49.0575	62.06
0.38661	49.6258	62.06
0.38723	50.1961	62.06
0.38788	50.811	62.06
0.3885	51.3843	62.06
0.38915	52.0121	62.06
0.38974	52.5862	62.06
0.39037	53.2055	62.06
0.39096	53.78	62.06
0.39153	54.3576	62.06
0.39215	54.9785	62.06
0.39273	55.5583	62.06
0.39333	56.1828	62.06
0.39389	56.7621	62.06
0.39446	57.3517	62.06
0.39504	57.9811	62.06
0.39557	58.5621	62.06
0.39616	59.1901	62.06
0.3967	59.7737	62.06
0.39727	60.4059	62.06
0.39779	60.9918	62.06
0.39832	61.5793	62.06
0.39887	62.2113	62.06
0.39938	62.7987	62.06
0.39993	63.4435	62.06
0.40043	64.0342	62.06
0.40094	64.6215	62.06
0.40147	65.2558	62.06
0.40196	65.8499	62.06
0.40249	66.4884	62.06
0.40297	67.0819	62.06
0.40348	67.7219	62.06
0.40395	68.3158	62.06
0.40443	68.9146	62.06
0.40495	69.5573	62.06
0.40542	70.1537	62.06
0.40592	70.7957	62.06
0.40637	71.3932	62.06
0.40682	71.993	62.06
0.40731	72.6374	62.06
0.40776	73.2337	62.06
0.40824	73.8783	62.06
0.40868	74.4817	62.06
0.40917	75.1356	62.06
0.40961	75.7361	62.06
0.41003	76.3375	62.06
0.41049	76.9866	62.06
0.41092	77.5863	62.06
0.41138	78.2366	62.06
0.4118	78.84	62.06
0.41226	79.4918	62.06
0.41267	80.0958	62.06
0.41309	80.7098	62.06
0.41353	81.3617	62.06
0.41394	81.9626	62.06
0.41438	82.6153	62.06
0.41478	83.2234	62.06
0.41518	83.8308	62.06
0.41561	84.4853	62.06
0.416	85.0959	62.06
0.41642	85.7518	62.06
0.41681	86.359	62.06
0.41724	87.0193	62.06
0.41763	87.6304	62.06
0.41801	88.2399	62.06
0.41842	88.8978	62.06
0.4188	89.5076	62.06
0.4192	90.1626	62.06
0.41957	90.7742	62.06
0.41995	91.3863	62.06
0.42035	92.0481	62.06
0.42071	92.6676	62.06
0.4211	93.3267	62.06
0.42147	93.9396	62.06
0.42186	94.6006	62.06
0.42222	95.2125	62.06
0.42258	95.827	62.06
0.42296	96.4898	62.06
0.42332	97.1068	62.06
0.4237	97.7709	62.06
0.42404	98.3861	62.06
0.42442	99.0581	62.06
0.42476	99.6745	62.06
0.42511	100.289	62.06
0.42547	100.954	62.06
0.42582	101.57	62.06
0.42618	102.234	62.06
0.42652	102.855	62.06
0.42684	103.475	62.06
0.4272	104.137	62.06
0.42754	104.763	62.06
0.42789	105.429	62.06
0.42822	106.048	62.06
0.42858	106.716	62.06
0.42889	107.338	62.06
0.42921	107.961	62.06
0.42956	108.629	62.06
0.42989	109.247	62.06
0.43023	109.916	62.06
0.43054	110.537	62.06
0.43087	111.166	62.06
0.4312	111.838	62.06
0.4315	112.459	62.06
0.43184	113.128	62.06
0.43215	113.75	62.06
0.43247	114.422	62.06
0.43278	115.044	62.06
0.43309	115.669	62.06
0.43341	116.342	62.06
0.4337	116.965	62.06
0.43404	117.642	62.06
0.43433	118.265	62.06
0.43462	118.889	62.06
0.43495	119.564	62.06
0.43525	120.192	62.06
0.43556	120.864	62.06
0.43585	121.488	62.06
0.43616	122.161	62.06
0.43646	122.788	62.06
0.43674	123.421	62.06
0.43705	124.096	62.06
0.43733	124.725	62.06
0.43763	125.398	62.06
0.43792	126.024	62.06
0.43823	126.698	62.06
0.43851	127.325	62.06
0.43879	127.954	62.06
0.43909	128.631	62.06
0.43937	129.256	62.06
0.43966	129.941	62.06
0.43994	130.571	62.06
0.44021	131.199	62.06
0.4405	131.876	62.06
0.44077	132.505	62.06
0.44106	133.181	62.06
0.44133	133.813	62.06
0.44162	134.49	62.06
0.44188	135.12	62.06
0.44216	135.757	62.06
0.5099	537.045	62.06
0.5142	581.884	62.06
0.5182	626.966	62.06
0.522	672.8	62.06
0.5255	718.472	62.06
0.5289	764.49	62.06
0.5321	810.662	62.06
0.5351	856.987	62.06
0.538	903.549	62.06
0.5407	950.35	62.06
0.5434	997.544	62.06
0.5459	1044.45	62.06
0.5483	1091.54	62.06
0.5507	1138.75	62.06
0.5529	1186.07	62.06
0.5551	1233.44	62.06
0.5572	1280.87	62.06
0.5592	1328.97	62.06
0.5612	1376.59	62.06
0.5631	1424.21	62.06
0.565	1471.99	62.06
0.5668	1519.89	62.06
0.5685	1567.78	62.06
0.5703	1615.65	62.06
0.5719	1663.95	62.06
0.5736	1711.98	62.06
0.5752	1760.18	62.06
0.5767	1808.33	62.06
0.5782	1856.42	62.06
0.5797	1904.75	62.06
0.5811	1953.02	62.06
0.5826	2001.69	62.06
0.584	2050.04	62.06
0.5853	2098.4	62.06
0.5866	2146.97	62.06
0.588	2195.43	62.06
0.5892	2243.87	62.06
0.5905	2292.33	62.06
0.5917	2341.22	62.06
0.593	2389.85	62.06
0.5942	2438.33	62.06
0.5953	2486.99	62.06
0.5965	2535.65	62.06
0.5976	2584.35	62.06
0.5987	2632.91	62.06
0.5998	2681.91	62.06
0.6009	2730.59	62.06
0.602	2779.36	62.06
0.603	2828.12	62.06
0.6041	2876.86	62.06
0.6051	2925.62	62.06
0.6061	2974.65	62.06
0.6071	3023.87	62.06
0.6081	3072.62	62.06
0.6091	3121.43	62.06
0.61	3170.31	62.06
0.611	3219.16	62.06
0.6119	3268.04	62.06
0.6128	3316.94	62.06
0.6137	3366.32	62.06
0.6146	3415.26	62.06
0.6155	3464.13	62.06
0.6164	3513.09	62.06
0.6172	3562.04	62.06
0.6181	3611.03	62.06
0.619	3659.95	62.06
0.6198	3709.36	62.06
0.6206	3758.54	62.06
0.6214	3807.61	62.06
0.6223	3856.39	62.06
0.6231	3905.46	62.06
0.6239	3954.55	62.06
0.6246	4003.72	62.06
0.6254	4053.1	62.06
0.6262	4102.2	62.06
0.627	4151.35	62.06
0.6277	4200.47	62.06
0.6285	4249.48	62.06
0.6292	4298.62	62.06
0.63	4347.73	62.06
0.6307	4397.28	62.06
0.6314	4446.33	62.06
0.6321	4495.48	62.06
0.6328	4544.62	62.06
0.6335	4593.86	62.06
0.6342	4643.06	62.06
0.6349	4692.16	62.06
0.6356	4741.75	62.06
0.6363	4790.98	62.06
0.637	4840.17	62.06
0.6377	4889.33	62.06
0.6383	4938.57	62.06
0.639	4987.79	62.06
0.6396	5037.07	62.06
0.6403	5086.64	62.06
0.6409	5135.92	62.06
0.6416	5185.12	62.06
0.6422	5234.38	62.06
0.6429	5283.56	62.06
0.6435	5332.9	62.06
0.6441	5382.44	62.06
0.6447	5432.12	62.06
0.6453	5481.33	62.06
0.6459	5530.65	62.06
0.6466	5580	62.06
0.6471	5629.31	62.06
0.6477	5678.49	62.06
0.6483	5727.77	62.06
0.6489	5777.45	62.06
0.6495	5826.81	62.06
0.6501	5876.05	62.06
0.6507	5925.45	62.06
0.6512	5974.76	62.06
0.6518	6024.04	62.06
0.6524	6073.39	62.06
0.6529	6123.19	62.06
0.6535	6172.61	62.06
0.6541	6221.97	62.06
0.6546	6271.31	62.06
0.6552	6320.72	62.06
0.6557	6370.02	62.06
0.6562	6419.43	62.06
0.6568	6469.13	62.06
0.6573	6518.4	62.06
0.6579	6567.82	62.06
0.6584	6617.26	62.06
0.6589	6666.57	62.06
0.6595	6715.94	62.06
0.66	6765.35	62.06
0.6605	6815.16	62.06
0.661	6864.28	62.06
0.6615	6913.74	62.06
0.662	6963.25	62.06
0.6625	7012.76	62.06
0.663	7062.11	62.06
0.6636	7111.54	62.06
0.6641	7161.24	62.06
0.6646	7210.73	62.06
0.665	7260.03	62.06
0.6655	7309.39	62.06
0.666	7358.89	62.06
0.6665	7408.34	62.06
0.667	7457.85	62.06
0.6675	7507.47	62.06
0.668	7556.96	62.06
0.6684	7606.42	62.06
0.6689	7655.89	62.06
0.6694	7705.23	62.06
0.6699	7754.73	62.06
0.6703	7804.3	62.06
0.6708	7854.2	62.06
0.6713	7903.55	62.06
0.6717	7953.08	62.06
0.6722	8002.47	62.06
0.6727	8052.03	62.06
0.6731	8101.42	62.06
0.6736	8151.29	62.06
0.674	8200.81	62.06
0.6745	8250.31	62.06
0.6749	8299.66	62.06
0.6754	8349.25	62.06
0.6758	8398.69	62.06
0.6763	8448.31	62.06
0.6767	8498.05	62.06
0.6771	8547.52	62.06
0.6776	8597.22	62.06
0.678	8646.69	62.06
0.6784	8696.14	62.06
0.6789	8745.56	62.06
0.6793	8795.16	62.06
0.6797	8844.98	62.06
0.6802	8894.47	62.06
0.6806	8943.96	62.06
0.681	8993.61	62.06
0.6814	9043	62.06
0.6818	9092.54	62.06
0.6823	9141.98	62.06
0.6826	9181.31	62.06
0.6826	9174.47	62.06
0.6826	9168.58	62.06
0.6825	9163.56	62.06
0.6825	9158.98	62.06
0.6825	9154.85	62.06
