0.17259	1.49758	65.18
0.17649	1.58302	65.18
0.18001	1.66895	65.18
0.18374	1.772	65.18
0.18718	1.8719	65.18
0.1906	1.9726	65.18
0.19428	2.08071	65.18
0.19765	2.19162	65.18
0.20127	2.30992	65.18
0.20458	2.42745	65.18
0.20789	2.55595	65.18
0.21135	2.7024	65.18
0.2145	2.84516	65.18
0.21789	3.00074	65.18
0.221	3.15038	65.18
0.22431	3.31801	65.18
0.22737	3.47813	65.18
0.23038	3.64351	65.18
0.23355	3.83563	65.18
0.23644	4.02322	65.18
0.23956	4.22737	65.18
0.24235	4.42844	65.18
0.24532	4.65531	65.18
0.24804	4.86934	65.18
0.25072	5.08706	65.18
0.25357	5.32945	65.18
0.25618	5.56029	65.18
0.25892	5.82162	65.18
0.26141	6.07382	65.18
0.26386	6.33607	65.18
0.26645	6.62225	65.18
0.26881	6.89077	65.18
0.27133	7.18785	65.18
0.27358	7.48114	65.18
0.27599	7.791	65.18
0.27821	8.09025	65.18
0.28037	8.39466	65.18
0.28264	8.73311	65.18
0.28469	9.05692	65.18
0.28689	9.41623	65.18
0.28888	9.74923	65.18
0.29085	10.0872	65.18
0.29293	10.4571	65.18
0.2948	10.8075	65.18
0.29679	11.1971	65.18
0.29859	11.5657	65.18
0.30049	11.9671	65.18
0.30223	12.3431	65.18
0.30396	12.727	65.18
0.30578	13.1424	65.18
0.30743	13.5331	65.18
0.30917	13.9643	65.18
0.31076	14.3702	65.18
0.31242	14.8112	65.18
0.31395	15.2258	65.18
0.31545	15.6431	65.18
0.31705	16.0968	65.18
0.3185	16.5219	65.18
0.32005	16.9924	65.18
0.32144	17.4311	65.18
0.32281	17.8736	65.18
0.32425	18.3522	65.18
0.32557	18.8	65.18
0.327	19.2874	65.18
0.32829	19.7417	65.18
0.32964	20.2382	65.18
0.33089	20.7044	65.18
0.33211	21.1763	65.18
0.33339	21.6835	65.18
0.33458	22.156	65.18
0.33584	22.6683	65.18
0.33699	23.1457	65.18
0.33812	23.6317	65.18
0.33931	24.1588	65.18
0.34039	24.6467	65.18
0.34156	25.1763	65.18
0.34264	25.6688	65.18
0.34378	26.2103	65.18
0.34481	26.7104	65.18
0.34582	27.2146	65.18
0.34689	27.7605	65.18
0.34787	28.2665	65.18
0.34892	28.8138	65.18
0.34989	29.3266	65.18
0.35084	29.8431	65.18
0.35185	30.4004	65.18
0.35277	30.923	65.18
0.35376	31.4846	65.18
0.35464	32.0098	65.18
0.35559	32.5767	65.18
0.35646	33.1017	65.18
0.35733	33.6291	65.18
0.35825	34.1994	65.18
0.3591	34.7324	65.18
0.35999	35.3113	65.18
0.3608	35.8476	65.18
0.36168	36.4326	65.18
0.36248	36.9717	65.18
0.36328	37.5118	65.18
0.36413	38.0959	65.18
0.3649	38.6384	65.18
0.36572	39.2301	65.18
0.36647	39.7765	65.18
0.36721	40.3278	65.18
0.368	40.9228	65.18
0.36873	41.4683	65.18
0.36952	42.0716	65.18
0.37023	42.6255	65.18
0.37099	43.2233	65.18
0.3717	43.7817	65.18
0.37237	44.3359	65.18
0.3731	44.9375	65.18
0.37378	45.4968	65.18
0.3745	46.1011	65.18
0.37517	46.6652	65.18
0.37585	47.2347	65.18
0.37655	47.8448	65.18
0.37718	48.4115	65.18
0.37787	49.0223	65.18
0.37849	49.5894	65.18
0.37917	50.2041	65.18
0.3798	50.7727	65.18
0.38041	51.3457	65.18
0.38106	51.9627	65.18
0.38165	52.5376	65.18
0.38229	53.164	65.18
0.38289	53.7346	65.18
0.38352	54.3542	65.18
0.3841	54.934	65.18
0.38468	55.5131	65.18
0.38528	56.1347	65.18
0.38584	56.7156	65.18
0.38644	57.3411	65.18
0.38699	57.9201	65.18
0.38755	58.5097	65.18
0.38814	59.1378	65.18
0.38868	59.7212	65.18
0.38925	60.3519	65.18
0.38978	60.937	65.18
0.39036	61.5685	65.18
0.39088	62.1538	65.18
0.39139	62.7418	65.18
0.39194	63.3775	65.18
0.39246	63.9644	65.18
0.393	64.6049	65.18
0.3935	65.1945	65.18
0.394	65.7866	65.18
0.39453	66.4245	65.18
0.39501	67.0186	65.18
0.39554	67.6541	65.18
0.39602	68.2471	65.18
0.39654	68.8882	65.18
0.39702	69.4846	65.18
0.39749	70.0823	65.18
0.398	70.7244	65.18
0.39846	71.3207	65.18
0.39896	71.965	65.18
0.39941	72.5633	65.18
0.39986	73.1623	65.18
0.40035	73.8062	65.18
0.4008	74.4073	65.18
0.40128	75.0516	65.18
0.40173	75.6518	65.18
0.4022	76.3052	65.18
0.40262	76.908	65.18
0.40306	77.511	65.18
0.40352	78.1568	65.18
0.40394	78.7571	65.18
0.4044	79.4089	65.18
0.40483	80.013	65.18
0.40528	80.6655	65.18
0.40569	81.2698	65.18
0.40611	81.8799	65.18
0.40655	82.5315	65.18
0.40696	83.1368	65.18
0.40739	83.7893	65.18
0.4078	84.3953	65.18
0.40819	85.005	65.18
0.40862	85.6633	65.18
0.40903	86.2687	65.18
0.40945	86.9223	65.18
0.40984	87.5314	65.18
0.41025	88.195	65.18
0.41064	88.8045	65.18
0.41102	89.414	65.18
0.41143	90.0707	65.18
0.41181	90.68	65.18
0.41222	91.3383	65.18
0.41259	91.9526	65.18
0.41296	92.5631	65.18
0.41337	93.2223	65.18
0.41374	93.84	65.18
0.41413	94.5001	65.18
0.4145	95.1135	65.18
0.41488	95.7736	65.18
0.41524	96.3878	65.18
0.4156	97.0045	65.18
0.41598	97.6663	65.18
0.41633	98.2827	65.18
0.41671	98.9461	65.18
0.41706	99.5621	65.18
0.41744	100.232	65.18
0.41778	100.846	65.18
0.41812	101.462	65.18
0.41849	102.126	65.18
0.41884	102.744	65.18
0.4192	103.409	65.18
0.41954	104.026	65.18
0.41987	104.643	65.18
0.42024	105.309	65.18
0.42057	105.937	65.18
0.42092	106.602	65.18
0.42125	107.222	65.18
0.4216	107.892	65.18
0.42192	108.51	65.18
0.42225	109.129	65.18
0.4226	109.798	65.18
0.42292	110.42	65.18
0.42326	111.09	65.18
0.42358	111.71	65.18
0.42389	112.338	65.18
0.42423	113.007	65.18
0.42455	113.628	65.18
0.42487	114.299	65.18
0.42519	114.922	65.18
0.42552	115.594	65.18
0.42583	116.216	65.18
0.42613	116.839	65.18
0.42646	117.51	65.18
0.42676	118.131	65.18
0.42708	118.811	65.18
0.42738	119.44	65.18
0.42769	120.063	65.18
0.428	120.735	65.18
0.42829	121.362	65.18
0.42861	122.035	65.18
0.4289	122.658	65.18
0.42921	123.331	65.18
0.4295	123.959	65.18
0.42981	124.59	65.18
0.43011	125.264	65.18
0.43039	125.892	65.18
0.4307	126.565	65.18
0.43098	127.19	65.18
0.43129	127.867	65.18
0.43158	128.493	65.18
0.43185	129.12	65.18
0.43215	129.797	65.18
0.43243	130.427	65.18
0.43273	131.111	65.18
0.433	131.737	65.18
0.43327	132.365	65.18
0.43357	133.041	65.18
0.43384	133.672	65.18
0.43414	134.348	65.18
0.43441	134.977	65.18
0.4347	135.655	65.18
0.43496	136.285	65.18
0.43523	136.923	65.18
0.5046	543.402	65.18
0.5089	588.173	65.18
0.513	633.239	65.18
0.5168	679.019	65.18
0.5204	724.665	65.18
0.5247	769.541	65.18
0.5279	815.702	65.18
0.5309	862.037	65.18
0.5338	908.596	65.18
0.5365	955.4	65.18
0.5392	1002.58	65.18
0.5417	1049.54	65.18
0.5441	1096.6	65.18
0.5465	1143.8	65.18
0.5487	1191.17	65.18
0.5509	1238.51	65.18
0.553	1285.97	65.18
0.555	1334.03	65.18
0.557	1381.66	65.18
0.5589	1429.34	65.18
0.5608	1477.14	65.18
0.5626	1524.94	65.18
0.5643	1572.86	65.18
0.566	1620.75	65.18
0.5677	1669.06	65.18
0.5693	1717.1	65.18
0.5709	1765.28	65.18
0.5725	1813.41	65.18
0.574	1861.56	65.18
0.5755	1909.82	65.18
0.5769	1958.15	65.18
0.5783	2006.82	65.18
0.5797	2055.08	65.18
0.5811	2103.47	65.18
0.5824	2152.02	65.18
0.5837	2200.45	65.18
0.585	2248.93	65.18
0.5863	2297.42	65.18
0.5875	2346.3	65.18
0.5887	2394.86	65.18
0.5899	2443.35	65.18
0.5911	2492.05	65.18
0.5923	2540.69	65.18
0.5934	2589.36	65.18
0.5945	2637.94	65.18
0.5956	2687.07	65.18
0.5967	2735.75	65.18
0.5978	2784.37	65.18
0.5989	2833.15	65.18
0.5999	2881.8	65.18
0.6009	2930.58	65.18
0.6019	2979.59	65.18
0.6029	3028.85	65.18
0.6039	3077.57	65.18
0.6049	3126.35	65.18
0.6059	3175.28	65.18
0.6068	3224.14	65.18
0.6077	3273	65.18
0.6087	3321.91	65.18
0.6096	3371.26	65.18
0.6105	3420.18	65.18
0.6114	3469.04	65.18
0.6122	3517.97	65.18
0.6131	3566.92	65.18
0.614	3616.01	65.18
0.6148	3664.87	65.18
0.6157	3714.31	65.18
0.6165	3763.45	65.18
0.6173	3812.52	65.18
0.6181	3861.3	65.18
0.619	3910.33	65.18
0.6198	3959.48	65.18
0.6205	4008.57	65.18
0.6213	4057.96	65.18
0.6221	4107.06	65.18
0.6229	4156.24	65.18
0.6236	4205.31	65.18
0.6244	4254.35	65.18
0.6252	4303.5	65.18
0.6259	4352.57	65.18
0.6266	4402.14	65.18
0.6274	4451.21	65.18
0.6281	4500.38	65.18
0.6288	4549.67	65.18
0.6295	4598.86	65.18
0.6302	4647.94	65.18
0.6309	4697.1	65.18
0.6316	4746.68	65.18
0.6323	4795.8	65.18
0.633	4845.01	65.18
0.6336	4894.11	65.18
0.6343	4943.35	65.18
0.635	4992.56	65.18
0.6356	5041.86	65.18
0.6363	5091.42	65.18
0.6369	5140.66	65.18
0.6376	5189.86	65.18
0.6382	5239.16	65.18
0.6389	5288.33	65.18
0.6395	5337.65	65.18
0.6401	5387.21	65.18
0.6407	5436.86	65.18
0.6414	5486.08	65.18
0.642	5535.37	65.18
0.6426	5584.69	65.18
0.6432	5634.02	65.18
0.6438	5683.21	65.18
0.6444	5732.49	65.18
0.645	5782.2	65.18
0.6456	5831.52	65.18
0.6462	5880.82	65.18
0.6468	5930.07	65.18
0.6473	5979.46	65.18
0.6479	6028.75	65.18
0.6485	6078.05	65.18
0.6491	6127.74	65.18
0.6496	6177.25	65.18
0.6502	6226.7	65.18
0.6507	6275.9	65.18
0.6513	6325.29	65.18
0.6518	6374.72	65.18
0.6524	6424.05	65.18
0.6529	6473.66	65.18
0.6535	6523	65.18
0.654	6572.49	65.18
0.6545	6621.81	65.18
0.6551	6671.15	65.18
0.6556	6720.6	65.18
0.6561	6769.88	65.18
0.6567	6819.73	65.18
0.6572	6868.79	65.18
0.6577	6918.32	65.18
0.6582	6967.76	65.18
0.6587	7017.17	65.18
0.6592	7066.62	65.18
0.6597	7116.01	65.18
0.6603	7165.8	65.18
0.6608	7215.23	65.18
0.6613	7264.63	65.18
0.6617	7314.02	65.18
0.6622	7363.51	65.18
0.6627	7412.88	65.18
0.6632	7462.37	65.18
0.6637	7512	65.18
0.6642	7561.45	65.18
0.6647	7610.86	65.18
0.6652	7660.41	65.18
0.6656	7709.71	65.18
0.6661	7759.19	65.18
0.6666	7808.76	65.18
0.6671	7858.69	65.18
0.6675	7907.99	65.18
0.668	7957.53	65.18
0.6685	8006.88	65.18
0.6689	8056.45	65.18
0.6694	8105.85	65.18
0.6699	8155.76	65.18
0.6703	8205.19	65.18
0.6708	8254.8	65.18
0.6712	8304.07	65.18
0.6717	8353.67	65.18
0.6721	8403.09	65.18
0.6726	8452.67	65.18
0.673	8502.4	65.18
0.6735	8551.97	65.18
0.6739	8601.5	65.18
0.6743	8651.12	65.18
0.6748	8700.48	65.18
0.6752	8750.01	65.18
0.6757	8799.44	65.18
0.6761	8849.31	65.18
0.6765	8898.82	65.18
0.677	8948.32	65.18
0.6774	8997.84	65.18
0.6778	9047.36	65.18
0.6782	9096.81	65.18
0.6787	9146.33	65.18
0.6789	9169.41	65.18
0.6788	9162.78	65.18
0.6788	9157.2	65.18
0.6788	9152.21	65.18
0.6788	9147.78	65.18
0.6788	9143.7	65.18
