0.00983	0.04082	18.63
0.01602	0.04919	18.63
0.02223	0.0579	18.63
0.02874	0.06825	18.63
0.0349	0.08315	18.63
0.041	0.10264	18.63
0.04715	0.12125	18.63
0.0533	0.13618	18.63
0.05947	0.14535	18.63
0.06601	0.15458	18.63
0.07217	0.1666	18.63
0.07831	0.18224	18.63
0.08444	0.20267	18.63
0.09055	0.22238	18.63
0.0967	0.23706	18.63
0.10321	0.24856	18.63
0.10939	0.25757	18.63
0.11556	0.27071	18.63
0.12167	0.28992	18.63
0.12784	0.30316	18.63
0.13397	0.32309	18.63
0.14041	0.34677	18.63
0.14652	0.36963	18.63
0.15263	0.3877	18.63
0.15876	0.40185	18.63
0.16493	0.41512	18.63
0.17106	0.43363	18.63
0.17717	0.45831	18.63
0.18359	0.48778	18.63
0.18964	0.51533	18.63
0.19573	0.54011	18.63
0.20182	0.56547	18.63
0.20786	0.59578	18.63
0.21393	0.62351	18.63
0.22032	0.65259	18.63
0.22637	0.68273	18.63
0.23237	0.72121	18.63
0.23831	0.76717	18.63
0.24427	0.81642	18.63
0.25019	0.86725	18.63
0.25638	0.91865	18.63
0.26234	0.97144	18.63
0.26819	1.02987	18.63
0.27398	1.09992	18.63
0.27973	1.18005	18.63
0.2854	1.26756	18.63
0.29132	1.36484	18.63
0.29698	1.46229	18.63
0.30252	1.56728	18.63
0.308	1.68379	18.63
0.31338	1.81916	18.63
0.31866	1.9683	18.63
0.32412	2.1393	18.63
0.32926	2.3145	18.63
0.33429	2.50069	18.63
0.33923	2.70137	18.63
0.34405	2.92191	18.63
0.34874	3.16451	18.63
0.3535	3.44044	18.63
0.3579	3.7235	18.63
0.36224	4.02755	18.63
0.36643	4.34352	18.63
0.37049	4.68129	18.63
0.37444	5.04142	18.63
0.37824	5.42705	18.63
0.38207	5.85396	18.63
0.38562	6.28524	18.63
0.38903	6.73065	18.63
0.39235	7.19272	18.63
0.39555	7.67655	18.63
0.39864	8.18096	18.63
0.40173	8.73591	18.63
0.40459	9.28122	18.63
0.40737	9.83929	18.63
0.41005	10.4122	18.63
0.41263	11.0013	18.63
0.41514	11.6076	18.63
0.41766	12.2637	18.63
0.41998	12.9018	18.63
0.42225	13.5552	18.63
0.42443	14.2167	18.63
0.42656	14.8876	18.63
0.42862	15.5714	18.63
0.43072	16.3034	18.63
0.43263	17.0132	18.63
0.43452	17.7331	18.63
0.43635	18.4598	18.63
0.43812	19.1996	18.63
0.43983	19.9457	18.63
0.44158	20.7366	18.63
0.44323	21.4963	18.63
0.44483	22.2687	18.63
0.44638	23.042	18.63
0.4479	23.8231	18.63
0.44936	24.6121	18.63
0.45088	25.4492	18.63
0.45226	26.252	18.63
0.45363	27.0591	18.63
0.45498	27.8742	18.63
0.45628	28.689	18.63
0.45756	29.5092	18.63
0.45881	30.3328	18.63
0.46009	31.2075	18.63
0.46128	32.0452	18.63
0.46246	32.8921	18.63
0.46361	33.7339	18.63
0.46473	34.5812	18.63
0.46584	35.4334	18.63
0.46698	36.3322	18.63
0.46804	37.191	18.63
0.46908	38.0637	18.63
0.47009	38.9278	18.63
0.4711	39.7951	18.63
0.47209	40.6642	18.63
0.4731	41.5876	18.63
0.47405	42.4631	18.63
0.47498	43.3451	18.63
0.47591	44.2356	18.63
0.4768	45.1213	18.63
0.4777	46.0075	18.63
0.47861	46.9447	18.63
0.47947	47.8375	18.63
0.48032	48.7328	18.63
0.48115	49.6371	18.63
0.48197	50.5385	18.63
0.48277	51.4397	18.63
0.4836	52.3895	18.63
0.48439	53.2959	18.63
0.48517	54.2035	18.63
0.48592	55.1209	18.63
0.48666	56.0335	18.63
0.4874	56.947	18.63
0.48818	57.9065	18.63
0.48889	58.8237	18.63
0.4896	59.7423	18.63
0.4903	60.6615	18.63
0.49099	61.591	18.63
0.49167	62.5128	18.63
0.49235	63.4402	18.63
0.49304	64.414	18.63
0.49369	65.3404	18.63
0.49434	66.2682	18.63
0.49498	67.2046	18.63
0.49561	68.1361	18.63
0.49624	69.0679	18.63
0.49688	70.0515	18.63
0.49748	70.9881	18.63
0.49809	71.9237	18.63
0.49868	72.8682	18.63
0.49927	73.8064	18.63
0.49985	74.7499	18.63
0.50045	75.7366	18.63
0.50101	76.6762	18.63
0.50157	77.6187	18.63
0.50212	78.5627	18.63
0.50268	79.5132	18.63
0.50323	80.4609	18.63
0.50379	81.457	18.63
0.50432	82.4053	18.63
0.50485	83.3533	18.63
0.50537	84.3029	18.63
0.50588	85.2595	18.63
0.5064	86.2138	18.63
0.50693	87.2134	18.63
0.50742	88.1678	18.63
0.50792	89.1235	18.63
0.50841	90.077	18.63
0.50891	91.0318	18.63
0.50939	91.9962	18.63
0.5099	93.0014	18.63
0.51037	93.9609	18.63
0.51083	94.9226	18.63
0.51129	95.8796	18.63
0.51175	96.8432	18.63
0.5122	97.8098	18.63
0.51266	98.771	18.63
0.51314	99.7802	18.63
0.51357	100.746	18.63
0.514	101.709	18.63
0.51444	102.674	18.63
0.51488	103.645	18.63
0.5153	104.613	18.63
0.51575	105.627	18.63
0.51617	106.595	18.63
0.51658	107.561	18.63
0.51699	108.531	18.63
0.5174	109.498	18.63
0.51781	110.476	18.63
0.51823	111.496	18.63
0.51863	112.465	18.63
0.51903	113.436	18.63
0.51942	114.407	18.63
0.51981	115.378	18.63
0.52019	116.358	18.63
0.5206	117.381	18.63
0.52098	118.353	18.63
0.52136	119.332	18.63
0.52174	120.305	18.63
0.52212	121.28	18.63
0.52248	122.262	18.63
0.5457	193.322	18.63
0.5546	232.557	18.63
0.5624	273.583	18.63
0.5693	315.177	18.63
0.5754	357.792	18.63
0.581	401.124	18.63
0.586	444.937	18.63
0.5907	489.327	18.63
0.595	534.392	18.63
0.599	579.936	18.63
0.6027	625.468	18.63
0.6062	671.279	18.63
0.6095	717.33	18.63
0.6125	763.617	18.63
0.6154	810.135	18.63
0.6182	856.801	18.63
0.6209	904.015	18.63
0.6234	951.043	18.63
0.6258	998.218	18.63
0.6281	1045.38	18.63
0.6302	1092.71	18.63
0.6324	1140.18	18.63
0.6344	1187.78	18.63
0.6364	1235.72	18.63
0.6383	1283.48	18.63
0.6401	1331.41	18.63
0.6419	1379.37	18.63
0.6436	1427.28	18.63
0.6452	1475.16	18.63
0.6468	1523.25	18.63
0.6484	1571.73	18.63
0.6499	1619.97	18.63
0.6514	1668.11	18.63
0.6528	1716.38	18.63
0.6543	1764.79	18.63
0.6556	1813.11	18.63
0.657	1861.57	18.63
0.6583	1910.39	18.63
0.6595	1958.85	18.63
0.6608	2007.35	18.63
0.662	2055.87	18.63
0.6632	2104.45	18.63
0.6644	2153.24	18.63
0.6655	2201.84	18.63
0.6666	2250.87	18.63
0.6677	2299.6	18.63
0.6688	2348.28	18.63
0.6699	2397.07	18.63
0.6709	2445.76	18.63
0.6719	2494.62	18.63
0.6729	2543.43	18.63
0.6739	2592.65	18.63
0.6749	2641.44	18.63
0.6758	2690.36	18.63
0.6768	2739.24	18.63
0.6777	2788.17	18.63
0.6786	2837.03	18.63
0.6795	2886.06	18.63
0.6804	2935.35	18.63
0.6812	2984.35	18.63
0.6821	3033.37	18.63
0.6829	3082.26	18.63
0.6837	3131.31	18.63
0.6846	3180.35	18.63
0.6854	3229.4	18.63
0.6862	3278.82	18.63
0.6869	3327.85	18.63
0.6877	3377.01	18.63
0.6885	3426.08	18.63
0.6893	3475.12	18.63
0.69	3524.28	18.63
0.6907	3573.38	18.63
0.6915	3622.93	18.63
0.6922	3672.03	18.63
0.6929	3721.18	18.63
0.6936	3770.41	18.63
0.6943	3819.62	18.63
0.695	3868.72	18.63
0.6957	3917.98	18.63
0.6963	3967.55	18.63
0.697	4016.77	18.63
0.6977	4065.94	18.63
0.6983	4115.17	18.63
0.699	4164.46	18.63
0.6996	4213.75	18.63
0.7002	4262.9	18.63
0.7008	4312.51	18.63
0.7015	4361.83	18.63
0.7021	4411.15	18.63
0.7027	4460.34	18.63
0.7033	4509.59	18.63
0.7039	4559.1	18.63
0.7045	4608.43	18.63
0.7051	4658.03	18.63
0.7056	4707.38	18.63
0.7062	4756.7	18.63
0.7068	4806.02	18.63
0.7074	4855.34	18.63
0.7079	4904.67	18.63
0.7085	4954.06	18.63
0.709	5003.85	18.63
0.7096	5053.11	18.63
0.7101	5102.46	18.63
0.7107	5151.87	18.63
0.7112	5201.28	18.63
0.7117	5250.61	18.63
0.7122	5300.11	18.63
0.7128	5349.91	18.63
0.7133	5399.38	18.63
0.7138	5448.81	18.63
0.7143	5498.17	18.63
0.7148	5547.61	18.63
0.7153	5597.06	18.63
0.7158	5646.43	18.63
0.7163	5696.16	18.63
0.7168	5745.6	18.63
0.7173	5795.11	18.63
0.7177	5844.55	18.63
0.7182	5893.89	18.63
0.7187	5943.37	18.63
0.7192	5992.91	18.63
0.7196	6042.69	18.63
0.7201	6092.1	18.63
0.7206	6141.57	18.63
0.721	6191.14	18.63
0.7215	6240.69	18.63
0.7219	6290.09	18.63
0.7224	6339.6	18.63
0.7228	6389.43	18.63
0.7233	6438.91	18.63
0.7237	6488.33	18.63
0.7242	6537.91	18.63
0.7246	6587.38	18.63
0.7251	6636.87	18.63
0.7255	6686.3	18.63
0.7259	6736.3	18.63
0.7263	6785.49	18.63
0.7268	6835.01	18.63
0.7272	6884.42	18.63
0.7276	6934.01	18.63
0.728	6983.64	18.63
0.7284	7033.24	18.63
0.7289	7083.07	18.63
0.7293	7132.62	18.63
0.7297	7182.18	18.63
0.7301	7231.64	18.63
0.7305	7281.17	18.63
0.7309	7330.73	18.63
0.7313	7380.32	18.63
0.7317	7430.17	18.63
0.7321	7479.77	18.63
0.7324	7529.21	18.63
0.7328	7578.87	18.63
0.7332	7628.33	18.63
0.7336	7677.88	18.63
0.734	7727.44	18.63
0.7344	7777.51	18.63
0.7348	7827.21	18.63
0.7351	7876.59	18.63
0.7355	7926.25	18.63
0.7359	7975.73	18.63
0.7363	8025.36	18.63
0.7366	8075.24	18.63
0.737	8124.81	18.63
0.7374	8174.53	18.63
0.7377	8224	18.63
0.7381	8273.67	18.63
0.7385	8323.19	18.63
0.7388	8372.85	18.63
0.7392	8422.81	18.63
0.7395	8472.26	18.63
0.7399	8521.98	18.63
0.7402	8571.65	18.63
0.7406	8621.28	18.63
0.741	8670.74	18.63
0.7413	8720.35	18.63
0.7417	8770.37	18.63
0.742	8819.89	18.63
0.7423	8869.52	18.63
0.7427	8919.08	18.63
0.743	8968.69	18.63
0.7434	9018.31	18.63
0.7437	9067.88	18.63
0.744	9117.94	18.63
0.7444	9167.47	18.63
0.7445	9187.12	18.63
0.7444	9180.32	18.63
0.7444	9175.01	18.63
0.7443	9170.22	18.63
