0.00989	0.02822	25.75
0.0142	0.04098	25.75
0.01818	0.05508	25.75
0.02217	0.06898	25.75
0.02649	0.07938	25.75
0.03052	0.08326	25.75
0.03486	0.08778	25.75
0.03887	0.09391	25.75
0.04287	0.10337	25.75
0.04717	0.11776	25.75
0.05113	0.13232	25.75
0.05543	0.14558	25.75
0.05943	0.15367	25.75
0.0638	0.15809	25.75
0.06783	0.16262	25.75
0.07183	0.17211	25.75
0.0761	0.18671	25.75
0.08006	0.2022	25.75
0.08436	0.21579	25.75
0.08835	0.2243	25.75
0.09238	0.22914	25.75
0.09671	0.23482	25.75
0.10066	0.25074	25.75
0.10497	0.26813	25.75
0.10896	0.28079	25.75
0.11327	0.28973	25.75
0.11728	0.29481	25.75
0.12129	0.30277	25.75
0.12559	0.3153	25.75
0.12954	0.33309	25.75
0.1338	0.35273	25.75
0.13775	0.36659	25.75
0.14209	0.37845	25.75
0.1461	0.38562	25.75
0.15002	0.40551	25.75
0.15433	0.41398	25.75
0.15831	0.42447	25.75
0.16259	0.44138	25.75
0.16653	0.46198	25.75
0.17045	0.48427	25.75
0.17469	0.50382	25.75
0.17866	0.51811	25.75
0.18299	0.53272	25.75
0.18694	0.5473	25.75
0.19118	0.56856	25.75
0.19508	0.59528	25.75
0.19896	0.62278	25.75
0.20317	0.64857	25.75
0.20709	0.66974	25.75
0.21133	0.69115	25.75
0.21523	0.7137	25.75
0.21914	0.74244	25.75
0.22329	0.77938	25.75
0.2271	0.81654	25.75
0.23124	0.85254	25.75
0.23508	0.88416	25.75
0.23923	0.91826	25.75
0.24308	0.9537	25.75
0.24684	1.00056	25.75
0.25093	1.04334	25.75
0.25469	1.08973	25.75
0.25874	1.14688	25.75
0.26243	1.20501	25.75
0.2664	1.26798	25.75
0.27007	1.32541	25.75
0.27375	1.3836	25.75
0.27769	1.45078	25.75
0.2813	1.52184	25.75
0.28513	1.60648	25.75
0.28864	1.69266	25.75
0.29216	1.78226	25.75
0.29591	1.87781	25.75
0.29937	1.96818	25.75
0.30306	2.07317	25.75
0.30642	2.18009	25.75
0.31	2.30342	25.75
0.31326	2.4296	25.75
0.31648	2.56075	25.75
0.31991	2.70421	25.75
0.32307	2.84295	25.75
0.32648	2.99921	25.75
0.32953	3.15273	25.75
0.33253	3.31825	25.75
0.33569	3.50762	25.75
0.33855	3.69053	25.75
0.34163	3.89599	25.75
0.34444	4.08998	25.75
0.34738	4.31416	25.75
0.35007	4.52693	25.75
0.35274	4.74871	25.75
0.35553	4.99484	25.75
0.35805	5.23766	25.75
0.3607	5.50938	25.75
0.36309	5.77143	25.75
0.36562	6.06047	25.75
0.36794	6.33391	25.75
0.37021	6.61494	25.75
0.3726	6.9284	25.75
0.37476	7.23004	25.75
0.37706	7.57399	25.75
0.37909	7.89553	25.75
0.3811	8.22187	25.75
0.38323	8.57726	25.75
0.38516	8.91641	25.75
0.38719	9.29229	25.75
0.38903	9.64968	25.75
0.39095	10.0446	25.75
0.39269	10.42	25.75
0.39442	10.8009	25.75
0.39622	11.2129	25.75
0.39788	11.6021	25.75
0.39962	12.0284	25.75
0.40119	12.4325	25.75
0.40272	12.8427	25.75
0.40433	13.2948	25.75
0.40579	13.7168	25.75
0.40735	14.1773	25.75
0.40876	14.6074	25.75
0.41028	15.0809	25.75
0.41164	15.5226	25.75
0.41297	15.9708	25.75
0.41436	16.4605	25.75
0.41563	16.9159	25.75
0.41696	17.4131	25.75
0.4182	17.8774	25.75
0.41942	18.3439	25.75
0.42069	18.8559	25.75
0.42186	19.3372	25.75
0.42308	19.8563	25.75
0.42419	20.3419	25.75
0.42536	20.8687	25.75
0.42646	21.3565	25.75
0.42752	21.8486	25.75
0.42865	22.3856	25.75
0.42967	22.8867	25.75
0.43076	23.4316	25.75
0.43173	23.9385	25.75
0.43279	24.4927	25.75
0.43375	25.0042	25.75
0.4347	25.5182	25.75
0.4357	26.072	25.75
0.43661	26.5938	25.75
0.43757	27.1584	25.75
0.43846	27.6857	25.75
0.43933	28.2128	25.75
0.44025	28.7803	25.75
0.4411	29.3106	25.75
0.44201	29.8933	25.75
0.44285	30.4301	25.75
0.44371	31.0101	25.75
0.44451	31.5503	25.75
0.44529	32.0861	25.75
0.44612	32.6718	25.75
0.4469	33.2167	25.75
0.4477	33.8073	25.75
0.44845	34.3569	25.75
0.44919	34.9128	25.75
0.44996	35.5087	25.75
0.45069	36.0613	25.75
0.45146	36.6573	25.75
0.45215	37.2146	25.75
0.45289	37.8187	25.75
0.45356	38.3793	25.75
0.45423	38.941	25.75
0.45495	39.5465	25.75
0.45561	40.108	25.75
0.45631	40.7252	25.75
0.45695	41.2945	25.75
0.45763	41.9047	25.75
0.45826	42.472	25.75
0.45888	43.0424	25.75
0.45954	43.6604	25.75
0.46014	44.2331	25.75
0.46078	44.8525	25.75
0.46137	45.426	25.75
0.46196	46.0068	25.75
0.46258	46.6287	25.75
0.46316	47.2065	25.75
0.46377	47.831	25.75
0.46433	48.4116	25.75
0.46492	49.0389	25.75
0.46546	49.6215	25.75
0.46601	50.2038	25.75
0.46658	50.8311	25.75
0.46712	51.4162	25.75
0.4677	52.0561	25.75
0.46822	52.642	25.75
0.46872	53.2324	25.75
0.46927	53.8643	25.75
0.46978	54.4543	25.75
0.47031	55.0903	25.75
0.47081	55.6795	25.75
0.47135	56.3167	25.75
0.47184	56.9114	25.75
0.47232	57.5101	25.75
0.47283	58.1507	25.75
0.4733	58.745	25.75
0.4738	59.386	25.75
0.47428	59.9808	25.75
0.47474	60.5795	25.75
0.47522	61.226	25.75
0.47569	61.8225	25.75
0.47617	62.4669	25.75
0.4766	63.067	25.75
0.47709	63.7207	25.75
0.47753	64.3201	25.75
0.47797	64.9239	25.75
0.47842	65.5717	25.75
0.47884	66.174	25.75
0.4793	66.8246	25.75
0.47972	67.4272	25.75
0.48017	68.0783	25.75
0.48059	68.6831	25.75
0.481	69.2959	25.75
0.48144	69.9504	25.75
0.48183	70.5565	25.75
0.48226	71.2089	25.75
0.48266	71.816	25.75
0.48305	72.4258	25.75
0.48347	73.0806	25.75
0.48386	73.6911	25.75
0.48428	74.3486	25.75
0.48466	74.9583	25.75
0.48507	75.6246	25.75
0.48544	76.2351	25.75
0.48581	76.8459	25.75
0.48621	77.5051	25.75
0.48658	78.1167	25.75
0.48697	78.7742	25.75
0.48733	79.3893	25.75
0.48769	80.0049	25.75
0.48808	80.6666	25.75
0.48844	81.2868	25.75
0.48882	81.9477	25.75
0.48917	82.5646	25.75
0.48954	83.228	25.75
0.48988	83.8445	25.75
0.49022	84.4626	25.75
0.49059	85.1256	25.75
0.49093	85.7441	25.75
0.49129	86.4102	25.75
0.49162	87.0292	25.75
0.49199	87.7029	25.75
0.49232	88.3214	25.75
0.49264	88.9398	25.75
0.49299	89.6077	25.75
0.49331	90.2253	25.75
0.49366	90.8946	25.75
0.49398	91.5171	25.75
0.4943	92.1387	25.75
0.49463	92.8075	25.75
0.49495	93.4362	25.75
0.49528	94.1037	25.75
0.49559	94.7275	25.75
0.49593	95.3975	25.75
0.49624	96.0216	25.75
0.49654	96.6466	25.75
0.49686	97.32	25.75
0.49716	97.944	25.75
0.49748	98.6161	25.75
0.49777	99.2399	25.75
0.49806	99.8717	25.75
0.49839	100.545	25.75
0.49868	101.169	25.75
0.49899	101.844	25.75
0.49927	102.473	25.75
0.49958	103.147	25.75
0.49986	103.772	25.75
0.50014	104.4	25.75
0.50045	105.074	25.75
0.50074	105.7	25.75
0.50103	106.385	25.75
0.5013	107.011	25.75
0.50158	107.638	25.75
0.50187	108.319	25.75
0.50214	108.951	25.75
0.50244	109.627	25.75
0.5027	110.255	25.75
0.50298	110.933	25.75
0.50326	111.563	25.75
0.50352	112.198	25.75
0.5038	112.878	25.75
0.50407	113.511	25.75
0.50435	114.188	25.75
0.50461	114.819	25.75
0.50489	115.497	25.75
0.50514	116.128	25.75
0.5054	116.76	25.75
0.50567	117.442	25.75
0.50592	118.073	25.75
0.50619	118.762	25.75
0.50643	119.396	25.75
0.50668	120.028	25.75
0.50695	120.707	25.75
0.5072	121.343	25.75
0.50746	122.025	25.75
0.50771	122.66	25.75
0.50796	123.342	25.75
0.50821	123.975	25.75
0.50844	124.618	25.75
0.5346	206.715	25.75
0.5431	246.362	25.75
0.5507	287.637	25.75
0.5574	329.614	25.75
0.5634	372.361	25.75
0.5688	415.746	25.75
0.5738	459.698	25.75
0.5784	504.139	25.75
0.5826	549.214	25.75
0.5866	594.791	25.75
0.5903	640.319	25.75
0.5938	686.165	25.75
0.597	732.28	25.75
0.6001	778.605	25.75
0.603	825.032	25.75
0.6058	871.718	25.75
0.6085	918.92	25.75
0.611	965.899	25.75
0.6134	1013.02	25.75
0.6157	1060.23	25.75
0.6179	1107.58	25.75
0.62	1155.06	25.75
0.6221	1202.57	25.75
0.6241	1250.48	25.75
0.626	1298.21	25.75
0.6278	1346.12	25.75
0.6296	1394.02	25.75
0.6313	1441.96	25.75
0.633	1489.94	25.75
0.6346	1537.96	25.75
0.6362	1586.39	25.75
0.6378	1634.57	25.75
0.6393	1682.78	25.75
0.6408	1731.01	25.75
0.6422	1779.36	25.75
0.6436	1827.6	25.75
0.6449	1875.97	25.75
0.6463	1924.78	25.75
0.6476	1973.24	25.75
0.6488	2021.69	25.75
0.6501	2070.18	25.75
0.6513	2118.78	25.75
0.6525	2167.51	25.75
0.6536	2216.1	25.75
0.6548	2265.05	25.75
0.6559	2313.76	25.75
0.657	2362.5	25.75
0.6581	2411.24	25.75
0.6592	2459.91	25.75
0.6602	2508.7	25.75
0.6612	2557.48	25.75
0.6622	2606.67	25.75
0.6632	2655.38	25.75
0.6642	2704.3	25.75
0.6651	2753.19	25.75
0.6661	2802.07	25.75
0.667	2850.88	25.75
0.6679	2899.92	25.75
0.6688	2949.38	25.75
0.6697	2998.31	25.75
0.6706	3047.13	25.75
0.6714	3096.15	25.75
0.6723	3145.19	25.75
0.6731	3194.19	25.75
0.674	3243.16	25.75
0.6748	3292.56	25.75
0.6756	3341.68	25.75
0.6764	3390.73	25.75
0.6772	3439.71	25.75
0.6779	3488.77	25.75
0.6787	3537.82	25.75
0.6795	3586.92	25.75
0.6802	3636.43	25.75
0.6809	3685.46	25.75
0.6817	3734.64	25.75
0.6824	3783.77	25.75
0.6831	3833.03	25.75
0.6838	3882.11	25.75
0.6845	3931.31	25.75
0.6852	3980.86	25.75
0.6859	4030.08	25.75
0.6866	4079.26	25.75
0.6872	4128.51	25.75
0.6879	4177.72	25.75
0.6886	4226.92	25.75
0.6892	4276.19	25.75
0.6898	4325.8	25.75
0.6905	4375.05	25.75
0.6911	4424.29	25.75
0.6917	4473.51	25.75
0.6924	4522.74	25.75
0.693	4572.21	25.75
0.6936	4621.49	25.75
0.6942	4671.07	25.75
0.6948	4720.38	25.75
0.6954	4769.65	25.75
0.696	4819.02	25.75
0.6965	4868.27	25.75
0.6971	4917.63	25.75
0.6977	4966.99	25.75
0.6983	5016.74	25.75
0.6988	5065.99	25.75
0.6994	5115.37	25.75
0.6999	5164.69	25.75
0.7005	5214.12	25.75
0.701	5263.44	25.75
0.7016	5312.9	25.75
0.7021	5362.81	25.75
0.7026	5412.22	25.75
0.7031	5461.56	25.75
0.7037	5510.96	25.75
0.7042	5560.41	25.75
0.7047	5609.77	25.75
0.7052	5659.16	25.75
0.7057	5708.94	25.75
0.7062	5758.35	25.75
0.7067	5807.76	25.75
0.7072	5857.18	25.75
0.7077	5906.62	25.75
0.7082	5956.06	25.75
0.7087	6005.51	25.75
0.7092	6055.18	25.75
0.7097	6104.68	25.75
0.7102	6154.03	25.75
0.7106	6203.61	25.75
0.7111	6253.1	25.75
0.7116	6302.53	25.75
0.712	6352	25.75
0.7125	6401.82	25.75
0.713	6451.27	25.75
0.7134	6500.68	25.75
0.7139	6550.21	25.75
0.7143	6599.65	25.75
0.7148	6649.13	25.75
0.7152	6698.66	25.75
0.7157	6748.57	25.75
0.7161	6797.7	25.75
0.7166	6847.23	25.75
0.717	6896.72	25.75
0.7174	6946.22	25.75
0.7179	6995.89	25.75
0.7183	7045.4	25.75
0.7187	7095.18	25.75
0.7191	7144.86	25.75
0.7196	7194.24	25.75
0.72	7243.81	25.75
0.7204	7293.2	25.75
0.7208	7342.84	25.75
0.7212	7392.32	25.75
0.7216	7442.26	25.75
0.722	7491.69	25.75
0.7224	7541.24	25.75
0.7228	7590.75	25.75
0.7232	7640.36	25.75
0.7236	7689.8	25.75
0.724	7739.37	25.75
0.7244	7789.52	25.75
0.7248	7838.95	25.75
0.7252	7888.51	25.75
0.7256	7938	25.75
0.726	7987.62	25.75
0.7264	8037.13	25.75
0.7268	8087.02	25.75
0.7272	8136.67	25.75
0.7275	8186.15	25.75
0.7279	8235.85	25.75
0.7283	8285.29	25.75
0.7287	8334.98	25.75
0.729	8384.52	25.75
0.7294	8434.43	25.75
0.7298	8483.96	25.75
0.7302	8533.57	25.75
0.7305	8583.38	25.75
0.7309	8632.88	25.75
0.7312	8682.47	25.75
0.7316	8731.97	25.75
0.732	8781.94	25.75
0.7323	8831.67	25.75
0.7327	8881.05	25.75
0.733	8930.76	25.75
0.7334	8980.35	25.75
0.7337	9029.95	25.75
0.7341	9079.49	25.75
0.7344	9129.45	25.75
0.7348	9175.69	25.75
0.7347	9169.76	25.75
0.7347	9163.98	25.75
0.7346	9158.94	25.75
0.7346	9154.46	25.75
