0.00988	0.03019	30.94
0.01421	0.03939	30.94
0.01819	0.05213	30.94
0.02218	0.06736	30.94
0.02648	0.0803	30.94
0.03049	0.08855	30.94
0.03482	0.09334	30.94
0.03884	0.09662	30.94
0.04284	0.10566	30.94
0.04715	0.12057	30.94
0.05112	0.13515	30.94
0.0554	0.14933	30.94
0.0594	0.15687	30.94
0.06377	0.16238	30.94
0.0678	0.16744	30.94
0.07179	0.17734	30.94
0.07605	0.19341	30.94
0.08001	0.20908	30.94
0.0843	0.2229	30.94
0.0883	0.23111	30.94
0.09232	0.23626	30.94
0.09665	0.24401	30.94
0.10062	0.25509	30.94
0.10494	0.27344	30.94
0.10888	0.29302	30.94
0.11318	0.30429	30.94
0.11719	0.31029	30.94
0.12118	0.31843	30.94
0.12548	0.33229	30.94
0.12943	0.35102	30.94
0.13368	0.37185	30.94
0.13762	0.38824	30.94
0.14194	0.40191	30.94
0.14593	0.41057	30.94
0.14991	0.4218	30.94
0.15417	0.43927	30.94
0.15809	0.46112	30.94
0.16237	0.47599	30.94
0.16631	0.49546	30.94
0.17021	0.52081	30.94
0.17443	0.54601	30.94
0.17836	0.5659	30.94
0.18266	0.58392	30.94
0.1866	0.60122	30.94
0.19081	0.62579	30.94
0.1947	0.65541	30.94
0.19855	0.68715	30.94
0.20271	0.7197	30.94
0.2066	0.74782	30.94
0.21079	0.77539	30.94
0.21467	0.80189	30.94
0.21854	0.83839	30.94
0.22264	0.88212	30.94
0.22641	0.92541	30.94
0.2305	0.96916	30.94
0.2343	1.00758	30.94
0.23838	1.05193	30.94
0.24215	1.0982	30.94
0.24589	1.15169	30.94
0.24986	1.21511	30.94
0.25351	1.27679	30.94
0.2575	1.34318	30.94
0.26117	1.40301	30.94
0.26505	1.4821	30.94
0.26862	1.55444	30.94
0.2722	1.62707	30.94
0.27604	1.71074	30.94
0.27955	1.79756	30.94
0.28328	1.8996	30.94
0.28668	2.00154	30.94
0.29008	2.10876	30.94
0.2937	2.22562	30.94
0.29704	2.33467	30.94
0.3006	2.46227	30.94
0.30383	2.58938	30.94
0.30724	2.73653	30.94
0.3104	2.88413	30.94
0.31346	3.03538	30.94
0.31675	3.20291	30.94
0.31977	3.36249	30.94
0.32301	3.54601	30.94
0.32593	3.72539	30.94
0.32877	3.91825	30.94
0.33176	4.13377	30.94
0.33448	4.33967	30.94
0.33743	4.56381	30.94
0.34006	4.78915	30.94
0.34283	5.04124	30.94
0.34536	5.28093	30.94
0.34789	5.52682	30.94
0.35052	5.79963	30.94
0.35291	6.06361	30.94
0.35541	6.36045	30.94
0.35765	6.64664	30.94
0.36005	6.96123	30.94
0.36223	7.25816	30.94
0.36437	7.56523	30.94
0.36663	7.90028	30.94
0.36867	8.22393	30.94
0.37082	8.58554	30.94
0.37275	8.92802	30.94
0.37464	9.2735	30.94
0.37667	9.65235	30.94
0.37849	10.0116	30.94
0.38041	10.4101	30.94
0.38214	10.7836	30.94
0.38398	11.1914	30.94
0.38566	11.5772	30.94
0.38731	11.9732	30.94
0.38902	12.4051	30.94
0.39057	12.8136	30.94
0.39221	13.2587	30.94
0.3937	13.6752	30.94
0.39518	14.0957	30.94
0.39674	14.5543	30.94
0.39814	14.986	30.94
0.39963	15.4592	30.94
0.40099	15.9036	30.94
0.40241	16.3942	30.94
0.4037	16.8476	30.94
0.40498	17.3033	30.94
0.40633	17.7981	30.94
0.40756	18.2609	30.94
0.40887	18.7681	30.94
0.41005	19.2442	30.94
0.4112	19.7224	30.94
0.41242	20.2399	30.94
0.41356	20.7291	30.94
0.41474	21.2525	30.94
0.41582	21.7435	30.94
0.41697	22.2734	30.94
0.41802	22.7708	30.94
0.41903	23.272	30.94
0.42012	23.8165	30.94
0.42111	24.3223	30.94
0.42217	24.871	30.94
0.42313	25.3798	30.94
0.42416	25.9371	30.94
0.4251	26.4556	30.94
0.42601	26.9777	30.94
0.42697	27.5384	30.94
0.42786	28.0632	30.94
0.42881	28.6301	30.94
0.42968	29.1572	30.94
0.43054	29.6901	30.94
0.43144	30.2641	30.94
0.43225	30.7998	30.94
0.43313	31.3843	30.94
0.43394	31.923	30.94
0.43479	32.5052	30.94
0.43558	33.0453	30.94
0.43634	33.5838	30.94
0.43716	34.1725	30.94
0.4379	34.7236	30.94
0.4387	35.3167	30.94
0.43944	35.8669	30.94
0.44017	36.4241	30.94
0.44095	37.02	30.94
0.44165	37.5771	30.94
0.4424	38.1798	30.94
0.44308	38.7379	30.94
0.44382	39.3413	30.94
0.44449	39.9029	30.94
0.44515	40.465	30.94
0.44586	41.0744	30.94
0.44651	41.6412	30.94
0.44719	42.2588	30.94
0.44783	42.8258	30.94
0.4485	43.4377	30.94
0.44911	44.0107	30.94
0.44972	44.5809	30.94
0.45037	45.1964	30.94
0.45097	45.7709	30.94
0.45162	46.3891	30.94
0.4522	46.9658	30.94
0.45278	47.5523	30.94
0.45339	48.1743	30.94
0.45395	48.7513	30.94
0.45456	49.3763	30.94
0.45512	49.9574	30.94
0.45571	50.5845	30.94
0.45625	51.1664	30.94
0.45679	51.7512	30.94
0.45736	52.3835	30.94
0.4579	52.9686	30.94
0.45846	53.6067	30.94
0.45897	54.1965	30.94
0.45948	54.7836	30.94
0.46003	55.4149	30.94
0.46053	56.0069	30.94
0.46107	56.6427	30.94
0.46157	57.2337	30.94
0.46209	57.8742	30.94
0.46257	58.4688	30.94
0.46306	59.0679	30.94
0.46357	59.707	30.94
0.46404	60.3001	30.94
0.46455	60.9432	30.94
0.46502	61.54	30.94
0.46547	62.1382	30.94
0.46596	62.7835	30.94
0.4664	63.3829	30.94
0.46689	64.027	30.94
0.46734	64.6262	30.94
0.46781	65.2797	30.94
0.46825	65.8796	30.94
0.46868	66.483	30.94
0.46914	67.1323	30.94
0.46956	67.7321	30.94
0.47002	68.3837	30.94
0.47043	68.9883	30.94
0.47088	69.6391	30.94
0.4713	70.2421	30.94
0.47171	70.8544	30.94
0.47216	71.5072	30.94
0.47256	72.1136	30.94
0.47298	72.7684	30.94
0.47338	73.3773	30.94
0.47377	73.9841	30.94
0.47419	74.6402	30.94
0.47458	75.2516	30.94
0.475	75.9078	30.94
0.47538	76.5166	30.94
0.4758	77.1817	30.94
0.47618	77.7918	30.94
0.47655	78.4043	30.94
0.47694	79.0626	30.94
0.47731	79.6735	30.94
0.47771	80.3324	30.94
0.47807	80.945	30.94
0.47843	81.5599	30.94
0.47882	82.2215	30.94
0.47918	82.8428	30.94
0.47955	83.5049	30.94
0.47991	84.1188	30.94
0.48029	84.7809	30.94
0.48063	85.3965	30.94
0.48098	86.018	30.94
0.48135	86.6827	30.94
0.48169	87.2987	30.94
0.48205	87.9656	30.94
0.48238	88.582	30.94
0.48275	89.2542	30.94
0.48308	89.8721	30.94
0.4834	90.4931	30.94
0.48376	91.1611	30.94
0.48409	91.7794	30.94
0.48443	92.4476	30.94
0.48475	93.0681	30.94
0.48507	93.6861	30.94
0.48541	94.3556	30.94
0.48573	94.9872	30.94
0.48607	95.6547	30.94
0.48638	96.2763	30.94
0.4867	96.9487	30.94
0.48701	97.5711	30.94
0.48732	98.1934	30.94
0.48765	98.866	30.94
0.48796	99.4904	30.94
0.48828	100.163	30.94
0.48858	100.786	30.94
0.48887	101.417	30.94
0.48919	102.09	30.94
0.48949	102.716	30.94
0.4898	103.388	30.94
0.49008	104.013	30.94
0.4904	104.687	30.94
0.49069	105.312	30.94
0.49097	105.941	30.94
0.49127	106.617	30.94
0.49156	107.243	30.94
0.49186	107.926	30.94
0.49214	108.553	30.94
0.49242	109.18	30.94
0.49272	109.855	30.94
0.493	110.487	30.94
0.49329	111.165	30.94
0.49356	111.793	30.94
0.49385	112.468	30.94
0.49412	113.098	30.94
0.49439	113.733	30.94
0.49468	114.411	30.94
0.49495	115.042	30.94
0.49522	115.722	30.94
0.49548	116.352	30.94
0.49576	117.03	30.94
0.49602	117.66	30.94
0.49628	118.29	30.94
0.49657	118.971	30.94
0.49681	119.604	30.94
0.49709	120.292	30.94
0.49735	120.922	30.94
0.4976	121.556	30.94
0.49787	122.238	30.94
0.49812	122.871	30.94
0.49838	123.549	30.94
0.49863	124.183	30.94
0.49889	124.866	30.94
0.49914	125.499	30.94
0.49939	126.141	30.94
0.5268	216.101	30.94
0.5351	255.964	30.94
0.5425	297.392	30.94
0.5491	339.514	30.94
0.555	382.446	30.94
0.5604	425.93	30.94
0.5653	469.855	30.94
0.5698	514.387	30.94
0.5741	559.478	30.94
0.578	605.121	30.94
0.5817	650.705	30.94
0.5852	696.555	30.94
0.5884	742.654	30.94
0.5915	789.012	30.94
0.5944	835.421	30.94
0.5972	882.116	30.94
0.5998	929.333	30.94
0.6024	976.38	30.94
0.6048	1023.38	30.94
0.6071	1070.55	30.94
0.6093	1117.88	30.94
0.6115	1165.28	30.94
0.6135	1212.83	30.94
0.6156	1260.71	30.94
0.6175	1308.46	30.94
0.6193	1356.37	30.94
0.6211	1404.28	30.94
0.6229	1452.1	30.94
0.6246	1500.08	30.94
0.6262	1548.06	30.94
0.6279	1596.51	30.94
0.6294	1644.65	30.94
0.6309	1692.81	30.94
0.6324	1741.06	30.94
0.6338	1789.41	30.94
0.6353	1837.63	30.94
0.6366	1886.08	30.94
0.638	1934.83	30.94
0.6393	1983.23	30.94
0.6406	2031.69	30.94
0.6419	2080.1	30.94
0.6431	2128.62	30.94
0.6443	2177.36	30.94
0.6455	2225.94	30.94
0.6466	2274.87	30.94
0.6478	2323.51	30.94
0.6489	2372.26	30.94
0.65	2421	30.94
0.6511	2469.61	30.94
0.6521	2518.36	30.94
0.6532	2567.22	30.94
0.6542	2616.33	30.94
0.6552	2665.1	30.94
0.6562	2713.93	30.94
0.6571	2762.75	30.94
0.6581	2811.67	30.94
0.6591	2860.52	30.94
0.66	2909.47	30.94
0.6609	2958.86	30.94
0.6618	3007.77	30.94
0.6627	3056.58	30.94
0.6636	3105.54	30.94
0.6644	3154.6	30.94
0.6653	3203.63	30.94
0.6661	3252.5	30.94
0.667	3301.95	30.94
0.6678	3351.01	30.94
0.6686	3400.04	30.94
0.6694	3449	30.94
0.6702	3498.14	30.94
0.671	3547.24	30.94
0.6717	3596.32	30.94
0.6725	3645.71	30.94
0.6733	3694.89	30.94
0.674	3744.15	30.94
0.6747	3793.1	30.94
0.6755	3842.22	30.94
0.6762	3891.3	30.94
0.6769	3940.47	30.94
0.6776	3990.04	30.94
0.6783	4039.22	30.94
0.679	4088.37	30.94
0.6797	4137.58	30.94
0.6804	4186.78	30.94
0.681	4236	30.94
0.6817	4285.21	30.94
0.6823	4334.78	30.94
0.683	4384	30.94
0.6836	4433.27	30.94
0.6843	4482.49	30.94
0.6849	4531.68	30.94
0.6855	4581.1	30.94
0.6862	4630.4	30.94
0.6868	4679.93	30.94
0.6874	4729.31	30.94
0.688	4778.59	30.94
0.6886	4827.86	30.94
0.6892	4877.13	30.94
0.6898	4926.48	30.94
0.6904	4975.81	30.94
0.6909	5025.51	30.94
0.6915	5074.82	30.94
0.6921	5124.15	30.94
0.6927	5173.46	30.94
0.6932	5222.85	30.94
0.6938	5272.12	30.94
0.6943	5321.6	30.94
0.6949	5371.51	30.94
0.6954	5420.89	30.94
0.696	5470.25	30.94
0.6965	5519.63	30.94
0.697	5569	30.94
0.6976	5618.36	30.94
0.6981	5667.7	30.94
0.6986	5717.52	30.94
0.6991	5766.89	30.94
0.6996	5816.34	30.94
0.7001	5865.66	30.94
0.7006	5915.13	30.94
0.7011	5964.47	30.94
0.7016	6013.99	30.94
0.7021	6063.68	30.94
0.7026	6113.18	30.94
0.7031	6162.73	30.94
0.7036	6212.16	30.94
0.7041	6261.58	30.94
0.7046	6311.07	30.94
0.7051	6360.47	30.94
0.7055	6410.29	30.94
0.706	6459.66	30.94
0.7065	6509.13	30.94
0.7069	6558.57	30.94
0.7074	6608.06	30.94
0.7079	6657.56	30.94
0.7083	6706.85	30.94
0.7088	6756.73	30.94
0.7093	6805.93	30.94
0.7097	6855.56	30.94
0.7101	6904.83	30.94
0.7106	6954.42	30.94
0.711	7004.08	30.94
0.7115	7053.71	30.94
0.7119	7103.36	30.94
0.7123	7152.94	30.94
0.7128	7202.42	30.94
0.7132	7251.99	30.94
0.7136	7301.31	30.94
0.7141	7350.88	30.94
0.7145	7400.41	30.94
0.7149	7450.31	30.94
0.7153	7499.78	30.94
0.7157	7549.25	30.94
0.7162	7598.84	30.94
0.7166	7648.36	30.94
0.717	7697.82	30.94
0.7174	7747.36	30.94
0.7178	7797.43	30.94
0.7182	7846.95	30.94
0.7186	7896.48	30.94
0.719	7945.91	30.94
0.7194	7995.52	30.94
0.7198	8045.1	30.94
0.7202	8094.98	30.94
0.7206	8144.57	30.94
0.721	8194.08	30.94
0.7214	8243.71	30.94
0.7217	8293.15	30.94
0.7221	8342.84	30.94
0.7225	8392.31	30.94
0.7229	8442.22	30.94
0.7233	8491.71	30.94
0.7237	8541.34	30.94
0.724	8591.18	30.94
0.7244	8640.67	30.94
0.7248	8690.18	30.94
0.7252	8739.68	30.94
0.7255	8789.68	30.94
0.7259	8839.31	30.94
0.7263	8888.75	30.94
0.7266	8938.41	30.94
0.727	8988.04	30.94
0.7273	9037.69	30.94
0.7277	9087.11	30.94
0.7281	9137.07	30.94
0.7283	9172.93	30.94
0.7283	9166.06	30.94
0.7282	9160.35	30.94
0.7282	9155.39	30.94
0.7281	9150.87	30.94
