0.00986	0.03358	35.43
0.01416	0.04883	35.43
0.01814	0.06228	35.43
0.02214	0.07272	35.43
0.02648	0.07921	35.43
0.03051	0.08378	35.43
0.03484	0.09053	35.43
0.03882	0.10162	35.43
0.04278	0.11713	35.43
0.04708	0.1325	35.43
0.05106	0.14327	35.43
0.05538	0.14968	35.43
0.05941	0.15469	35.43
0.06376	0.16318	35.43
0.06775	0.17581	35.43
0.0717	0.19195	35.43
0.07596	0.2092	35.43
0.07993	0.2202	35.43
0.08427	0.22769	35.43
0.08828	0.23316	35.43
0.09228	0.24297	35.43
0.09656	0.25809	35.43
0.10049	0.27624	35.43
0.1048	0.29489	35.43
0.10878	0.30804	35.43
0.11309	0.31706	35.43
0.1171	0.32525	35.43
0.12107	0.33751	35.43
0.12533	0.35644	35.43
0.12925	0.37996	35.43
0.1335	0.39831	35.43
0.13747	0.41128	35.43
0.14179	0.4237	35.43
0.14577	0.43657	35.43
0.1497	0.45479	35.43
0.15394	0.47543	35.43
0.15785	0.50035	35.43
0.16206	0.52736	35.43
0.16598	0.55017	35.43
0.1699	0.56921	35.43
0.17415	0.5894	35.43
0.17809	0.60925	35.43
0.1823	0.64158	35.43
0.18621	0.66458	35.43
0.19038	0.69571	35.43
0.19423	0.73111	35.43
0.19805	0.76738	35.43
0.20218	0.80472	35.43
0.20604	0.83557	35.43
0.2102	0.87043	35.43
0.21402	0.90566	35.43
0.21785	0.94893	35.43
0.22189	1.00116	35.43
0.2256	1.05258	35.43
0.22964	1.10704	35.43
0.23339	1.15505	35.43
0.23739	1.20939	35.43
0.24111	1.26458	35.43
0.24478	1.32767	35.43
0.24867	1.40393	35.43
0.25225	1.47775	35.43
0.25615	1.55823	35.43
0.25973	1.63184	35.43
0.26356	1.71663	35.43
0.26707	1.80266	35.43
0.27052	1.89688	35.43
0.2742	2.00622	35.43
0.27758	2.11381	35.43
0.2812	2.23117	35.43
0.28453	2.3418	35.43
0.28786	2.46042	35.43
0.29136	2.5956	35.43
0.29455	2.73203	35.43
0.29793	2.88866	35.43
0.301	3.04033	35.43
0.30428	3.20708	35.43
0.30732	3.36616	35.43
0.31033	3.53269	35.43
0.31348	3.72291	35.43
0.31634	3.91341	35.43
0.31938	4.12898	35.43
0.32213	4.33395	35.43
0.32488	4.53888	35.43
0.32773	4.77869	35.43
0.33032	5.00767	35.43
0.33308	5.26438	35.43
0.3356	5.50505	35.43
0.33827	5.77359	35.43
0.34068	6.0342	35.43
0.34306	6.30888	35.43
0.34552	6.61074	35.43
0.34776	6.89964	35.43
0.35013	7.21645	35.43
0.3523	7.51765	35.43
0.35459	7.84835	35.43
0.35666	8.16807	35.43
0.35868	8.49482	35.43
0.36079	8.85708	35.43
0.36271	9.1994	35.43
0.36478	9.57792	35.43
0.36663	9.92972	35.43
0.36845	10.29	35.43
0.37036	10.6871	35.43
0.37209	11.0646	35.43
0.37391	11.4799	35.43
0.37556	11.8697	35.43
0.37732	12.2938	35.43
0.37892	12.6927	35.43
0.38051	13.1018	35.43
0.38213	13.5494	35.43
0.38363	13.9667	35.43
0.38521	14.4196	35.43
0.38665	14.8457	35.43
0.38806	15.2814	35.43
0.38953	15.7573	35.43
0.39087	16.1999	35.43
0.39231	16.6834	35.43
0.39361	17.1338	35.43
0.395	17.6303	35.43
0.39625	18.0903	35.43
0.39749	18.555	35.43
0.39879	19.0595	35.43
0.39997	19.5334	35.43
0.40122	20.049	35.43
0.40236	20.5287	35.43
0.40347	21.0136	35.43
0.40466	21.5358	35.43
0.40578	22.0293	35.43
0.40693	22.5598	35.43
0.40797	23.0577	35.43
0.40908	23.5972	35.43
0.41009	24.1002	35.43
0.41108	24.6048	35.43
0.41215	25.1513	35.43
0.41313	25.6601	35.43
0.41416	26.215	35.43
0.41509	26.7313	35.43
0.41608	27.2955	35.43
0.41698	27.8179	35.43
0.41788	28.3393	35.43
0.41884	28.9013	35.43
0.41971	29.4296	35.43
0.42063	30.0045	35.43
0.42148	30.5372	35.43
0.42231	31.0729	35.43
0.42318	31.6488	35.43
0.424	32.1838	35.43
0.42487	32.7706	35.43
0.42565	33.3163	35.43
0.42649	33.9005	35.43
0.42726	34.4422	35.43
0.42801	34.9826	35.43
0.42881	35.5754	35.43
0.42955	36.1258	35.43
0.43034	36.721	35.43
0.43105	37.2755	35.43
0.43177	37.8357	35.43
0.43253	38.433	35.43
0.43322	38.9914	35.43
0.43396	39.5924	35.43
0.43464	40.1537	35.43
0.43536	40.7615	35.43
0.436	41.3275	35.43
0.43666	41.8922	35.43
0.43735	42.4986	35.43
0.438	43.065	35.43
0.43869	43.6849	35.43
0.43932	44.2539	35.43
0.43997	44.8697	35.43
0.44058	45.442	35.43
0.44119	46.0127	35.43
0.44182	46.6306	35.43
0.44244	47.206	35.43
0.44307	47.8258	35.43
0.44364	48.4038	35.43
0.44422	48.9897	35.43
0.44483	49.6135	35.43
0.44539	50.1922	35.43
0.44598	50.8171	35.43
0.44654	51.3983	35.43
0.44713	52.0301	35.43
0.44766	52.6139	35.43
0.4482	53.2008	35.43
0.44876	53.8303	35.43
0.44928	54.4154	35.43
0.44985	55.0532	35.43
0.45037	55.6414	35.43
0.45088	56.2295	35.43
0.45142	56.8661	35.43
0.45192	57.457	35.43
0.45244	58.0937	35.43
0.45293	58.6856	35.43
0.45346	59.3229	35.43
0.45394	59.9155	35.43
0.45442	60.5169	35.43
0.45494	61.1591	35.43
0.45541	61.7531	35.43
0.4559	62.3954	35.43
0.45636	62.9922	35.43
0.45682	63.5911	35.43
0.45732	64.2359	35.43
0.45777	64.8354	35.43
0.45824	65.4801	35.43
0.45869	66.0811	35.43
0.45916	66.7347	35.43
0.45959	67.3342	35.43
0.46003	67.9342	35.43
0.46049	68.5833	35.43
0.46092	69.1862	35.43
0.46137	69.8378	35.43
0.46179	70.4414	35.43
0.46223	71.0941	35.43
0.46264	71.6986	35.43
0.46306	72.3093	35.43
0.4635	72.9616	35.43
0.4639	73.5673	35.43
0.46433	74.2227	35.43
0.46472	74.8332	35.43
0.46512	75.4408	35.43
0.46554	76.0943	35.43
0.46593	76.7053	35.43
0.46635	77.3617	35.43
0.46673	77.9718	35.43
0.46714	78.6368	35.43
0.46751	79.2479	35.43
0.46789	79.856	35.43
0.46829	80.5149	35.43
0.46866	81.1285	35.43
0.46905	81.7846	35.43
0.46942	82.399	35.43
0.46978	83.0131	35.43
0.47017	83.6752	35.43
0.47052	84.2956	35.43
0.4709	84.9571	35.43
0.47127	85.5737	35.43
0.47164	86.2367	35.43
0.47199	86.8517	35.43
0.47234	87.4691	35.43
0.47271	88.1347	35.43
0.47304	88.7508	35.43
0.4734	89.4159	35.43
0.47374	90.0328	35.43
0.47411	90.7048	35.43
0.47444	91.324	35.43
0.47478	91.9446	35.43
0.47512	92.6116	35.43
0.47545	93.2306	35.43
0.47581	93.8967	35.43
0.47613	94.5161	35.43
0.47645	95.1367	35.43
0.47679	95.8045	35.43
0.47712	96.436	35.43
0.47745	97.1065	35.43
0.47776	97.728	35.43
0.4781	98.3968	35.43
0.47841	99.0177	35.43
0.47871	99.6417	35.43
0.47905	100.313	35.43
0.47935	100.936	35.43
0.47968	101.609	35.43
0.47997	102.232	35.43
0.48028	102.862	35.43
0.4806	103.534	35.43
0.48089	104.158	35.43
0.48121	104.83	35.43
0.48151	105.458	35.43
0.48182	106.132	35.43
0.4821	106.757	35.43
0.4824	107.383	35.43
0.48271	108.059	35.43
0.48299	108.686	35.43
0.4833	109.367	35.43
0.48358	109.996	35.43
0.48386	110.621	35.43
0.48415	111.298	35.43
0.48443	111.927	35.43
0.48473	112.602	35.43
0.485	113.229	35.43
0.4853	113.908	35.43
0.48557	114.538	35.43
0.48585	115.172	35.43
0.48613	115.849	35.43
0.4864	116.482	35.43
0.48668	117.158	35.43
0.48694	117.785	35.43
0.48723	118.464	35.43
0.48749	119.098	35.43
0.48775	119.729	35.43
0.48804	120.407	35.43
0.4883	121.037	35.43
0.48857	121.724	35.43
0.48883	122.353	35.43
0.48909	122.985	35.43
0.48936	123.667	35.43
0.48961	124.302	35.43
0.48988	124.981	35.43
0.49013	125.615	35.43
0.49039	126.295	35.43
0.49064	126.926	35.43
0.49089	127.567	35.43
0.5184	226.253	35.43
0.5266	266.409	35.43
0.5338	308.045	35.43
0.5403	350.278	35.43
0.5461	393.283	35.43
0.5514	436.86	35.43
0.5563	481.013	35.43
0.5608	525.798	35.43
0.5649	570.689	35.43
0.5689	616.316	35.43
0.5725	661.917	35.43
0.576	707.798	35.43
0.5792	753.906	35.43
0.5823	800.203	35.43
0.5852	846.678	35.43
0.588	893.39	35.43
0.5906	940.589	35.43
0.5932	987.617	35.43
0.5956	1034.65	35.43
0.5979	1081.85	35.43
0.6002	1129.14	35.43
0.6023	1176.63	35.43
0.6044	1224	35.43
0.6064	1271.91	35.43
0.6084	1319.62	35.43
0.6102	1367.51	35.43
0.612	1415.36	35.43
0.6138	1463.22	35.43
0.6155	1511.22	35.43
0.6172	1559.18	35.43
0.6188	1607.61	35.43
0.6204	1655.67	35.43
0.6219	1703.85	35.43
0.6234	1752.04	35.43
0.6248	1800.35	35.43
0.6263	1848.58	35.43
0.6277	1896.98	35.43
0.629	1945.69	35.43
0.6304	1994.15	35.43
0.6317	2042.6	35.43
0.6329	2091.03	35.43
0.6342	2139.71	35.43
0.6354	2188.27	35.43
0.6366	2236.8	35.43
0.6378	2285.77	35.43
0.6389	2334.43	35.43
0.6401	2383.11	35.43
0.6412	2431.76	35.43
0.6423	2480.33	35.43
0.6434	2529.09	35.43
0.6444	2577.94	35.43
0.6454	2627.05	35.43
0.6465	2675.75	35.43
0.6475	2724.59	35.43
0.6485	2773.43	35.43
0.6494	2822.31	35.43
0.6504	2871.11	35.43
0.6513	2920.04	35.43
0.6523	2969.44	35.43
0.6532	3018.37	35.43
0.6541	3067.16	35.43
0.655	3116.13	35.43
0.6559	3165.13	35.43
0.6567	3214.09	35.43
0.6576	3263.01	35.43
0.6584	3312.38	35.43
0.6593	3361.45	35.43
0.6601	3410.47	35.43
0.6609	3459.39	35.43
0.6617	3508.56	35.43
0.6625	3557.56	35.43
0.6633	3606.65	35.43
0.6641	3656.03	35.43
0.6648	3705.16	35.43
0.6656	3754.41	35.43
0.6663	3803.41	35.43
0.6671	3852.43	35.43
0.6678	3901.59	35.43
0.6685	3950.83	35.43
0.6693	4000.35	35.43
0.67	4049.49	35.43
0.6707	4098.63	35.43
0.6714	4147.9	35.43
0.6721	4197.02	35.43
0.6727	4246.21	35.43
0.6734	4295.37	35.43
0.6741	4344.98	35.43
0.6748	4394.18	35.43
0.6754	4443.35	35.43
0.6761	4492.55	35.43
0.6767	4541.74	35.43
0.6774	4591.15	35.43
0.678	4640.41	35.43
0.6786	4689.96	35.43
0.6792	4739.3	35.43
0.6799	4788.54	35.43
0.6805	4837.82	35.43
0.6811	4887.03	35.43
0.6817	4936.4	35.43
0.6823	4985.76	35.43
0.6829	5035.44	35.43
0.6835	5084.71	35.43
0.684	5134.04	35.43
0.6846	5183.33	35.43
0.6852	5232.65	35.43
0.6858	5281.96	35.43
0.6863	5331.46	35.43
0.6869	5381.33	35.43
0.6875	5430.69	35.43
0.688	5480.01	35.43
0.6885	5529.43	35.43
0.6891	5578.76	35.43
0.6896	5628.14	35.43
0.6902	5677.45	35.43
0.6907	5727.18	35.43
0.6912	5776.57	35.43
0.6918	5825.98	35.43
0.6923	5875.34	35.43
0.6928	5924.78	35.43
0.6933	5974.1	35.43
0.6938	6023.57	35.43
0.6943	6073.24	35.43
0.6948	6122.77	35.43
0.6953	6172.31	35.43
0.6958	6221.68	35.43
0.6963	6271.13	35.43
0.6968	6320.55	35.43
0.6973	6369.94	35.43
0.6978	6419.79	35.43
0.6983	6469.17	35.43
0.6988	6518.59	35.43
0.6992	6568.02	35.43
0.6997	6617.56	35.43
0.7002	6667	35.43
0.7006	6716.33	35.43
0.7011	6766.21	35.43
0.7016	6815.45	35.43
0.702	6865.02	35.43
0.7025	6914.39	35.43
0.7029	6964.01	35.43
0.7034	7013.55	35.43
0.7039	7063.1	35.43
0.7043	7112.84	35.43
0.7048	7162.37	35.43
0.7052	7211.75	35.43
0.7056	7261.3	35.43
0.7061	7310.64	35.43
0.7065	7360.13	35.43
0.7069	7409.66	35.43
0.7074	7459.6	35.43
0.7078	7508.98	35.43
0.7083	7558.49	35.43
0.7087	7608.01	35.43
0.7091	7657.59	35.43
0.7095	7706.95	35.43
0.7099	7756.54	35.43
0.7103	7806.59	35.43
0.7108	7856.07	35.43
0.7112	7905.63	35.43
0.7116	7955.07	35.43
0.712	8004.65	35.43
0.7124	8054.18	35.43
0.7128	8104.1	35.43
0.7132	8153.61	35.43
0.7136	8203.16	35.43
0.714	8252.75	35.43
0.7144	8302.23	35.43
0.7148	8351.77	35.43
0.7152	8401.33	35.43
0.7156	8451.36	35.43
0.716	8500.76	35.43
0.7164	8550.43	35.43
0.7168	8600.06	35.43
0.7171	8649.65	35.43
0.7175	8699.09	35.43
0.7179	8748.7	35.43
0.7183	8798.68	35.43
0.7187	8848.18	35.43
0.719	8897.78	35.43
0.7194	8947.31	35.43
0.7198	8996.95	35.43
0.7202	9046.49	35.43
0.7205	9095.98	35.43
0.7209	9145.93	35.43
0.7213	9195.35	35.43
0.7213	9204.47	35.43
0.7213	9198.23	35.43
0.7212	9192.94	35.43
0.7212	9188.33	35.43
