0.00986	0.03711	38.78
0.01415	0.0538	38.78
0.01813	0.06506	38.78
0.02215	0.07339	38.78
0.02649	0.07921	38.78
0.03052	0.08259	38.78
0.03484	0.09227	38.78
0.0388	0.10699	38.78
0.04277	0.12205	38.78
0.04707	0.13687	38.78
0.05106	0.14521	38.78
0.0554	0.15155	38.78
0.0594	0.15653	38.78
0.06374	0.16819	38.78
0.06772	0.18483	38.78
0.07166	0.20155	38.78
0.07592	0.21597	38.78
0.07992	0.225	38.78
0.08425	0.23315	38.78
0.08825	0.24022	38.78
0.09224	0.25304	38.78
0.0965	0.27255	38.78
0.10042	0.29111	38.78
0.10474	0.30813	38.78
0.10873	0.31815	38.78
0.11306	0.32404	38.78
0.11701	0.34339	38.78
0.12093	0.36421	38.78
0.12518	0.38513	38.78
0.12921	0.38829	38.78
0.13344	0.41291	38.78
0.13734	0.43552	38.78
0.14161	0.45724	38.78
0.14556	0.47309	38.78
0.14951	0.48836	38.78
0.15376	0.50581	38.78
0.15768	0.52826	38.78
0.16188	0.5595	38.78
0.16576	0.58809	38.78
0.16964	0.61406	38.78
0.17385	0.63849	38.78
0.17777	0.65989	38.78
0.18201	0.68872	38.78
0.18587	0.72063	38.78
0.18999	0.76087	38.78
0.19381	0.7998	38.78
0.19763	0.83617	38.78
0.20176	0.87254	38.78
0.2056	0.90638	38.78
0.2097	0.94983	38.78
0.21346	0.9965	38.78
0.21724	1.05063	38.78
0.22123	1.10888	38.78
0.22493	1.16162	38.78
0.22895	1.2176	38.78
0.23266	1.27056	38.78
0.23661	1.33686	38.78
0.24024	1.40599	38.78
0.24383	1.48178	38.78
0.24767	1.56598	38.78
0.25121	1.64408	38.78
0.25506	1.73128	38.78
0.25858	1.81533	38.78
0.26233	1.91411	38.78
0.26574	2.01661	38.78
0.2691	2.12473	38.78
0.2727	2.24599	38.78
0.27603	2.3604	38.78
0.27959	2.48833	38.78
0.28285	2.61165	38.78
0.28607	2.74692	38.78
0.28946	2.90369	38.78
0.29254	3.05525	38.78
0.29582	3.22557	38.78
0.29884	3.38608	38.78
0.30204	3.5656	38.78
0.30499	3.74041	38.78
0.30786	3.92701	38.78
0.31087	4.14528	38.78
0.31364	4.34687	38.78
0.31662	4.57275	38.78
0.31929	4.78734	38.78
0.32193	5.01193	38.78
0.32469	5.26812	38.78
0.32718	5.51368	38.78
0.32983	5.78915	38.78
0.33225	6.04763	38.78
0.33481	6.33234	38.78
0.33714	6.60657	38.78
0.33944	6.89243	38.78
0.34183	7.20981	38.78
0.34402	7.51044	38.78
0.34629	7.844	38.78
0.34836	8.16431	38.78
0.35054	8.51316	38.78
0.35253	8.8434	38.78
0.35449	9.17926	38.78
0.35656	9.54891	38.78
0.35843	9.90148	38.78
0.36041	10.2961	38.78
0.36218	10.665	38.78
0.36393	11.0393	38.78
0.36577	11.4456	38.78
0.36745	11.8283	38.78
0.36924	12.2509	38.78
0.37085	12.648	38.78
0.37254	13.0862	38.78
0.37407	13.498	38.78
0.37559	13.9175	38.78
0.3772	14.3688	38.78
0.37866	14.7917	38.78
0.38021	15.2536	38.78
0.3816	15.6886	38.78
0.38296	16.1325	38.78
0.3844	16.6148	38.78
0.38571	17.0628	38.78
0.38709	17.5511	38.78
0.38838	18.0079	38.78
0.38974	18.5108	38.78
0.39096	18.9772	38.78
0.39215	19.4491	38.78
0.39342	19.9608	38.78
0.39457	20.4375	38.78
0.39579	20.9571	38.78
0.39692	21.4398	38.78
0.39803	21.9253	38.78
0.39919	22.4544	38.78
0.40026	22.955	38.78
0.40138	23.4922	38.78
0.4024	23.9916	38.78
0.40349	24.5346	38.78
0.4045	25.037	38.78
0.40549	25.5449	38.78
0.40652	26.0961	38.78
0.40747	26.6113	38.78
0.40847	27.1688	38.78
0.40939	27.6876	38.78
0.41038	28.2515	38.78
0.41128	28.7736	38.78
0.41216	29.3001	38.78
0.4131	29.871	38.78
0.41396	30.4024	38.78
0.41486	30.9765	38.78
0.41569	31.5093	38.78
0.41652	32.0456	38.78
0.41739	32.6263	38.78
0.41817	33.1641	38.78
0.41904	33.7518	38.78
0.41982	34.293	38.78
0.42065	34.8816	38.78
0.42141	35.429	38.78
0.42215	35.9735	38.78
0.42293	36.5664	38.78
0.42366	37.1162	38.78
0.42444	37.7109	38.78
0.42516	38.2655	38.78
0.42587	38.8289	38.78
0.42662	39.4301	38.78
0.4273	39.9884	38.78
0.42802	40.5927	38.78
0.42869	41.1556	38.78
0.42941	41.7619	38.78
0.43008	42.3269	38.78
0.43072	42.893	38.78
0.4314	43.5033	38.78
0.43204	44.0697	38.78
0.43272	44.6882	38.78
0.43334	45.2583	38.78
0.434	45.8745	38.78
0.4346	46.4489	38.78
0.4352	47.0224	38.78
0.43583	47.6408	38.78
0.43642	48.2149	38.78
0.43705	48.8355	38.78
0.43762	49.414	38.78
0.4382	50.0006	38.78
0.43881	50.6248	38.78
0.43936	51.2038	38.78
0.43995	51.831	38.78
0.4405	52.4142	38.78
0.44109	53.0432	38.78
0.44162	53.6267	38.78
0.44216	54.2136	38.78
0.44274	54.8467	38.78
0.44325	55.4288	38.78
0.44381	56.0696	38.78
0.44433	56.6585	38.78
0.44483	57.247	38.78
0.44536	57.8838	38.78
0.44586	58.4741	38.78
0.44641	59.1088	38.78
0.44689	59.702	38.78
0.44741	60.3415	38.78
0.44789	60.9353	38.78
0.44837	61.5353	38.78
0.44887	62.1768	38.78
0.44934	62.7697	38.78
0.44984	63.4163	38.78
0.4503	64.014	38.78
0.45076	64.6106	38.78
0.45125	65.2538	38.78
0.4517	65.8521	38.78
0.45218	66.4986	38.78
0.45262	67.1004	38.78
0.45309	67.7522	38.78
0.45352	68.354	38.78
0.45395	68.9564	38.78
0.45442	69.6046	38.78
0.45485	70.206	38.78
0.4553	70.8579	38.78
0.45572	71.4635	38.78
0.45616	72.1138	38.78
0.45657	72.7185	38.78
0.45698	73.3295	38.78
0.45742	73.9819	38.78
0.45783	74.5901	38.78
0.45826	75.2458	38.78
0.45865	75.8543	38.78
0.45905	76.4624	38.78
0.45947	77.1167	38.78
0.45985	77.7266	38.78
0.46027	78.3819	38.78
0.46066	78.99	38.78
0.46107	79.6558	38.78
0.46144	80.2685	38.78
0.46182	80.8792	38.78
0.46222	81.5371	38.78
0.46258	82.149	38.78
0.46298	82.8067	38.78
0.46336	83.4188	38.78
0.46371	84.0331	38.78
0.4641	84.6957	38.78
0.46446	85.316	38.78
0.46484	85.9781	38.78
0.46519	86.5947	38.78
0.46557	87.2559	38.78
0.46593	87.8717	38.78
0.46627	88.4923	38.78
0.46664	89.1548	38.78
0.46698	89.7687	38.78
0.46735	90.4342	38.78
0.46769	91.0514	38.78
0.46806	91.7249	38.78
0.46838	92.344	38.78
0.46871	92.963	38.78
0.46907	93.6285	38.78
0.46939	94.2459	38.78
0.46974	94.9135	38.78
0.47007	95.5333	38.78
0.47039	96.1539	38.78
0.47073	96.8244	38.78
0.47105	97.4531	38.78
0.4714	98.1222	38.78
0.47171	98.7433	38.78
0.47205	99.4125	38.78
0.47235	100.034	38.78
0.47266	100.658	38.78
0.473	101.328	38.78
0.47331	101.951	38.78
0.47363	102.625	38.78
0.47392	103.248	38.78
0.47423	103.877	38.78
0.47455	104.55	38.78
0.47485	105.176	38.78
0.47516	105.847	38.78
0.47547	106.472	38.78
0.47578	107.145	38.78
0.47607	107.77	38.78
0.47636	108.399	38.78
0.47667	109.073	38.78
0.47696	109.698	38.78
0.47726	110.381	38.78
0.47755	111.008	38.78
0.47783	111.634	38.78
0.47813	112.309	38.78
0.47841	112.938	38.78
0.47871	113.616	38.78
0.47899	114.242	38.78
0.47927	114.92	38.78
0.47955	115.55	38.78
0.47983	116.181	38.78
0.48012	116.858	38.78
0.48039	117.49	38.78
0.48068	118.166	38.78
0.48095	118.796	38.78
0.48122	119.477	38.78
0.48149	120.108	38.78
0.48175	120.735	38.78
0.48203	121.415	38.78
0.48229	122.047	38.78
0.48257	122.733	38.78
0.48283	123.363	38.78
0.48309	123.994	38.78
0.48337	124.677	38.78
0.48361	125.312	38.78
0.48389	125.989	38.78
0.48414	126.62	38.78
0.48441	127.301	38.78
0.48466	127.933	38.78
0.48491	128.573	38.78
0.514	231.54	38.78
0.522	271.955	38.78
0.5291	313.595	38.78
0.5355	355.906	38.78
0.5413	399.046	38.78
0.5465	442.596	38.78
0.5514	486.694	38.78
0.5559	531.509	38.78
0.56	576.553	38.78
0.5639	622.141	38.78
0.5676	667.703	38.78
0.571	713.602	38.78
0.5742	759.715	38.78
0.5773	806.017	38.78
0.5802	852.539	38.78
0.583	899.253	38.78
0.5857	946.399	38.78
0.5882	993.461	38.78
0.5906	1040.45	38.78
0.593	1087.65	38.78
0.5952	1134.98	38.78
0.5974	1182.4	38.78
0.5995	1229.89	38.78
0.6015	1277.77	38.78
0.6034	1325.41	38.78
0.6053	1373.25	38.78
0.6071	1421.13	38.78
0.6089	1468.91	38.78
0.6106	1516.93	38.78
0.6123	1564.86	38.78
0.6139	1613.26	38.78
0.6155	1661.33	38.78
0.617	1709.5	38.78
0.6185	1757.77	38.78
0.62	1806	38.78
0.6214	1854.25	38.78
0.6228	1902.62	38.78
0.6242	1951.36	38.78
0.6256	1999.75	38.78
0.6269	2048.16	38.78
0.6281	2096.64	38.78
0.6294	2145.3	38.78
0.6306	2193.86	38.78
0.6318	2242.38	38.78
0.633	2291.35	38.78
0.6342	2340.01	38.78
0.6353	2388.65	38.78
0.6364	2437.27	38.78
0.6375	2486	38.78
0.6386	2534.78	38.78
0.6397	2583.46	38.78
0.6407	2632.56	38.78
0.6418	2681.24	38.78
0.6428	2730.05	38.78
0.6438	2778.89	38.78
0.6448	2827.73	38.78
0.6457	2876.51	38.78
0.6467	2925.45	38.78
0.6476	2974.84	38.78
0.6485	3023.8	38.78
0.6495	3072.58	38.78
0.6504	3121.53	38.78
0.6512	3170.5	38.78
0.6521	3219.46	38.78
0.653	3268.42	38.78
0.6538	3317.75	38.78
0.6547	3366.86	38.78
0.6555	3415.83	38.78
0.6563	3464.79	38.78
0.6571	3513.83	38.78
0.6579	3562.88	38.78
0.6587	3611.95	38.78
0.6595	3661.29	38.78
0.6603	3710.41	38.78
0.6611	3759.68	38.78
0.6618	3808.65	38.78
0.6626	3857.65	38.78
0.6633	3906.78	38.78
0.6641	3956.04	38.78
0.6648	4005.54	38.78
0.6655	4054.66	38.78
0.6662	4103.86	38.78
0.6669	4153.04	38.78
0.6676	4202.23	38.78
0.6683	4251.35	38.78
0.669	4300.54	38.78
0.6697	4350.13	38.78
0.6703	4399.41	38.78
0.671	4448.54	38.78
0.6717	4497.72	38.78
0.6723	4547.09	38.78
0.673	4596.41	38.78
0.6736	4645.53	38.78
0.6742	4695.08	38.78
0.6749	4744.37	38.78
0.6755	4793.62	38.78
0.6761	4842.92	38.78
0.6767	4892.15	38.78
0.6773	4941.44	38.78
0.6779	4990.81	38.78
0.6785	5040.41	38.78
0.6791	5089.7	38.78
0.6797	5139.02	38.78
0.6803	5188.37	38.78
0.6809	5237.68	38.78
0.6815	5286.97	38.78
0.682	5336.48	38.78
0.6826	5386.29	38.78
0.6832	5435.68	38.78
0.6837	5484.94	38.78
0.6843	5534.38	38.78
0.6848	5583.74	38.78
0.6854	5633.09	38.78
0.6859	5682.38	38.78
0.6864	5732.11	38.78
0.687	5781.56	38.78
0.6875	5830.96	38.78
0.688	5880.23	38.78
0.6886	5929.58	38.78
0.6891	5979.01	38.78
0.6896	6028.53	38.78
0.6901	6078.14	38.78
0.6906	6127.59	38.78
0.6911	6177.14	38.78
0.6916	6226.65	38.78
0.6921	6275.93	38.78
0.6926	6325.37	38.78
0.6931	6374.84	38.78
0.6936	6424.7	38.78
0.6941	6473.95	38.78
0.6946	6523.37	38.78
0.6951	6572.89	38.78
0.6956	6622.35	38.78
0.696	6671.72	38.78
0.6965	6721.13	38.78
0.697	6771.04	38.78
0.6975	6820.22	38.78
0.6979	6869.71	38.78
0.6984	6919.1	38.78
0.6988	6968.86	38.78
0.6993	7018.24	38.78
0.6998	7067.77	38.78
0.7002	7117.54	38.78
0.7007	7167.09	38.78
0.7011	7216.49	38.78
0.7016	7266.01	38.78
0.702	7315.44	38.78
0.7024	7365.07	38.78
0.7029	7414.44	38.78
0.7033	7464.32	38.78
0.7038	7513.8	38.78
0.7042	7563.23	38.78
0.7046	7612.69	38.78
0.7051	7662.19	38.78
0.7055	7711.55	38.78
0.7059	7761.15	38.78
0.7063	7811.21	38.78
0.7067	7860.67	38.78
0.7072	7910.23	38.78
0.7076	7959.64	38.78
0.708	8009.27	38.78
0.7084	8058.82	38.78
0.7088	8108.69	38.78
0.7092	8158.19	38.78
0.7096	8207.8	38.78
0.71	8257.28	38.78
0.7104	8306.84	38.78
0.7108	8356.35	38.78
0.7112	8405.93	38.78
0.7116	8455.96	38.78
0.712	8505.28	38.78
0.7124	8554.93	38.78
0.7128	8604.54	38.78
0.7132	8654.21	38.78
0.7136	8703.62	38.78
0.714	8753.22	38.78
0.7144	8803.12	38.78
0.7148	8852.65	38.78
0.7151	8902.28	38.78
0.7155	8951.77	38.78
0.7159	9001.44	38.78
0.7163	9050.91	38.78
0.7166	9100.56	38.78
0.717	9150.36	38.78
0.7171	9162.57	38.78
0.7171	9156.22	38.78
0.717	9150.93	38.78
0.717	9146.22	38.78
0.717	9141.98	38.78
