0.00982	0.04384	43.84
0.01597	0.06168	43.84
0.02215	0.0737	43.84
0.02864	0.08517	43.84
0.03481	0.09704	43.84
0.04093	0.11383	43.84
0.04707	0.13622	43.84
0.05318	0.15949	43.84
0.05929	0.17811	43.84
0.06578	0.19382	43.84
0.07193	0.20728	43.84
0.07807	0.2239	43.84
0.08418	0.24512	43.84
0.09025	0.27232	43.84
0.09633	0.2991	43.84
0.10276	0.32459	43.84
0.10887	0.34484	43.84
0.11499	0.36479	43.84
0.12107	0.38957	43.84
0.12714	0.42	43.84
0.13317	0.45634	43.84
0.13954	0.48671	43.84
0.1456	0.51801	43.84
0.15159	0.55673	43.84
0.15754	0.6022	43.84
0.16349	0.65068	43.84
0.16945	0.69705	43.84
0.17539	0.74221	43.84
0.18168	0.79339	43.84
0.18756	0.85071	43.84
0.1934	0.91625	43.84
0.19917	0.9914	43.84
0.20491	1.07097	43.84
0.21064	1.15193	43.84
0.21666	1.24119	43.84
0.22232	1.33159	43.84
0.2279	1.43582	43.84
0.2334	1.55306	43.84
0.23884	1.68187	43.84
0.24421	1.82218	43.84
0.24978	1.97396	43.84
0.25507	2.12827	43.84
0.26025	2.29493	43.84
0.26532	2.48052	43.84
0.27028	2.6828	43.84
0.27514	2.90148	43.84
0.28014	3.14566	43.84
0.28485	3.39285	43.84
0.28942	3.6515	43.84
0.2939	3.9304	43.84
0.29824	4.2275	43.84
0.30245	4.54925	43.84
0.30676	4.90501	43.84
0.31079	5.26483	43.84
0.31468	5.63584	43.84
0.31847	6.02339	43.84
0.32214	6.43032	43.84
0.3257	6.86032	43.84
0.32929	7.33543	43.84
0.3326	7.80265	43.84
0.33585	8.29147	43.84
0.33897	8.79048	43.84
0.342	9.30365	43.84
0.34495	9.83502	43.84
0.34781	10.3817	43.84
0.35069	10.9754	43.84
0.35336	11.5617	43.84
0.35593	12.156	43.84
0.35843	12.7639	43.84
0.36086	13.3838	43.84
0.36324	14.0155	43.84
0.36565	14.6913	43.84
0.36787	15.3552	43.84
0.37002	16.0262	43.84
0.37211	16.7086	43.84
0.37414	17.3964	43.84
0.37614	18.0959	43.84
0.37817	18.8409	43.84
0.38005	19.5587	43.84
0.38188	20.2922	43.84
0.38365	21.0294	43.84
0.38538	21.7738	43.84
0.38705	22.5256	43.84
0.3888	23.3182	43.84
0.39041	24.084	43.84
0.39199	24.8613	43.84
0.39352	25.6383	43.84
0.39502	26.4244	43.84
0.39648	27.2149	43.84
0.39797	28.0524	43.84
0.39936	28.8518	43.84
0.40075	29.6654	43.84
0.40209	30.4767	43.84
0.4034	31.2929	43.84
0.40468	32.1121	43.84
0.406	32.9847	43.84
0.40723	33.8146	43.84
0.40843	34.6477	43.84
0.40963	35.4906	43.84
0.41079	36.332	43.84
0.41194	37.1748	43.84
0.41305	38.0217	43.84
0.4142	38.9187	43.84
0.41527	39.7737	43.84
0.41634	40.6384	43.84
0.41737	41.502	43.84
0.4184	42.3661	43.84
0.41942	43.2346	43.84
0.42044	44.1523	43.84
0.42142	45.0265	43.84
0.42238	45.91	43.84
0.42331	46.7891	43.84
0.42423	47.6698	43.84
0.42515	48.5524	43.84
0.4261	49.4834	43.84
0.42698	50.3733	43.84
0.42785	51.2636	43.84
0.42871	52.1668	43.84
0.42955	53.0634	43.84
0.43039	53.9577	43.84
0.43126	54.9029	43.84
0.43207	55.8045	43.84
0.43286	56.7083	43.84
0.43365	57.6216	43.84
0.43443	58.5284	43.84
0.43519	59.4363	43.84
0.43598	60.391	43.84
0.43673	61.3033	43.84
0.43746	62.2166	43.84
0.43821	63.1372	43.84
0.43892	64.0574	43.84
0.43963	64.9747	43.84
0.44037	65.9407	43.84
0.44105	66.8651	43.84
0.44173	67.7869	43.84
0.44242	68.7091	43.84
0.4431	69.6418	43.84
0.44375	70.5682	43.84
0.44441	71.4948	43.84
0.44509	72.4723	43.84
0.44572	73.4022	43.84
0.44636	74.3345	43.84
0.44698	75.2754	43.84
0.44759	76.208	43.84
0.4482	77.1423	43.84
0.44884	78.126	43.84
0.44943	79.0629	43.84
0.45003	80.0019	43.84
0.45062	80.9485	43.84
0.45119	81.8886	43.84
0.45176	82.8314	43.84
0.45236	83.8178	43.84
0.45291	84.758	43.84
0.45347	85.705	43.84
0.45402	86.6505	43.84
0.45457	87.6031	43.84
0.45512	88.5503	43.84
0.45568	89.5437	43.84
0.4562	90.4934	43.84
0.45673	91.4416	43.84
0.45726	92.3923	43.84
0.45777	93.3508	43.84
0.45828	94.3049	43.84
0.45881	95.3023	43.84
0.45931	96.255	43.84
0.45981	97.2109	43.84
0.4603	98.1651	43.84
0.46079	99.1203	43.84
0.46128	100.082	43.84
0.46178	101.089	43.84
0.46225	102.047	43.84
0.46272	103.008	43.84
0.4632	103.966	43.84
0.46365	104.924	43.84
0.46412	105.891	43.84
0.46458	106.851	43.84
0.46505	107.863	43.84
0.4655	108.827	43.84
0.46595	109.787	43.84
0.46639	110.753	43.84
0.46683	111.723	43.84
0.46727	112.685	43.84
0.46772	113.699	43.84
0.46814	114.666	43.84
0.46857	115.63	43.84
0.469	116.596	43.84
0.46941	117.564	43.84
0.46983	118.539	43.84
0.47026	119.556	43.84
0.47067	120.525	43.84
0.47107	121.494	43.84
0.47149	122.462	43.84
0.47189	123.431	43.84
0.47229	124.41	43.84
0.4727	125.433	43.84
0.4731	126.403	43.84
0.47348	127.376	43.84
0.47386	128.349	43.84
0.47425	129.321	43.84
0.47464	130.302	43.84
0.5048	242.688	43.84
0.5126	283.336	43.84
0.5196	325.302	43.84
0.5259	367.625	43.84
0.5316	410.857	43.84
0.5367	454.554	43.84
0.5415	498.813	43.84
0.546	543.662	43.84
0.5501	588.707	43.84
0.554	634.335	43.84
0.5576	679.969	43.84
0.561	725.919	43.84
0.5642	771.937	43.84
0.5673	818.286	43.84
0.5702	864.747	43.84
0.573	911.496	43.84
0.5757	958.735	43.84
0.5782	1005.66	43.84
0.5806	1052.75	43.84
0.583	1099.96	43.84
0.5852	1147.16	43.84
0.5874	1194.63	43.84
0.5895	1242.06	43.84
0.5915	1290	43.84
0.5935	1337.8	43.84
0.5954	1385.54	43.84
0.5972	1433.34	43.84
0.599	1481.22	43.84
0.6007	1529.14	43.84
0.6024	1577.02	43.84
0.604	1625.4	43.84
0.6056	1673.4	43.84
0.6072	1721.56	43.84
0.6087	1769.82	43.84
0.6102	1818.08	43.84
0.6117	1866.28	43.84
0.6131	1914.67	43.84
0.6145	1963.36	43.84
0.6158	2011.77	43.84
0.6171	2060.13	43.84
0.6184	2108.6	43.84
0.6197	2157.26	43.84
0.6209	2205.77	43.84
0.6222	2254.21	43.84
0.6234	2303.18	43.84
0.6245	2351.85	43.84
0.6257	2400.43	43.84
0.6268	2449.06	43.84
0.628	2497.77	43.84
0.6291	2546.54	43.84
0.6301	2595.21	43.84
0.6312	2644.27	43.84
0.6322	2693.02	43.84
0.6333	2741.84	43.84
0.6343	2790.61	43.84
0.6353	2839.4	43.84
0.6363	2888.26	43.84
0.6372	2937.34	43.84
0.6382	2986.55	43.84
0.6391	3035.37	43.84
0.6401	3084.14	43.84
0.641	3133.05	43.84
0.6419	3182.02	43.84
0.6428	3230.93	43.84
0.6437	3279.85	43.84
0.6445	3329.2	43.84
0.6454	3378.24	43.84
0.6462	3427.22	43.84
0.6471	3476.15	43.84
0.6479	3525.18	43.84
0.6487	3574.21	43.84
0.6495	3623.33	43.84
0.6503	3672.64	43.84
0.6511	3721.74	43.84
0.6519	3771.01	43.84
0.6527	3819.96	43.84
0.6534	3868.95	43.84
0.6542	3918.1	43.84
0.6549	3967.26	43.84
0.6557	4016.76	43.84
0.6564	4065.89	43.84
0.6571	4114.96	43.84
0.6579	4164.22	43.84
0.6586	4213.35	43.84
0.6593	4262.47	43.84
0.66	4311.67	43.84
0.6607	4361.22	43.84
0.6614	4410.45	43.84
0.662	4459.53	43.84
0.6627	4508.77	43.84
0.6634	4558.1	43.84
0.664	4607.42	43.84
0.6647	4656.51	43.84
0.6653	4706.14	43.84
0.666	4755.34	43.84
0.6666	4804.65	43.84
0.6672	4853.87	43.84
0.6679	4903.14	43.84
0.6685	4952.37	43.84
0.6691	5001.81	43.84
0.6697	5051.3	43.84
0.6703	5100.65	43.84
0.6709	5149.94	43.84
0.6715	5199.21	43.84
0.6721	5248.44	43.84
0.6727	5297.69	43.84
0.6733	5347.19	43.84
0.6739	5397.06	43.84
0.6745	5446.37	43.84
0.675	5495.66	43.84
0.6756	5545.08	43.84
0.6762	5594.4	43.84
0.6767	5643.72	43.84
0.6773	5693.01	43.84
0.6778	5742.75	43.84
0.6784	5792.19	43.84
0.6789	5841.55	43.84
0.6795	5890.83	43.84
0.68	5940.19	43.84
0.6805	5989.59	43.84
0.6811	6039.04	43.84
0.6816	6088.71	43.84
0.6821	6138.11	43.84
0.6826	6187.61	43.84
0.6832	6237.09	43.84
0.6837	6286.49	43.84
0.6842	6335.84	43.84
0.6847	6385.25	43.84
0.6852	6435.06	43.84
0.6857	6484.48	43.84
0.6862	6533.75	43.84
0.6867	6583.21	43.84
0.6872	6632.69	43.84
0.6877	6682.01	43.84
0.6882	6731.45	43.84
0.6887	6781.29	43.84
0.6891	6830.63	43.84
0.6896	6879.9	43.84
0.6901	6929.42	43.84
0.6905	6978.95	43.84
0.691	7028.58	43.84
0.6915	7077.89	43.84
0.692	7127.78	43.84
0.6924	7177.2	43.84
0.6929	7226.77	43.84
0.6933	7276.11	43.84
0.6938	7325.65	43.84
0.6942	7375.03	43.84
0.6947	7424.69	43.84
0.6952	7474.42	43.84
0.6956	7523.9	43.84
0.696	7573.27	43.84
0.6965	7622.84	43.84
0.6969	7672.2	43.84
0.6974	7721.83	43.84
0.6978	7771.41	43.84
0.6982	7821.3	43.84
0.6987	7870.79	43.84
0.6991	7920.25	43.84
0.6995	7969.8	43.84
0.6999	8019.27	43.84
0.7004	8068.79	43.84
0.7008	8118.63	43.84
0.7012	8168.26	43.84
0.7016	8217.69	43.84
0.702	8267.3	43.84
0.7025	8316.62	43.84
0.7029	8366.22	43.84
0.7033	8415.71	43.84
0.7037	8465.65	43.84
0.7041	8515.11	43.84
0.7045	8564.68	43.84
0.7049	8614.4	43.84
0.7053	8663.94	43.84
0.7057	8713.38	43.84
0.7061	8762.91	43.84
0.7065	8812.88	43.84
0.7069	8862.37	43.84
0.7073	8911.97	43.84
0.7077	8961.44	43.84
0.7081	9011.07	43.84
0.7085	9060.57	43.84
0.7089	9110.16	43.84
0.7092	9160.1	43.84
0.7096	9208.97	43.84
0.7096	9207.03	43.84
0.7096	9201.27	43.84
0.7096	9196.17	43.84
0.7095	9191.82	43.84
