0.01418	0.04391	44.64
0.01817	0.05585	44.64
0.02216	0.07218	44.64
0.02644	0.08855	44.64
0.03045	0.09471	44.64
0.03473	0.11055	44.64
0.03871	0.12058	44.64
0.04273	0.12608	44.64
0.04707	0.13295	44.64
0.05107	0.14284	44.64
0.05535	0.15904	44.64
0.0593	0.17617	44.64
0.0636	0.19289	44.64
0.06758	0.20449	44.64
0.07158	0.21137	44.64
0.07588	0.22052	44.64
0.07987	0.23244	44.64
0.08414	0.25062	44.64
0.08807	0.27017	44.64
0.09203	0.28823	44.64
0.0963	0.30278	44.64
0.10027	0.31312	44.64
0.10462	0.3247	44.64
0.10858	0.34031	44.64
0.11283	0.36257	44.64
0.11675	0.38555	44.64
0.12073	0.39501	44.64
0.12495	0.42014	44.64
0.12885	0.44547	44.64
0.13307	0.46952	44.64
0.13699	0.48822	44.64
0.14128	0.50673	44.64
0.14522	0.52645	44.64
0.14912	0.55067	44.64
0.15328	0.58392	44.64
0.15713	0.61588	44.64
0.1613	0.64849	44.64
0.1652	0.67571	44.64
0.16908	0.70142	44.64
0.17319	0.74516	44.64
0.17706	0.77404	44.64
0.18126	0.8093	44.64
0.18508	0.84697	44.64
0.18916	0.89403	44.64
0.19291	0.94271	44.64
0.19665	0.99152	44.64
0.20069	1.04252	44.64
0.20446	1.0885	44.64
0.20849	1.14202	44.64
0.2122	1.19763	44.64
0.2159	1.26234	44.64
0.2198	1.33553	44.64
0.2234	1.40595	44.64
0.2273	1.48201	44.64
0.2309	1.55144	44.64
0.23475	1.63218	44.64
0.23828	1.71681	44.64
0.24176	1.81043	44.64
0.24547	1.91628	44.64
0.24889	2.01627	44.64
0.25258	2.12857	44.64
0.25597	2.2324	44.64
0.25958	2.3524	44.64
0.26285	2.47453	44.64
0.26609	2.60487	44.64
0.26952	2.7543	44.64
0.27266	2.89764	44.64
0.27603	3.05408	44.64
0.27913	3.20343	44.64
0.28221	3.36273	44.64
0.28543	3.54463	44.64
0.28834	3.72293	44.64
0.29144	3.92638	44.64
0.29427	4.11971	44.64
0.29727	4.33087	44.64
0.30004	4.53576	44.64
0.30275	4.74695	44.64
0.30561	4.98562	44.64
0.30819	5.22041	44.64
0.31095	5.48614	44.64
0.31346	5.72955	44.64
0.31594	5.9809	44.64
0.31852	6.26217	44.64
0.32086	6.53339	44.64
0.32334	6.83915	44.64
0.32558	7.12934	44.64
0.32796	7.44942	44.64
0.33014	7.74796	44.64
0.3323	8.05855	44.64
0.33454	8.39837	44.64
0.33656	8.72556	44.64
0.3387	9.08559	44.64
0.34066	9.42025	44.64
0.34271	9.79656	44.64
0.34456	10.1528	44.64
0.34638	10.514	44.64
0.34831	10.9086	44.64
0.35007	11.279	44.64
0.35195	11.6888	44.64
0.35364	12.0724	44.64
0.35529	12.4648	44.64
0.35702	12.8948	44.64
0.35858	13.2996	44.64
0.36025	13.7427	44.64
0.36178	14.1527	44.64
0.3634	14.602	44.64
0.36487	15.0255	44.64
0.36631	15.4586	44.64
0.36782	15.9277	44.64
0.36918	16.3698	44.64
0.37064	16.8476	44.64
0.37197	17.2917	44.64
0.37328	17.7414	44.64
0.37467	18.234	44.64
0.37594	18.6952	44.64
0.37726	19.1989	44.64
0.37846	19.6687	44.64
0.37975	20.1809	44.64
0.38094	20.6557	44.64
0.38209	21.1326	44.64
0.38331	21.651	44.64
0.38443	22.1355	44.64
0.3856	22.6649	44.64
0.38667	23.1593	44.64
0.38772	23.6548	44.64
0.38885	24.19	44.64
0.38989	24.6937	44.64
0.39098	25.2345	44.64
0.39198	25.7406	44.64
0.39303	26.2908	44.64
0.39399	26.8033	44.64
0.39494	27.3157	44.64
0.39594	27.8723	44.64
0.39688	28.3886	44.64
0.39786	28.9503	44.64
0.39875	29.4748	44.64
0.3997	30.0499	44.64
0.40056	30.579	44.64
0.40142	31.1079	44.64
0.40233	31.6767	44.64
0.40317	32.2092	44.64
0.40406	32.7891	44.64
0.40487	33.3274	44.64
0.40567	33.8669	44.64
0.40651	34.4505	44.64
0.4073	34.9898	44.64
0.40813	35.5858	44.64
0.40889	36.1319	44.64
0.40971	36.7195	44.64
0.41045	37.2665	44.64
0.41118	37.8126	44.64
0.41196	38.4085	44.64
0.41267	38.9642	44.64
0.41343	39.5633	44.64
0.41413	40.1193	44.64
0.41483	40.6814	44.64
0.41556	41.2858	44.64
0.41624	41.8476	44.64
0.41696	42.4536	44.64
0.41761	43.0169	44.64
0.41831	43.6283	44.64
0.41895	44.1924	44.64
0.4196	44.759	44.64
0.42027	45.37	44.64
0.4209	45.9379	44.64
0.42158	46.5612	44.64
0.42218	47.1349	44.64
0.42283	47.7507	44.64
0.42343	48.3227	44.64
0.42402	48.8968	44.64
0.42465	49.516	44.64
0.42524	50.0944	44.64
0.42586	50.7174	44.64
0.42642	51.2969	44.64
0.42699	51.882	44.64
0.42759	52.51	44.64
0.42814	53.0899	44.64
0.42873	53.7174	44.64
0.42927	54.2991	44.64
0.42986	54.9293	44.64
0.43039	55.5159	44.64
0.43092	56.1012	44.64
0.43148	56.7332	44.64
0.43199	57.3201	44.64
0.43254	57.9596	44.64
0.43306	58.5492	44.64
0.43356	59.1379	44.64
0.4341	59.7744	44.64
0.43459	60.3655	44.64
0.43512	61.0004	44.64
0.43561	61.5939	44.64
0.43613	62.2333	44.64
0.43661	62.8279	44.64
0.43708	63.4322	44.64
0.43758	64.0745	44.64
0.43806	64.6675	44.64
0.43856	65.3102	44.64
0.43901	65.9055	44.64
0.43947	66.506	44.64
0.43996	67.1503	44.64
0.44041	67.7477	44.64
0.44089	68.3927	44.64
0.44133	68.9947	44.64
0.4418	69.6512	44.64
0.44225	70.2498	44.64
0.44268	70.8524	44.64
0.44314	71.4999	44.64
0.44356	72.1003	44.64
0.44402	72.752	44.64
0.44444	73.3574	44.64
0.44489	74.0092	44.64
0.44529	74.6171	44.64
0.4457	75.2286	44.64
0.44614	75.8808	44.64
0.44655	76.4847	44.64
0.44698	77.1395	44.64
0.44738	77.7475	44.64
0.44778	78.3565	44.64
0.44819	79.012	44.64
0.44858	79.6225	44.64
0.449	80.2765	44.64
0.44938	80.886	44.64
0.44979	81.5491	44.64
0.45018	82.1601	44.64
0.45056	82.7726	44.64
0.45095	83.4323	44.64
0.45133	84.0416	44.64
0.45172	84.6985	44.64
0.45209	85.311	44.64
0.45245	85.9256	44.64
0.45284	86.5883	44.64
0.4532	87.2083	44.64
0.45359	87.8706	44.64
0.45394	88.4856	44.64
0.45431	89.1479	44.64
0.45468	89.7608	44.64
0.45503	90.3777	44.64
0.4554	91.0419	44.64
0.45574	91.6586	44.64
0.45611	92.3227	44.64
0.45645	92.9385	44.64
0.45682	93.611	44.64
0.45716	94.2292	44.64
0.4575	94.8476	44.64
0.45785	95.5148	44.64
0.45817	96.1331	44.64
0.45853	96.8004	44.64
0.45886	97.4209	44.64
0.45918	98.0395	44.64
0.45954	98.7058	44.64
0.45986	99.3362	44.64
0.4602	100.002	44.64
0.46052	100.623	44.64
0.46086	101.293	44.64
0.46117	101.915	44.64
0.46148	102.538	44.64
0.46181	103.209	44.64
0.46212	103.829	44.64
0.46246	104.5	44.64
0.46276	105.125	44.64
0.46307	105.755	44.64
0.4634	106.426	44.64
0.46369	107.05	44.64
0.46401	107.721	44.64
0.46432	108.348	44.64
0.46462	109.023	44.64
0.46492	109.645	44.64
0.46522	110.27	44.64
0.46553	110.945	44.64
0.46582	111.57	44.64
0.46614	112.25	44.64
0.46642	112.879	44.64
0.4667	113.505	44.64
0.46701	114.178	44.64
0.46729	114.806	44.64
0.4676	115.481	44.64
0.46788	116.108	44.64
0.46818	116.785	44.64
0.46845	117.416	44.64
0.46873	118.048	44.64
0.46902	118.723	44.64
0.46929	119.356	44.64
0.46958	120.031	44.64
0.46985	120.659	44.64
0.47015	121.336	44.64
0.47042	121.968	44.64
0.47068	122.598	44.64
0.47096	123.275	44.64
0.47123	123.904	44.64
0.47152	124.59	44.64
0.47178	125.219	44.64
0.47204	125.849	44.64
0.47233	126.529	44.64
0.47258	127.162	44.64
0.47285	127.842	44.64
0.47311	128.474	44.64
0.47338	129.154	44.64
0.47363	129.785	44.64
0.47389	130.426	44.64
0.5035	244.16	44.64
0.5112	284.863	44.64
0.5182	326.819	44.64
0.5245	369.212	44.64
0.5301	412.47	44.64
0.5353	456.138	44.64
0.5401	500.414	44.64
0.5445	545.259	44.64
0.5486	590.271	44.64
0.5525	635.932	44.64
0.5561	681.628	44.64
0.5595	727.517	44.64
0.5627	773.697	44.64
0.5658	819.875	44.64
0.5687	866.382	44.64
0.5715	913.123	44.64
0.5742	960.321	44.64
0.5767	1007.3	44.64
0.5791	1054.34	44.64
0.5815	1101.56	44.64
0.5837	1148.81	44.64
0.5859	1196.27	44.64
0.588	1243.71	44.64
0.59	1291.66	44.64
0.592	1339.42	44.64
0.5939	1387.18	44.64
0.5957	1434.93	44.64
0.5975	1482.84	44.64
0.5992	1530.79	44.64
0.6009	1578.69	44.64
0.6025	1627.03	44.64
0.6042	1675.06	44.64
0.6057	1723.19	44.64
0.6072	1771.43	44.64
0.6087	1819.67	44.64
0.6102	1867.87	44.64
0.6116	1916.29	44.64
0.613	1964.96	44.64
0.6143	2013.36	44.64
0.6157	2061.7	44.64
0.6169	2110.24	44.64
0.6182	2158.87	44.64
0.6195	2207.37	44.64
0.6207	2255.83	44.64
0.6219	2304.76	44.64
0.6231	2353.36	44.64
0.6242	2402.04	44.64
0.6254	2450.61	44.64
0.6265	2499.35	44.64
0.6276	2548.07	44.64
0.6287	2596.8	44.64
0.6297	2645.82	44.64
0.6308	2694.6	44.64
0.6318	2743.43	44.64
0.6328	2792.2	44.64
0.6338	2840.95	44.64
0.6348	2889.83	44.64
0.6358	2938.89	44.64
0.6367	2988.08	44.64
0.6377	3036.92	44.64
0.6386	3085.69	44.64
0.6395	3134.58	44.64
0.6404	3183.52	44.64
0.6413	3232.49	44.64
0.6422	3281.38	44.64
0.6431	3330.76	44.64
0.6439	3379.74	44.64
0.6448	3428.77	44.64
0.6456	3477.69	44.64
0.6465	3526.71	44.64
0.6473	3575.78	44.64
0.6481	3624.89	44.64
0.6489	3674.2	44.64
0.6497	3723.26	44.64
0.6505	3772.5	44.64
0.6512	3821.45	44.64
0.652	3870.52	44.64
0.6528	3919.61	44.64
0.6535	3968.74	44.64
0.6543	4018.31	44.64
0.655	4067.36	44.64
0.6557	4116.52	44.64
0.6564	4165.7	44.64
0.6571	4214.88	44.64
0.6579	4263.96	44.64
0.6586	4313.14	44.64
0.6593	4362.67	44.64
0.6599	4411.94	44.64
0.6606	4461.07	44.64
0.6613	4510.21	44.64
0.662	4559.59	44.64
0.6626	4608.9	44.64
0.6633	4658.05	44.64
0.6639	4707.65	44.64
0.6646	4756.89	44.64
0.6652	4806.13	44.64
0.6659	4855.37	44.64
0.6665	4904.64	44.64
0.6671	4953.89	44.64
0.6677	5003.28	44.64
0.6683	5052.8	44.64
0.6689	5102.12	44.64
0.6695	5151.38	44.64
0.6701	5200.76	44.64
0.6707	5249.95	44.64
0.6713	5299.14	44.64
0.6719	5348.68	44.64
0.6725	5398.52	44.64
0.6731	5447.85	44.64
0.6737	5497.1	44.64
0.6742	5546.47	44.64
0.6748	5595.84	44.64
0.6754	5645.18	44.64
0.6759	5694.45	44.64
0.6765	5744.18	44.64
0.677	5793.56	44.64
0.6776	5843.02	44.64
0.6781	5892.23	44.64
0.6786	5941.61	44.64
0.6792	5991.07	44.64
0.6797	6040.48	44.64
0.6802	6090.09	44.64
0.6808	6139.49	44.64
0.6813	6189.1	44.64
0.6818	6238.47	44.64
0.6823	6287.8	44.64
0.6828	6337.22	44.64
0.6833	6386.69	44.64
0.6839	6436.43	44.64
0.6844	6485.78	44.64
0.6848	6535.25	44.64
0.6853	6584.69	44.64
0.6858	6634.11	44.64
0.6863	6683.41	44.64
0.6868	6732.97	44.64
0.6873	6782.66	44.64
0.6878	6831.93	44.64
0.6883	6881.3	44.64
0.6887	6930.84	44.64
0.6892	6980.37	44.64
0.6897	7029.86	44.64
0.6902	7079.3	44.64
0.6906	7129.26	44.64
0.6911	7178.58	44.64
0.6916	7228.07	44.64
0.692	7277.5	44.64
0.6925	7327.04	44.64
0.6929	7376.46	44.64
0.6934	7425.98	44.64
0.6938	7475.73	44.64
0.6943	7525.32	44.64
0.6947	7574.64	44.64
0.6952	7624.19	44.64
0.6956	7673.57	44.64
0.6961	7723.19	44.64
0.6965	7772.73	44.64
0.6969	7822.65	44.64
0.6974	7872.02	44.64
0.6978	7921.66	44.64
0.6982	7971.08	44.64
0.6987	8020.67	44.64
0.6991	8070.1	44.64
0.6995	8119.97	44.64
0.6999	8169.51	44.64
0.7003	8219.03	44.64
0.7008	8268.48	44.64
0.7012	8318.02	44.64
0.7016	8367.53	44.64
0.702	8417.02	44.64
0.7024	8467.05	44.64
0.7028	8516.41	44.64
0.7032	8566.04	44.64
0.7036	8615.64	44.64
0.704	8665.29	44.64
0.7044	8714.67	44.64
0.7048	8764.27	44.64
0.7052	8814.18	44.64
0.7056	8863.69	44.64
0.706	8913.25	44.64
0.7064	8962.77	44.64
0.7068	9012.43	44.64
0.7072	9061.91	44.64
0.7076	9111.48	44.64
0.708	9161.26	44.64
0.7081	9173.41	44.64
0.7081	9167.05	44.64
0.708	9161.69	44.64
0.708	9156.81	44.64
0.708	9152.44	44.64
