0.03472	0.11218	48.5
0.04086	0.12382	48.5
0.04703	0.14051	48.5
0.05314	0.16236	48.5
0.05923	0.18778	48.5
0.06566	0.21324	48.5
0.07175	0.23633	48.5
0.07787	0.25449	48.5
0.08399	0.27332	48.5
0.0901	0.29422	48.5
0.09618	0.32198	48.5
0.10257	0.35695	48.5
0.10862	0.38619	48.5
0.11464	0.42241	48.5
0.12067	0.45624	48.5
0.12672	0.48717	48.5
0.13276	0.51896	48.5
0.13909	0.55888	48.5
0.14506	0.60397	48.5
0.15097	0.65663	48.5
0.15686	0.71209	48.5
0.16277	0.76714	48.5
0.16867	0.82112	48.5
0.17454	0.87833	48.5
0.18071	0.94982	48.5
0.18646	1.0256	48.5
0.1922	1.10651	48.5
0.19787	1.20055	48.5
0.20347	1.30147	48.5
0.20904	1.40657	48.5
0.21491	1.52218	48.5
0.22039	1.63899	48.5
0.22581	1.77131	48.5
0.23114	1.9156	48.5
0.23637	2.076	48.5
0.24153	2.24792	48.5
0.24687	2.43914	48.5
0.25193	2.63268	48.5
0.25687	2.83732	48.5
0.2617	3.0589	48.5
0.26642	3.3	48.5
0.27101	3.56159	48.5
0.27574	3.85043	48.5
0.28016	4.14548	48.5
0.28444	4.45268	48.5
0.28865	4.77554	48.5
0.29273	5.11359	48.5
0.29669	5.47683	48.5
0.30072	5.87907	48.5
0.30446	6.28449	48.5
0.30807	6.70384	48.5
0.31161	7.1368	48.5
0.31505	7.58734	48.5
0.31837	8.05603	48.5
0.32174	8.56596	48.5
0.32483	9.07132	48.5
0.32786	9.59908	48.5
0.33077	10.1363	48.5
0.3336	10.6846	48.5
0.33636	11.2471	48.5
0.33904	11.8258	48.5
0.34175	12.4492	48.5
0.34428	13.0648	48.5
0.34669	13.689	48.5
0.34904	14.3225	48.5
0.35136	14.9617	48.5
0.35359	15.6176	48.5
0.35586	16.3203	48.5
0.35797	17.0056	48.5
0.36	17.6947	48.5
0.362	18.3923	48.5
0.36394	19.0994	48.5
0.36584	19.8162	48.5
0.36778	20.5763	48.5
0.36956	21.3115	48.5
0.37131	22.0607	48.5
0.373	22.809	48.5
0.37467	23.5634	48.5
0.37631	24.3277	48.5
0.37798	25.1362	48.5
0.37952	25.9088	48.5
0.38105	26.6959	48.5
0.38253	27.4813	48.5
0.38398	28.2755	48.5
0.38538	29.0761	48.5
0.38682	29.9237	48.5
0.38818	30.7319	48.5
0.38951	31.5493	48.5
0.39082	32.367	48.5
0.3921	33.1907	48.5
0.39335	34.0157	48.5
0.39463	34.8948	48.5
0.39582	35.7302	48.5
0.397	36.5679	48.5
0.39816	37.4164	48.5
0.3993	38.2619	48.5
0.40041	39.1103	48.5
0.4015	39.9588	48.5
0.40262	40.8637	48.5
0.40367	41.7245	48.5
0.40472	42.5919	48.5
0.40574	43.4566	48.5
0.40674	44.3257	48.5
0.40774	45.196	48.5
0.40875	46.1165	48.5
0.4097	46.9943	48.5
0.41065	47.8794	48.5
0.41157	48.7616	48.5
0.41248	49.6449	48.5
0.41339	50.5286	48.5
0.41432	51.4628	48.5
0.41519	52.3577	48.5
0.41604	53.2519	48.5
0.41689	54.1522	48.5
0.41772	55.0499	48.5
0.41854	55.9475	48.5
0.4194	56.8945	48.5
0.4202	57.7986	48.5
0.42098	58.7057	48.5
0.42177	59.6166	48.5
0.42254	60.5247	48.5
0.42329	61.4355	48.5
0.42408	62.3909	48.5
0.42482	63.3056	48.5
0.42555	64.2214	48.5
0.42627	65.144	48.5
0.42699	66.0633	48.5
0.42769	66.982	48.5
0.42841	67.9471	48.5
0.4291	68.8707	48.5
0.42979	69.7936	48.5
0.43046	70.719	48.5
0.43112	71.6519	48.5
0.43178	72.5802	48.5
0.43242	73.5066	48.5
0.43309	74.4859	48.5
0.43373	75.4147	48.5
0.43436	76.3459	48.5
0.43498	77.2874	48.5
0.43559	78.2225	48.5
0.4362	79.1559	48.5
0.43682	80.1434	48.5
0.43741	81.0806	48.5
0.43801	82.0173	48.5
0.4386	82.9632	48.5
0.43919	83.9039	48.5
0.43975	84.8465	48.5
0.44034	85.8366	48.5
0.4409	86.7775	48.5
0.44146	87.7214	48.5
0.442	88.6661	48.5
0.44257	89.6189	48.5
0.44311	90.5659	48.5
0.44367	91.5628	48.5
0.44419	92.5127	48.5
0.44472	93.4599	48.5
0.44524	94.41	48.5
0.44575	95.3684	48.5
0.44627	96.3194	48.5
0.4468	97.3195	48.5
0.4473	98.2738	48.5
0.4478	99.2271	48.5
0.44829	100.183	48.5
0.44878	101.139	48.5
0.44926	102.101	48.5
0.44977	103.107	48.5
0.45024	104.062	48.5
0.45072	105.022	48.5
0.45119	105.981	48.5
0.45166	106.94	48.5
0.45211	107.911	48.5
0.45257	108.872	48.5
0.45305	109.878	48.5
0.45349	110.841	48.5
0.45394	111.803	48.5
0.45438	112.765	48.5
0.45484	113.736	48.5
0.45527	114.702	48.5
0.45572	115.714	48.5
0.45615	116.68	48.5
0.45658	117.644	48.5
0.457	118.611	48.5
0.45742	119.579	48.5
0.45785	120.553	48.5
0.45828	121.57	48.5
0.45869	122.54	48.5
0.4591	123.506	48.5
0.4595	124.475	48.5
0.4599	125.446	48.5
0.46031	126.421	48.5
0.46073	127.442	48.5
0.46112	128.414	48.5
0.46151	129.386	48.5
0.4619	130.359	48.5
0.46228	131.333	48.5
0.46267	132.312	48.5
0.4947	254.784	48.5
0.5024	295.645	48.5
0.5092	337.804	48.5
0.5153	380.423	48.5
0.5209	423.65	48.5
0.526	467.429	48.5
0.5307	511.748	48.5
0.5351	556.645	48.5
0.5392	601.724	48.5
0.5431	647.484	48.5
0.5467	693.109	48.5
0.55	739.069	48.5
0.5533	785.234	48.5
0.5563	831.502	48.5
0.5592	878.059	48.5
0.562	924.804	48.5
0.5647	971.902	48.5
0.5672	1018.87	48.5
0.5696	1065.89	48.5
0.572	1113.12	48.5
0.5742	1160.42	48.5
0.5764	1207.8	48.5
0.5785	1255.2	48.5
0.5805	1303.15	48.5
0.5825	1350.98	48.5
0.5844	1398.68	48.5
0.5863	1446.45	48.5
0.5881	1494.28	48.5
0.5898	1542.22	48.5
0.5915	1590.14	48.5
0.5932	1638.52	48.5
0.5948	1686.56	48.5
0.5963	1734.75	48.5
0.5979	1782.96	48.5
0.5994	1831.1	48.5
0.6008	1879.28	48.5
0.6022	1927.6	48.5
0.6036	1976.3	48.5
0.605	2024.69	48.5
0.6064	2073.02	48.5
0.6077	2121.5	48.5
0.609	2170.16	48.5
0.6102	2218.65	48.5
0.6114	2267.09	48.5
0.6127	2316.02	48.5
0.6139	2364.69	48.5
0.615	2413.25	48.5
0.6162	2461.85	48.5
0.6173	2510.51	48.5
0.6184	2559.27	48.5
0.6195	2607.91	48.5
0.6206	2656.93	48.5
0.6217	2705.73	48.5
0.6227	2754.51	48.5
0.6237	2803.26	48.5
0.6247	2852.02	48.5
0.6257	2900.85	48.5
0.6267	2949.92	48.5
0.6277	2999.12	48.5
0.6286	3047.88	48.5
0.6296	3096.76	48.5
0.6305	3145.68	48.5
0.6314	3194.6	48.5
0.6323	3243.48	48.5
0.6332	3292.39	48.5
0.6341	3341.77	48.5
0.635	3390.71	48.5
0.6358	3439.66	48.5
0.6367	3488.59	48.5
0.6375	3537.58	48.5
0.6384	3586.59	48.5
0.6392	3635.66	48.5
0.64	3684.98	48.5
0.6408	3734.01	48.5
0.6416	3783.24	48.5
0.6424	3832.22	48.5
0.6432	3881.22	48.5
0.6439	3930.32	48.5
0.6447	3979.5	48.5
0.6455	4028.99	48.5
0.6462	4078.07	48.5
0.647	4127.19	48.5
0.6477	4176.37	48.5
0.6484	4225.49	48.5
0.6491	4274.63	48.5
0.6498	4323.78	48.5
0.6505	4373.32	48.5
0.6512	4422.49	48.5
0.6519	4471.65	48.5
0.6526	4520.88	48.5
0.6533	4570.14	48.5
0.654	4619.4	48.5
0.6546	4668.52	48.5
0.6553	4718.14	48.5
0.656	4767.32	48.5
0.6566	4816.6	48.5
0.6573	4865.81	48.5
0.6579	4915.07	48.5
0.6585	4964.25	48.5
0.6592	5013.63	48.5
0.6598	5063.15	48.5
0.6604	5112.46	48.5
0.661	5161.71	48.5
0.6616	5211.05	48.5
0.6623	5260.27	48.5
0.6629	5309.6	48.5
0.6635	5359.19	48.5
0.6641	5408.86	48.5
0.6646	5458.18	48.5
0.6652	5507.49	48.5
0.6658	5556.79	48.5
0.6664	5606.14	48.5
0.667	5655.46	48.5
0.6675	5704.83	48.5
0.6681	5754.47	48.5
0.6686	5803.81	48.5
0.6692	5853.15	48.5
0.6698	5902.4	48.5
0.6703	5951.7	48.5
0.6709	6001.17	48.5
0.6714	6050.66	48.5
0.6719	6100.22	48.5
0.6725	6149.54	48.5
0.673	6199.12	48.5
0.6735	6248.57	48.5
0.6741	6297.86	48.5
0.6746	6347.26	48.5
0.6751	6396.72	48.5
0.6756	6446.52	48.5
0.6761	6495.78	48.5
0.6766	6545.16	48.5
0.6772	6594.73	48.5
0.6777	6644.02	48.5
0.6782	6693.39	48.5
0.6787	6742.84	48.5
0.6792	6792.74	48.5
0.6797	6841.79	48.5
0.6801	6891.18	48.5
0.6806	6940.75	48.5
0.6811	6990.31	48.5
0.6816	7039.74	48.5
0.6821	7089.1	48.5
0.6826	7139.02	48.5
0.683	7188.48	48.5
0.6835	7237.9	48.5
0.684	7287.21	48.5
0.6844	7336.81	48.5
0.6849	7386.22	48.5
0.6854	7435.74	48.5
0.6858	7485.47	48.5
0.6863	7534.98	48.5
0.6867	7584.34	48.5
0.6872	7633.92	48.5
0.6877	7683.25	48.5
0.6881	7732.88	48.5
0.6885	7782.41	48.5
0.689	7832.3	48.5
0.6894	7881.68	48.5
0.6899	7931.26	48.5
0.6903	7980.72	48.5
0.6907	8030.24	48.5
0.6912	8079.68	48.5
0.6916	8129.56	48.5
0.692	8179.23	48.5
0.6925	8228.63	48.5
0.6929	8278.15	48.5
0.6933	8327.61	48.5
0.6937	8377.22	48.5
0.6942	8426.66	48.5
0.6946	8476.55	48.5
0.695	8526.04	48.5
0.6954	8575.73	48.5
0.6958	8625.27	48.5
0.6963	8674.73	48.5
0.6967	8724.22	48.5
0.6971	8773.81	48.5
0.6975	8823.81	48.5
0.6979	8873.18	48.5
0.6983	8922.79	48.5
0.6987	8972.25	48.5
0.6991	9021.81	48.5
0.6995	9071.25	48.5
0.6999	9120.83	48.5
0.7003	9170.52	48.5
0.7003	9176.7	48.5
0.7003	9170.38	48.5
0.7003	9164.98	48.5
0.7003	9160.28	48.5
0.7002	9156	48.5
