# 70.0	62.145	58.932	62.06
    -0.00064	     1.79873
     0.00368	     1.80662
     0.00767	     1.81659
     0.01168	     1.83170
     0.01595	     1.85095
     0.01988	     1.86889
     0.02416	     1.88356
     0.02816	     1.89299
     0.03215	     1.90130
     0.03644	     1.91504
     0.04038	     1.93424
     0.04462	     1.96032
     0.04858	     1.97494
     0.05416	     1.77209
     0.06719	     0.26685
     0.07112	     0.28614
     0.07533	     0.31326
     0.07922	     0.34003
     0.08344	     0.36681
     0.08735	     0.38808
     0.09129	     0.40710
     0.09552	     0.42941
     0.09940	     0.45535
     0.10362	     0.49050
     0.10752	     0.51503
     0.11169	     0.54731
     0.11553	     0.58412
     0.11934	     0.62277
     0.12346	     0.66243
     0.12730	     0.69751
     0.13144	     0.73304
     0.13527	     0.76968
     0.13939	     0.81606
     0.14314	     0.86627
     0.14686	     0.91989
     0.15088	     0.97483
     0.15461	     1.02501
     0.15866	     1.08044
     0.16237	     1.13491
     0.16604	     1.19682
     0.16994	     1.27206
     0.17354	     1.34538
     0.17747	     1.42508
     0.18105	     1.50043
     0.18489	     1.58155
     0.18844	     1.66095
     0.19196	     1.74968
     0.19569	     1.85312
     0.19912	     1.95540
     0.20277	     2.06972
     0.20614	     2.17667
     0.20954	     2.28637
     0.21314	     2.41043
     0.21640	     2.53395
     0.21989	     2.67797
     0.22306	     2.81814
     0.22645	     2.97450
     0.22957	     3.12254
     0.23267	     3.27274
     0.23596	     3.44288
     0.23897	     3.61148
     0.24216	     3.80597
     0.24506	     3.99355
     0.24814	     4.19995
     0.25099	     4.38688
     0.25376	     4.59187
     0.25668	     4.82373
     0.25935	     5.04569
     0.26219	     5.29197
     0.26479	     5.52235
     0.26738	     5.76153
     0.27009	     6.02703
     0.27253	     6.28287
     0.27511	     6.56986
     0.27746	     6.84328
     0.27995	     7.14219
     0.28224	     7.42964
     0.28447	     7.72217
     0.28683	     8.04572
     0.28900	     8.34847
     0.29131	     8.68590
     0.29338	     9.00608
     0.29541	     9.33286
     0.29756	     9.69465
     0.29948	    10.03552
     0.30154	    10.41325
     0.30341	    10.76598
     0.30541	    11.15106
     0.30723	    11.51331
     0.30902	    11.88803
     0.31089	    12.29795
     0.31258	    12.68132
     0.31438	    13.10020
     0.31603	    13.49136
     0.31777	    13.91936
     0.31936	    14.32327
     0.32090	    14.73387
     0.32253	    15.18319
     0.32402	    15.60250
     0.32561	    16.06462
     0.32707	    16.49215
     0.32849	    16.92102
     0.33000	    17.39125
     0.33134	    17.83516
     0.33280	    18.31446
     0.33413	    18.76501
     0.33552	    19.25485
     0.33679	    19.71473
     0.33804	    20.18084
     0.33938	    20.68138
     0.34060	    21.14932
     0.34188	    21.65521
     0.34308	    22.12809
     0.34423	    22.60736
     0.34544	    23.12894
     0.34656	    23.61350
     0.34775	    24.14088
     0.34884	    24.62863
     0.35001	    25.16397
     0.35107	    25.65927
     0.35210	    26.15802
     0.35319	    26.70063
     0.35419	    27.20447
     0.35527	    27.75117
     0.35625	    28.25896
     0.35723	    28.76764
     0.35825	    29.32037
     0.35921	    29.84523
     0.36019	    30.40570
     0.36110	    30.92552
     0.36207	    31.48612
     0.36296	    32.00895
     0.36385	    32.53410
     0.36479	    33.10306
     0.36564	    33.63476
     0.36654	    34.20938
     0.36737	    34.74355
     0.36826	    35.32525
     0.36908	    35.86203
     0.36989	    36.39974
     0.37074	    36.97994
     0.37153	    37.52504
     0.37236	    38.11391
     0.37313	    38.65462
     0.37390	    39.20311
     0.37469	    39.79466
     0.37542	    40.34409
     0.37624	    40.94640
     0.37696	    41.49640
     0.37773	    42.09316
     0.37844	    42.64685
     0.37913	    43.19821
     0.37988	    43.80231
     0.38056	    44.36309
     0.38129	    44.96472
     0.38196	    45.52473
     0.38263	    46.09382
     0.38334	    46.70104
     0.38399	    47.26668
     0.38468	    47.87751
     0.38530	    48.44490
     0.38599	    49.05752
     0.38661	    49.62583
     0.38723	    50.19613
     0.38788	    50.81104
     0.38850	    51.38426
     0.38915	    52.01214
     0.38974	    52.58619
     0.39037	    53.20548
     0.39096	    53.78002
     0.39153	    54.35758
     0.39215	    54.97853
     0.39273	    55.55828
     0.39333	    56.18276
     0.39389	    56.76209
     0.39446	    57.35170
     0.39504	    57.98114
     0.39557	    58.56207
     0.39616	    59.19006
     0.39670	    59.77367
     0.39727	    60.40595
     0.39779	    60.99176
     0.39832	    61.57935
     0.39887	    62.21128
     0.39938	    62.79871
     0.39993	    63.44354
     0.40043	    64.03421
     0.40094	    64.62153
     0.40147	    65.25584
     0.40196	    65.84991
     0.40249	    66.48836
     0.40297	    67.08187
     0.40348	    67.72187
     0.40395	    68.31580
     0.40443	    68.91465
     0.40495	    69.55733
     0.40542	    70.15367
     0.40592	    70.79569
     0.40637	    71.39325
     0.40682	    71.99299
     0.40731	    72.63736
     0.40776	    73.23368
     0.40824	    73.87826
     0.40868	    74.48174
     0.40917	    75.13562
     0.40961	    75.73614
     0.41003	    76.33751
     0.41049	    76.98660
     0.41092	    77.58629
     0.41138	    78.23658
     0.41180	    78.84002
     0.41226	    79.49177
     0.41267	    80.09578
     0.41309	    80.70980
     0.41353	    81.36166
     0.41394	    81.96259
     0.41438	    82.61530
     0.41478	    83.22343
     0.41518	    83.83085
     0.41561	    84.48527
     0.41600	    85.09594
     0.41642	    85.75183
     0.41681	    86.35900
     0.41724	    87.01934
     0.41763	    87.63045
     0.41801	    88.23986
     0.41842	    88.89782
     0.41880	    89.50758
     0.41920	    90.16257
     0.41957	    90.77417
     0.41995	    91.38626
     0.42035	    92.04810
     0.42071	    92.66755
     0.42110	    93.32671
     0.42147	    93.93958
     0.42186	    94.60061
     0.42222	    95.21253
     0.42258	    95.82703
     0.42296	    96.48981
     0.42332	    97.10684
     0.42370	    97.77089
     0.42404	    98.38614
     0.42442	    99.05806
     0.42476	    99.67448
     0.42511	   100.28868
     0.42547	   100.95385
     0.42582	   101.56952
     0.42618	   102.23440
     0.42652	   102.85515
     0.42684	   103.47475
     0.42720	   104.13726
     0.42754	   104.76327
     0.42789	   105.42922
     0.42822	   106.04789
     0.42858	   106.71574
     0.42889	   107.33809
     0.42921	   107.96078
     0.42956	   108.62862
     0.42989	   109.24742
     0.43023	   109.91588
     0.43054	   110.53682
     0.43087	   111.16559
     0.43120	   111.83763
     0.43150	   112.45919
     0.43184	   113.12810
     0.43215	   113.75011
     0.43247	   114.42207
     0.43278	   115.04417
     0.43309	   115.66856
     0.43341	   116.34151
     0.43370	   116.96526
     0.43404	   117.64177
     0.43433	   118.26507
     0.43462	   118.88889
     0.43495	   119.56408
     0.43525	   120.19183
     0.43556	   120.86376
     0.43585	   121.48816
     0.43616	   122.16088
     0.43646	   122.78813
     0.43674	   123.42063
     0.43705	   124.09576
     0.43733	   124.72450
     0.43763	   125.39801
     0.43792	   126.02374
     0.43823	   126.69813
     0.43851	   127.32492
     0.43879	   127.95365
     0.43909	   128.63075
     0.43937	   129.25602
     0.43966	   129.94094
     0.43994	   130.57071
     0.44021	   131.19912
     0.44050	   131.87637
     0.44077	   132.50481
     0.44106	   133.18127
     0.44133	   133.81293
     0.44162	   134.49046
     0.44188	   135.12003
     0.44216	   135.75722
