# 74.0	65.298	62.491	65.18
    -0.00066	     1.80309
     0.00365	     1.81137
     0.00766	     1.81946
     0.01167	     1.83206
     0.01594	     1.85205
     0.01987	     1.87235
     0.02413	     1.89052
     0.02810	     1.90377
     0.03210	     1.91245
     0.03638	     1.92632
     0.04033	     1.94249
     0.04459	     1.96619
     0.04850	     1.98931
     0.05276	     2.01211
     0.05671	     2.02828
     0.06067	     2.04167
     0.06493	     2.05956
     0.06884	     2.08151
     0.07306	     2.11083
     0.07693	     2.13948
     0.08083	     2.16528
     0.08506	     2.18818
     0.08895	     2.20895
     0.09321	     2.23573
     0.09709	     2.26577
     0.10122	     2.30336
     0.10505	     2.34119
     0.10889	     2.37509
     0.11306	     2.40879
     0.11692	     2.43977
     0.12105	     2.47989
     0.12484	     2.52261
     0.12894	     2.57279
     0.13269	     2.62335
     0.13643	     2.67094
     0.14053	     2.71219
     0.14426	     2.76455
     0.14825	     2.82915
     0.15192	     2.89236
     0.16066	     2.09640
     0.16900	     1.42548
     0.17259	     1.49758
     0.17649	     1.58302
     0.18001	     1.66895
     0.18374	     1.77200
     0.18718	     1.87190
     0.19060	     1.97260
     0.19428	     2.08071
     0.19765	     2.19162
     0.20127	     2.30992
     0.20458	     2.42745
     0.20789	     2.55595
     0.21135	     2.70240
     0.21450	     2.84516
     0.21789	     3.00074
     0.22100	     3.15038
     0.22431	     3.31801
     0.22737	     3.47813
     0.23038	     3.64351
     0.23355	     3.83563
     0.23644	     4.02322
     0.23956	     4.22737
     0.24235	     4.42844
     0.24532	     4.65531
     0.24804	     4.86934
     0.25072	     5.08706
     0.25357	     5.32945
     0.25618	     5.56029
     0.25892	     5.82162
     0.26141	     6.07382
     0.26386	     6.33607
     0.26645	     6.62225
     0.26881	     6.89077
     0.27133	     7.18785
     0.27358	     7.48114
     0.27599	     7.79100
     0.27821	     8.09025
     0.28037	     8.39466
     0.28264	     8.73311
     0.28469	     9.05692
     0.28689	     9.41623
     0.28888	     9.74923
     0.29085	    10.08724
     0.29293	    10.45705
     0.29480	    10.80751
     0.29679	    11.19708
     0.29859	    11.56570
     0.30049	    11.96713
     0.30223	    12.34306
     0.30396	    12.72697
     0.30578	    13.14238
     0.30743	    13.53315
     0.30917	    13.96433
     0.31076	    14.37015
     0.31242	    14.81118
     0.31395	    15.22583
     0.31545	    15.64307
     0.31705	    16.09685
     0.31850	    16.52194
     0.32005	    16.99236
     0.32144	    17.43108
     0.32281	    17.87361
     0.32425	    18.35223
     0.32557	    18.80003
     0.32700	    19.28738
     0.32829	    19.74170
     0.32964	    20.23815
     0.33089	    20.70437
     0.33211	    21.17632
     0.33339	    21.68352
     0.33458	    22.15602
     0.33584	    22.66826
     0.33699	    23.14568
     0.33812	    23.63172
     0.33931	    24.15879
     0.34039	    24.64668
     0.34156	    25.17631
     0.34264	    25.66879
     0.34378	    26.21033
     0.34481	    26.71039
     0.34582	    27.21465
     0.34689	    27.76046
     0.34787	    28.26654
     0.34892	    28.81383
     0.34989	    29.32664
     0.35084	    29.84308
     0.35185	    30.40045
     0.35277	    30.92305
     0.35376	    31.48460
     0.35464	    32.00980
     0.35559	    32.57666
     0.35646	    33.10170
     0.35733	    33.62913
     0.35825	    34.19945
     0.35910	    34.73244
     0.35999	    35.31135
     0.36080	    35.84762
     0.36168	    36.43264
     0.36248	    36.97171
     0.36328	    37.51179
     0.36413	    38.09587
     0.36490	    38.63836
     0.36572	    39.23013
     0.36647	    39.77654
     0.36721	    40.32777
     0.36800	    40.92282
     0.36873	    41.46828
     0.36952	    42.07160
     0.37023	    42.62547
     0.37099	    43.22325
     0.37170	    43.78174
     0.37237	    44.33593
     0.37310	    44.93750
     0.37378	    45.49684
     0.37450	    46.10110
     0.37517	    46.66516
     0.37585	    47.23471
     0.37655	    47.84476
     0.37718	    48.41145
     0.37787	    49.02234
     0.37849	    49.58938
     0.37917	    50.20410
     0.37980	    50.77269
     0.38041	    51.34572
     0.38106	    51.96268
     0.38165	    52.53763
     0.38229	    53.16396
     0.38289	    53.73461
     0.38352	    54.35424
     0.38410	    54.93403
     0.38468	    55.51314
     0.38528	    56.13471
     0.38584	    56.71560
     0.38644	    57.34113
     0.38699	    57.92008
     0.38755	    58.50969
     0.38814	    59.13776
     0.38868	    59.72125
     0.38925	    60.35191
     0.38978	    60.93700
     0.39036	    61.56850
     0.39088	    62.15375
     0.39139	    62.74183
     0.39194	    63.37750
     0.39246	    63.96440
     0.39300	    64.60489
     0.39350	    65.19450
     0.39400	    65.78663
     0.39453	    66.42446
     0.39501	    67.01856
     0.39554	    67.65413
     0.39602	    68.24709
     0.39654	    68.88816
     0.39702	    69.48460
     0.39749	    70.08231
     0.39800	    70.72438
     0.39846	    71.32072
     0.39896	    71.96501
     0.39941	    72.56328
     0.39986	    73.16233
     0.40035	    73.80619
     0.40080	    74.40728
     0.40128	    75.05158
     0.40173	    75.65184
     0.40220	    76.30516
     0.40262	    76.90800
     0.40306	    77.51105
     0.40352	    78.15679
     0.40394	    78.75705
     0.40440	    79.40893
     0.40483	    80.01303
     0.40528	    80.66546
     0.40569	    81.26980
     0.40611	    81.87992
     0.40655	    82.53149
     0.40696	    83.13685
     0.40739	    83.78929
     0.40780	    84.39525
     0.40819	    85.00499
     0.40862	    85.66330
     0.40903	    86.26873
     0.40945	    86.92229
     0.40984	    87.53137
     0.41025	    88.19496
     0.41064	    88.80446
     0.41102	    89.41403
     0.41143	    90.07069
     0.41181	    90.68001
     0.41222	    91.33826
     0.41259	    91.95257
     0.41296	    92.56315
     0.41337	    93.22234
     0.41374	    93.84000
     0.41413	    94.50006
     0.41450	    95.11353
     0.41488	    95.77364
     0.41524	    96.38783
     0.41560	    97.00451
     0.41598	    97.66629
     0.41633	    98.28267
     0.41671	    98.94608
     0.41706	    99.56212
     0.41744	   100.23228
     0.41778	   100.84622
     0.41812	   101.46220
     0.41849	   102.12620
     0.41884	   102.74441
     0.41920	   103.40884
     0.41954	   104.02618
     0.41987	   104.64301
     0.42024	   105.30898
     0.42057	   105.93742
     0.42092	   106.60233
     0.42125	   107.22181
     0.42160	   107.89215
     0.42192	   108.50956
     0.42225	   109.12944
     0.42260	   109.79816
     0.42292	   110.41990
     0.42326	   111.08982
     0.42358	   111.71030
     0.42389	   112.33776
     0.42423	   113.00689
     0.42455	   113.62833
     0.42487	   114.29873
     0.42519	   114.92166
     0.42552	   115.59397
     0.42583	   116.21607
     0.42613	   116.83924
     0.42646	   117.50999
     0.42676	   118.13143
     0.42708	   118.81131
     0.42738	   119.43982
     0.42769	   120.06278
     0.42800	   120.73492
     0.42829	   121.36178
     0.42861	   122.03474
     0.42890	   122.65798
     0.42921	   123.33113
     0.42950	   123.95865
     0.42981	   124.58954
     0.43011	   125.26436
     0.43039	   125.89224
     0.43070	   126.56467
     0.43098	   127.19010
     0.43129	   127.86716
     0.43158	   128.49276
     0.43185	   129.12012
     0.43215	   129.79667
     0.43243	   130.42659
     0.43273	   131.11067
     0.43300	   131.73713
     0.43327	   132.36488
     0.43357	   133.04141
     0.43384	   133.67227
     0.43414	   134.34837
     0.43441	   134.97713
     0.43470	   135.65547
     0.43496	   136.28518
     0.43523	   136.92298
