1.00071	0.00000
1.18163	0.00001
1.36228	0.00476
1.53233	0.01991
1.66016	0.07144
1.75058	0.16197
1.81158	0.28073
1.85857	0.41446
1.89406	0.56212
1.92284	0.70978
1.94787	0.86708
1.96863	1.02790
1.98289	1.18619
2.00222	1.35033
2.01323	1.51387
2.03031	1.68119
2.04340	1.84889
2.05315	2.01385
2.06838	2.18180
2.07502	2.35346
2.08657	2.52001
2.09457	2.69175
2.10308	2.85961
2.10961	3.03444
2.11961	3.20554
2.12873	3.37304
2.13447	3.54805
2.14347	3.71578
2.14849	3.89191
2.15743	4.06408
2.16306	4.23497
2.17227	4.40689
2.17758	4.58284
2.18093	4.75419
2.18965	4.92662
2.19597	5.09774
2.20120	5.27344
2.20679	5.44968
2.21433	5.61800
2.21703	5.79324
2.22410	5.96412
2.23089	6.13766
2.23942	6.31167
2.25533	6.47124
2.30033	6.61050
2.41372	6.68023
2.56358	6.70725
2.73983	6.71684
2.91532	6.72161
3.09234	6.72621
