1.00041	0.00000
1.18157	0.00001
1.36221	0.00476
1.53016	0.02209
1.66006	0.07146
1.75003	0.16246
1.81093	0.28103
1.85736	0.41534
1.89348	0.56239
1.92234	0.70985
1.94671	0.86804
1.96758	1.02856
1.98254	1.18672
2.00049	1.35174
2.01273	1.51447
2.02979	1.68150
2.04203	1.85035
2.05257	2.01461
2.06724	2.18278
2.07386	2.35461
2.08616	2.52015
2.09313	2.69326
2.10096	2.86165
2.10961	3.03452
2.11923	3.20595
2.12691	3.37506
2.13336	3.54890
2.14174	3.71745
2.14819	3.89217
2.15422	4.06693
2.16127	4.23670
2.16872	4.41007
2.17454	4.58581
2.17930	4.75550
2.18651	4.93011
2.19213	5.10169
2.19757	5.27669
2.20333	5.45299
2.21029	5.62133
2.21332	5.79755
2.21980	5.96884
2.22319	6.14480
2.22938	6.32122
2.23480	6.49138
2.24061	6.66836
2.24924	6.84073
2.25105	7.01220
2.26078	7.18435
2.27096	7.35039
2.29695	7.50283
