1.00047	0.00000
1.18162	0.00000
1.36225	0.00476
1.53321	0.01905
1.66579	0.06583
1.75940	0.15346
1.82109	0.27132
1.86836	0.40493
1.90374	0.55249
1.93354	0.69914
1.95770	0.85736
1.98171	1.01507
1.99376	1.17557
2.01476	1.33859
2.02725	1.50059
2.04315	1.66731
2.05704	1.83608
2.06928	1.99826
2.08355	2.16745
2.09137	2.33753
2.10710	2.49954
2.12448	2.66263
2.17362	2.79075
2.29993	2.84870
2.46582	2.86776
2.64181	2.87257
2.82158	2.87729
3.00231	2.87787
3.18453	2.88110
3.36902	2.88200
3.54983	2.88203
3.73522	2.88205
3.92089	2.88205
4.09984	2.88205
4.28513	2.88205
4.46703	2.88205
4.65185	2.88205
4.83869	2.88205
5.01836	2.88207
5.20088	2.88206
5.38305	2.88206
5.56717	2.88208
5.75417	2.88206
5.93426	2.88208
6.12165	2.88238
6.30674	2.88217
6.48417	2.88230
6.67049	2.88216
6.85069	2.88209
7.03223	2.88212
