1.00051	0.00001
1.18161	0.00001
1.36226	0.00476
1.52837	0.02382
1.65581	0.07551
1.74628	0.16678
1.80569	0.28582
1.85156	0.42088
1.88842	0.56764
1.91675	0.71496
1.94059	0.87412
1.96261	1.03372
1.97576	1.19309
1.99505	1.35754
2.00780	1.51963
2.02410	1.68654
2.03796	1.85452
2.04691	2.01984
2.06037	2.18964
2.06672	2.36156
2.07925	2.52647
2.08552	2.70063
2.09465	2.86777
2.10278	3.04106
2.11325	3.21172
2.12035	3.38132
2.12740	3.55462
2.13391	3.72508
2.14012	3.90003
2.14808	4.07300
2.15338	4.24440
2.16271	4.41604
2.16782	4.59235
2.17089	4.76362
2.17944	4.93655
2.18509	5.10833
2.19074	5.28339
2.19611	5.45990
2.20077	5.63056
2.20344	5.80694
2.20970	5.97838
2.21371	6.15389
2.21974	6.33080
2.22405	6.50179
2.22961	6.67873
2.23651	6.85297
2.23681	7.02616
2.24241	7.20218
2.24803	7.37255
2.25248	7.54558
