1.00051	0.00000
1.18162	0.00000
1.36227	0.00476
1.53321	0.01906
1.66492	0.06670
1.75657	0.15732
1.81642	0.27562
1.86277	0.40968
1.89921	0.55723
1.92769	0.70433
1.95296	0.86220
1.97589	1.02053
1.98789	1.18116
2.00891	1.34362
2.02147	1.50609
2.03778	1.67325
2.04952	1.84351
2.06176	2.00581
2.07455	2.17629
2.08059	2.34807
2.09377	2.51238
2.10030	2.68618
2.10944	2.85339
2.11888	3.02540
2.12890	3.19648
2.13619	3.36604
2.14330	3.53937
2.15270	3.70678
2.15838	3.88222
2.16772	4.05395
2.17521	4.22312
2.18717	4.39214
2.20220	4.55880
2.24438	4.69226
2.35640	4.76340
2.51471	4.78661
2.68968	4.79618
2.87421	4.79840
3.05016	4.80183
3.23247	4.80223
3.41118	4.80581
3.59460	4.80657
3.78167	4.80659
3.96193	4.80659
4.14902	4.80659
4.33420	4.80660
4.51177	4.80662
4.69799	4.80662
4.87805	4.80664
5.05958	4.80678
