1.00069	0.00000
1.18163	0.00002
1.36229	0.00476
1.52840	0.02377
1.65803	0.07351
1.74667	0.16673
1.80619	0.28564
1.85295	0.41936
1.88942	0.56691
1.91726	0.71457
1.94279	0.87223
1.96293	1.03357
1.97751	1.19123
1.99595	1.35678
2.00793	1.51941
2.02433	1.68629
2.03837	1.85431
2.04692	2.01960
2.06365	2.18696
2.06918	2.35917
2.08055	2.52483
2.08811	2.69805
2.09550	2.86700
2.10455	3.03926
2.11428	3.21074
2.12368	3.37813
2.12850	3.55373
2.13664	3.72245
2.14335	3.89686
2.14886	4.07241
2.15595	4.24190
2.16346	4.41546
2.16896	4.59125
2.17447	4.76045
2.18080	4.93516
2.18691	5.10669
2.19187	5.28248
2.19744	5.45883
2.20538	5.62671
2.20689	5.80310
2.21369	5.97410
2.21814	6.14998
2.22371	6.32633
2.22812	6.49773
2.23492	6.67441
2.23941	6.84994
2.24126	7.02172
2.24689	7.19798
2.25233	7.36846
2.25755	7.54088
