1.00068	0.00000
1.18163	0.00001
1.36229	0.00476
1.53318	0.01908
1.66241	0.06918
1.75138	0.16136
1.81556	0.27644
1.85908	0.41384
1.89640	0.55997
1.92576	0.70646
1.94883	0.86621
1.97247	1.02424
1.98431	1.18480
2.00503	1.34813
2.01749	1.51017
2.03383	1.67717
2.04450	1.84797
2.05656	2.01032
2.07035	2.18033
2.07615	2.35235
2.08962	2.51635
2.09572	2.69068
2.10459	2.85811
2.11388	3.03015
2.12395	3.20130
2.13005	3.37175
2.13827	3.54422
2.14609	3.71323
2.15309	3.88739
2.15932	4.06216
2.16696	4.23117
2.17497	4.40422
2.18160	4.57893
2.18643	4.74944
2.19569	4.92153
2.20184	5.09242
2.20965	5.26534
2.21854	5.43831
2.23771	5.59495
2.28835	5.72359
2.40919	5.78315
2.57401	5.80235
2.75140	5.81174
2.92716	5.81650
3.11292	5.81808
3.29457	5.82126
3.47176	5.82127
3.65779	5.82127
3.83781	5.82143
4.01849	5.82269
