1.00069	0.00000
1.18162	0.00001
1.36229	0.00476
1.53256	0.01970
1.66020	0.07140
1.75064	0.16197
1.81194	0.28028
1.85857	0.41445
1.89408	0.56212
1.92287	0.70972
1.94792	0.86702
1.96927	1.02729
1.98299	1.18618
2.00294	1.34984
2.01364	1.51360
2.03054	1.68095
2.04362	1.84878
2.05359	2.01364
2.06844	2.18181
2.07511	2.35337
2.08622	2.51998
2.09465	2.69172
2.10304	2.85964
2.10961	3.03440
2.11970	3.20546
2.12881	3.37306
2.13457	3.54800
2.14346	3.71578
2.14850	3.89189
2.15736	4.06416
2.16306	4.23498
2.17205	4.40713
2.17743	4.58301
2.18067	4.75418
2.18927	4.92698
2.19568	5.09809
2.20138	5.27344
2.20683	5.44970
2.21365	5.61866
2.21656	5.79389
2.22411	5.96417
2.22925	6.13921
2.23919	6.31199
2.24953	6.47700
2.27904	6.63100
2.36654	6.72648
2.50595	6.76348
2.67677	6.77860
2.85165	6.78354
3.02903	6.78830
