0.147203	0.147208
0.147213	0.147218
0.147223	0.147228
0.147233	0.147238
0.147243	0.147248
0.147253	0.147258
0.147263	0.147268
0.147273	0.147278
0.147283	0.147288
0.147293	0.147298
0.147303	0.147308
0.147313	0.147318
0.147323	0.147328
0.147333	0.147338
0.147343	0.147348
0.147353	0.147358
0.147363	0.147368
0.147373	0.147378
0.147383	0.147388
0.147393	0.147398
0.147403	0.147408
0.147413	0.147418
0.147423	0.147428
0.147433	0.147438
0.147443	0.147448
0.147453	0.147458
0.147463	0.147468
0.147473	0.147478
0.147483	0.147488
0.147493	0.147498
0.147503	0.147508
0.147513	0.147518
0.147523	0.147528
0.147533	0.147538
0.147543	0.147548
0.147553	0.147558
0.147563	0.147568
0.147573	0.147578
0.147583	0.147588
0.147593	0.147598
0.147603	0.147608
0.147613	0.147618
0.147623	0.147628
0.147633	0.147638
0.147643	0.147648
0.147653	0.147658
0.147663	0.147668
0.147673	0.147678
0.147683	0.147688
0.147693	0.147698
0.147703	0.147708
0.147713	0.147718
0.147723	0.147728
0.147733	0.147738
0.147743	0.147748
0.147753	0.147758
0.147763	0.147768
0.147773	0.147778
0.147783	0.147788
0.147793	0.147798
0.147803	0.147808
0.147813	0.147818
0.147823	0.147828
0.147833	0.147838
0.147843	0.147848
0.147853	0.147858
0.147863	0.147868
0.147873	0.147878
0.147883	0.147888
0.147893	0.147898
0.147903	0.147908
0.147913	0.147918
0.147923	0.147928
0.147933	0.147938
0.147943	0.147948
0.147953	0.147958
0.147963	0.147968
0.147973	0.147978
0.147983	0.147988
0.147993	0.147998
0.148003	0.148008
0.148013	0.148018
0.148023	0.148028
0.148033	0.148038
0.148043	0.148048
0.148053	0.148058
0.148063	0.148068
0.148073	0.148078
0.148083	0.148088
0.148093	0.148098
0.148103	0.148108
0.148113	0.148118
0.148123	0.148128
0.148133	0.148138
0.148143	0.148148
0.148153	0.148158
0.148163	0.148168
0.148173	0.148178
0.148183	0.148188
0.148193	0.148198
0.146484	0.144043
0.146484	2.470703
3.676758	3.698730
3.708496	3.718262
3.725586	3.730469
3.735352	3.740234
3.742676	3.745117
3.750000	3.752441
3.754883	3.757324
0.146484	0.146484
0.146484	0.146484
0.144043	0.146484
0.146484	0.146484
0.146484	0.144043
0.146484	0.144043
0.144043	0.146484
3.652344	3.686523
3.703613	3.713379
3.723145	3.728027
3.732910	3.737793
3.742676	3.747559
3.750000	3.752441
3.757324	3.759766
0.207520	0.146484
0.146484	0.146484
0.146484	0.146484
0.146484	0.144043
0.146484	0.146484
0.146484	0.146484
0.146484	0.144043
0.185547	3.674316
3.696289	3.708496
3.718262	3.725586
3.730469	3.735352
3.740234	3.745117
3.750000	3.752441
3.754883	3.757324
3.762207	0.146484
0.144043	0.146484
0.146484	0.144043
0.144043	0.146484
0.144043	0.146484
0.146484	0.144043
0.144043	0.146484
0.146484	3.640137
3.686523	3.703613
3.713379	3.723145
3.728027	3.735352
3.740234	3.745117
3.747559	3.750000
3.754883	3.757324
3.759766	0.573730
0.144043	0.144043
0.144043	0.144043
0.144043	0.144043
0.146484	0.144043
0.146484	0.146484
0.144043	0.146484
0.144043	0.144043
3.671875	3.696289
3.708496	3.718262
3.728027	3.732910
3.737793	3.742676
3.745117	3.750000
3.754883	3.757324
3.759766	3.762207
0.146484	0.146484
0.146484	0.144043
0.146484	0.144043
0.144043	0.146484
0.144043	0.144043
0.146484	0.144043
0.146484	0.144043
3.610840	3.684082
3.703613	3.713379
3.723145	3.728027
3.735352	3.737793
3.745117	3.747559
3.750000	3.754883
3.757324	3.759766
2.612305	0.144043
0.144043	0.146484
0.144043	0.146484
0.146484	0.144043
0.144043	0.144043
0.146484	0.144043
0.144043	0.144043
0.144043	3.666992
3.693848	3.708496
3.718262	3.725586
3.730469	3.737793
3.740234	3.745117
3.750000	3.752441
3.757324	3.759766
3.762207	0.146484
0.144043	0.144043
0.144043	0.144043
0.144043	0.144043
0.144043	0.146484
0.144043	0.144043
