0.767100	5.078125
0.767600	5.078125
0.768100	5.078125
0.768600	5.078125
0.769100	5.078125
0.769600	5.078125
0.770100	5.083008
0.770600	5.078125
0.771100	5.078125
0.771600	5.078125
0.772100	5.078125
0.772600	5.078125
0.773100	5.078125
0.773600	5.078125
0.774100	5.083008
0.774600	5.083008
0.775100	5.083008
0.775600	4.853516
0.776100	4.853516
0.776600	4.853516
0.777100	4.853516
0.777600	4.853516
0.778100	4.853516
0.778600	4.853516
0.779100	4.853516
0.779600	4.853516
0.780100	4.853516
0.780600	4.853516
0.781100	4.853516
0.781600	4.853516
0.782100	4.853516
0.782600	4.848633
0.783100	4.853516
0.783600	4.853516
0.784100	4.853516
0.784600	4.853516
0.785100	4.853516
0.785600	4.853516
0.786100	4.853516
0.786600	4.853516
0.787100	4.853516
0.787600	4.853516
0.788100	4.853516
0.788600	4.853516
0.789100	4.853516
0.789600	4.853516
0.790100	-0.004883
0.790600	-0.004883
0.791100	-0.004883
0.791600	-0.004883
0.792100	-0.004883
0.792600	-0.004883
0.793100	-0.004883
0.793600	-0.004883
0.794100	-0.004883
0.794600	-0.004883
0.795100	-0.004883
0.795600	-0.004883
0.796100	-0.004883
0.796600	-0.004883
0.797100	-0.004883
0.797600	-0.004883
0.798100	-0.004883
0.798600	-0.004883
0.799100	-0.004883
0.799600	-0.004883
0.800100	-0.004883
0.800600	-0.004883
0.801100	-0.004883
0.801600	-0.004883
0.802100	-0.004883
0.802600	-0.004883
0.803100	-0.004883
0.803600	-0.004883
0.804100	4.707031
0.804600	5.083008
0.805100	5.083008
0.805600	5.083008
0.806100	5.083008
0.806600	5.087891
0.807100	5.083008
0.807600	5.083008
0.808100	5.083008
0.808600	5.083008
0.809100	5.083008
0.809600	5.083008
0.810100	5.083008
0.810600	5.083008
0.811100	5.083008
0.811600	5.083008
0.812100	5.083008
0.812600	5.083008
0.813100	5.083008
0.813600	5.083008
0.814100	5.083008
0.814600	5.083008
0.815100	5.083008
0.815600	5.083008
0.816100	5.083008
0.816600	5.083008
0.817100	5.083008
0.817600	5.083008
0.818100	5.083008
0.818600	4.858398
0.819100	4.858398
0.819600	4.858398
0.820100	4.858398
0.820600	4.858398
0.821100	4.858398
0.821600	4.858398
0.822100	4.858398
0.822600	4.858398
0.823100	4.858398
0.823600	4.858398
0.824100	4.858398
0.824600	4.858398
0.825100	4.858398
0.825600	4.858398
0.826100	4.858398
0.826600	4.858398
0.827100	4.858398
0.827600	4.858398
0.828100	4.858398
0.828600	4.858398
0.829100	4.858398
0.829600	4.858398
0.830100	4.858398
0.830600	4.858398
0.831100	4.858398
0.831600	4.858398
0.832100	4.858398
0.832600	2.080078
0.833100	-0.004883
0.833600	-0.004883
0.834100	0.000000
0.834600	-0.004883
0.835100	-0.004883
0.835600	0.000000
0.836100	0.000000
0.836600	0.000000
0.837100	-0.004883
0.837600	-0.004883
0.838100	0.000000
0.838600	-0.004883
0.839100	-0.004883
0.839600	-0.004883
0.840100	-0.004883
0.840600	0.000000
0.841100	-0.004883
0.841600	-0.004883
0.842100	-0.004883
0.842600	-0.004883
0.843100	-0.004883
0.843600	-0.004883
0.844100	-0.004883
0.844600	-0.004883
0.845100	-0.004883
0.845600	-0.004883
0.846100	-0.004883
0.846600	-0.004883
0.847100	5.083008
0.847600	5.083008
0.848100	5.083008
0.848600	5.083008
0.849100	5.083008
0.849600	5.087891
0.850100	5.083008
0.850600	5.083008
0.851100	5.083008
0.851600	5.087891
0.852100	5.083008
0.852600	5.083008
0.853100	5.083008
0.853600	5.087891
0.854100	5.083008
0.854600	5.083008
0.855100	5.083008
0.855600	5.087891
0.856100	5.083008
0.856600	5.083008
0.857100	5.083008
0.857600	5.083008
0.858100	5.083008
0.858600	5.083008
0.859100	5.083008
0.859600	5.083008
0.860100	5.083008
0.860600	5.083008
0.861100	5.083008
0.861600	4.853516
0.862100	4.853516
0.862600	4.853516
0.863100	4.853516
0.863600	4.858398
0.864100	4.853516
0.864600	4.853516
0.865100	4.853516
0.865600	4.858398
0.866100	4.858398
0.866600	4.858398