0	0.0225985815076264
200	0.121823122456569
400	0.220993563753746
600	0.320109949631795
800	0.41917232427514
1000	0.518180731820059
1200	0.617135216354741
1400	0.716035821919385
1600	0.814882592506249
1800	0.913675572059685
2000	1.01241480447623
2200	1.11110033360472
2400	1.20973220324625
2600	1.3083104571543
2800	1.40683513903483
3000	1.50530629254632
3200	1.60372396129974
3400	1.70208818885878
3600	1.80039901873976
3800	1.89865649441187
4000	1.99686065929716
4200	2.09501155677026
4400	2.19310923015917
4600	2.29115372274456
4800	2.38914507776045
5000	2.48708333839408
5200	2.58496854778527
5400	2.68280074902815
5600	2.78057998516923
5800	2.87830629920909
6000	2.97597973410099
6200	3.07360033275272
6400	3.17116813802501
6600	3.2686831927326
6800	3.36614553964328
7000	3.46355522147961
7200	3.56091228091711
7400	3.6582167605858
7600	3.75546870306911
7800	3.8526681509049
8000	3.94981514658551
8200	4.04690973255645
8400	4.14395195121826
8600	4.24094184492491
8800	4.3378794559862
9000	4.43476482666439
9200	4.53159799917747
9400	4.62837901569815
9600	4.72510791835299
9800	4.82178474922297
10000	4.9184095503449
10200	5.01498236370961
10400	5.11150323126204
10600	5.20797219490441
10800	5.30438929649049
11000	5.40075457783207
11200	5.49706808069512
11400	5.59332984679915
11600	5.68953991782047
11800	5.78569833539164
12000	5.88180514109686
12200	5.97786037648088
12400	6.07386408303866
12600	6.16981630222454
12800	6.26571707544603
13000	6.36156644406735
13200	6.457364449408
13400	6.55311113274331
13600	6.64880653530651
13800	6.74445069828186
14000	6.84004366281246
14200	6.9355854699986
14400	7.03107616089504
14600	7.12651577651194
14800	7.22190435781645
15000	7.31724194573351
15200	7.41252858114014
15400	7.50776430487404
15600	7.6029491577262
15800	7.6980831804478
16000	7.79316641374151
16200	7.88819889827062
16400	7.98318067465211
16600	8.07811178346239
16800	8.1729922652327
17000	8.26782216045085
17200	8.3626015095625
17400	8.45733035297106
17600	8.55200873103288
17800	8.64663668406896
18000	8.74121425234825
18200	8.83574147610359
18400	8.93021839552188
18600	9.02464505074673
18800	9.11902148188236
19000	9.21334772898566
19200	9.30762383207788
19400	9.40184983112834
19600	9.49602576607269
19800	9.59015167679799
20000	9.68422760315054
20200	9.77825358493894
20400	9.87222966192294
20600	9.96615587382431
20800	10.0600322603198
21000	10.1538588610462
21200	10.2476357155974
21400	10.3413628635264
21600	10.4350403443388
21800	10.5286681975117
22000	10.6222464624643
22200	10.7157751785826
22400	10.8092543850727
22600	10.9026841127805
22800	10.9960638721556
23000	11.0893607585239
23200	11.1807007782399
23400	11.2436776193513
23600	11.269106152778
23800	11.2822252126648
24000	11.2907565897039
24200	11.2969965768487
24400	11.3018808351918
24600	11.3058745222963
24800	11.3092405641524
25000	11.3121414212142
25200	11.3146842354138
25400	11.3169432683871
25600	11.3189720478703
25800	11.3208103968056
26000	11.3224887251323
26200	11.3240307681726
26400	11.3254553993501
26600	11.3267778681996
26800	11.3280106688606
27000	11.3291641637061
27200	11.3302470403858
27400	11.3312666528823
27600	11.3322292892666
27800	11.3331403323486
28000	11.3340044753346
28200	11.334825801258
28400	11.3356078919209
28600	11.3363539063324
28800	11.337066644413
29000	11.3377485991603
29200	11.3384019996938
29400	11.3390288470246
29600	11.3396309439762
29800	11.3402099203648
30000	11.3407672543137
30200	11.3413042903893
30400	11.3418222551128
30600	11.3423222702881
30800	11.3428053645053
31000	11.3432724831103
31200	11.34372449688
31400	11.3441622095993
31600	11.3445863647016
31800	11.3449976511094
32000	11.3453967083866
32200	11.3457841312983
32400	11.3461604738579
32600	11.3465262529277
32800	11.346881951433
33000	11.3472280212365
33200	11.347564885716
33400	11.347892942081
33600	11.34821256346
33800	11.3485241007835
34000	11.3488278844885
34200	11.349124226062
34400	11.3494134194436
34600	11.3496957423006
34800	11.34997145719
35000	11.3502408126193
35200	11.3505040440162
35400	11.3507613746164
35600	11.3510130162779
35800	11.3512591702287
36000	11.3515000277546
36200	11.3517357708321
36400	11.3519665727128
36600	11.3521925984621
36800	11.3524140054581
37000	11.3526309438525
37200	11.3528435569982
37400	11.3530519818457
37600	11.3532563493114
37800	11.3534567846202
38000	11.3536534076234
38200	11.3538463330962
38400	11.3540356710139
38600	11.3542215268104
38800	11.3544040016194
39000	11.3545831924998
39200	11.3547591926473
39400	11.3549320915918
39600	11.3551019753825
39800	11.3552689267623
40000	11.3554330253309
40200	11.355594347698
40400	11.3557529676279
40600	11.3559089561749
40800	11.3560623818113
41000	11.356213310548
41200	11.3563618060477
41400	11.3565079297324
41600	11.3566517408845
41800	11.3567932967424
42000	11.3569326525908
42200	11.3570698618464
42400	11.3572049761386
42600	11.3573380453865
42800	11.3574691178709
43000	11.3575982403039
43200	11.3577254578937
43400	11.3578508144067
43600	11.3579743522266
43800	11.3580961124102
44000	11.3582161347405
44200	11.3583344577772
44400	11.3584511189052
44600	11.35856615438
44800	11.3586795993716
45000	11.3587914880059
45200	11.3589018534045
45400	11.3590107277222
45600	11.3591181421835
45800	11.3592241271166
46000	11.3593287119864
46200	11.3594319254261
46400	11.3595337952668
46600	11.3596343485665
46800	11.3597336116374
47000	11.3598316100723
47200	11.3599283687693
47400	11.3600239119563
47600	11.3601182632139
47800	11.3602114454973
48000	11.3603034811577
48200	11.3603943919623
48400	11.360484199114
48600	11.36057292327
48800	11.3606605845594
49000	11.3607472026009
49200	11.360832796519
49400	11.3609173849599
49600	11.3610009861067
49800	11.3610836176941
50000	11.3611652970227
50200	11.3612460409721
50400	11.361325866014
50600	11.3614047882253
50800	11.3614828232995
51000	11.3615599865586
51200	11.3616362929643
51400	11.3617117571288
51600	11.361786393325
51800	11.3618602154968
52000	11.3619332372685
52200	11.3620054719543
52400	11.3620769325671
52600	11.3621476318273
52800	11.3622175821712
53000	11.3622867957587
53200	11.3623552844817
53400	11.362423059971
53600	11.3624901336041
53800	11.3625565165119
54000	11.3626222195854
54200	11.3626872534827
54400	11.3627516286348
54600	11.3628153552522
54800	11.3628784433304
55000	11.362940902656
55200	11.3630027428121
55400	11.3630639731835
55600	11.3631246029622
55800	11.3631846411524
56000	11.363244096575
56200	11.3633029778728
56400	11.3633612935148
56600	11.3634190518005
56800	11.3634762608648
57000	11.3635329286813
57200	11.3635890630669
57400	11.3636446716858
57600	11.3636997620529
57800	11.3637543415374
58000	11.3638084173671
58200	11.3638619966311
58400	11.3639150862834
58600	11.3639676931462
58800	11.3640198239132
59000	11.3640714851525
59200	11.3641226833094
59400	11.3641734247098
59600	11.3642237155624
59800	11.3642735619621
60000	11.3643229698921
60200	11.3643719452268
60400	11.364420493734
60600	11.3644686210778
60800	11.3645163328206
61000	11.3645636344254
61200	11.3646105312584
61400	11.3646570285907
61600	11.3647031316008
61800	11.3647488453765
62000	11.3647941749169
62200	11.3648391251343
62400	11.3648837008565
62600	11.3649279068281
62800	11.3649717477123
63000	11.3650152280935
63200	11.3650583524778
63400	11.3651011252957
63600	11.3651435509031
63800	11.365185633583
64000	11.3652273775472
64200	11.3652687869378
64400	11.3653098658285
64600	11.3653506182259
64800	11.3653910480713
65000	11.3654311592419
65200	11.3654709555518
65400	11.3655104407536
65600	11.3655496185399
65800	11.3655884925437
66000	11.3656270663406
66200	11.3656653434491
66400	11.3657033273324
66600	11.365741021399
66800	11.3657784290042
67000	11.3658155534508
67200	11.3658523979903
67400	11.3658889658239
67600	11.3659252601036
67800	11.365961283933
68000	11.365997040368
68200	11.3660325324184
68400	11.3660677630482
68600	11.3661027351764
68800	11.3661374516786
69000	11.3661719153868
69200	11.3662061290913
69400	11.3662400955405
69600	11.3662738174423
69800	11.3663072974647
70000	11.3663405382364
70200	11.3663735423478
70400	11.3664063123516
70600	11.3664388507631
70800	11.3664711600617
71000	11.3665032426907
71200	11.3665351010586
71400	11.3665667375393
71600	11.366598154473
71800	11.3666293541666
72000	11.3666603388945
72200	11.3666911108991
72400	11.3667216723912
72600	11.3667520255508
72800	11.3667821725274
73000	11.366812115441
73200	11.3668418563819
73400	11.3668713974119
73600	11.3669007405644
73800	11.3669298878449
74000	11.3669588412317
74200	11.3669876026763
74400	11.3670161741036
74600	11.3670445574128
74800	11.3670727544773
75000	11.3671007671457
75200	11.3671285972417
75400	11.3671562465651
75600	11.3671837168914
75800	11.3672110099731
76000	11.3672381275394
76200	11.3672650712969
76400	11.36729184293
76600	11.3673184441009
76800	11.3673448764506
77000	11.3673711415987
77200	11.3673972411438
77400	11.3674231766642
77600	11.3674489497179
77800	11.367474561843
78000	11.3675000145582
78200	11.3675253093627
78400	11.3675504477369
78600	11.3675754311427
78800	11.3676002610234
79000	11.3676249388045
79200	11.3676494658936
79400	11.3676738436807
79600	11.3676980735388
79800	11.3677221568239
80000	11.3677460948753
80200	11.3677698890158
80400	11.3677935405521
80600	11.367817050775
80800	11.3678404209596
81000	11.3678636523655
81200	11.3678867462372
81400	11.3679097038042
81600	11.3679325262811
81800	11.3679552148682
82000	11.3679777707514
82200	11.3680001951025
82400	11.3680224890794
82600	11.3680446538264
82800	11.3680666904742
83000	11.3680886001403
83200	11.3681103839293
83400	11.3681320429326
83600	11.3681535782291
83800	11.3681749908851
84000	11.3681962819546
84200	11.3682174524796
84400	11.3682385034898
84600	11.3682594360035
84800	11.368280251027
85000	11.3683009495555
85200	11.3683215325725
85400	11.3683420010506
85600	11.3683623559516
85800	11.368382598226
86000	11.368402728814
86200	11.3684227486453
86400	11.3684426586389
86600	11.368462459704
86800	11.3684821527393
87000	11.3685017386338
87200	11.3685212182668
87400	11.3685405925076
87600	11.3685598622162
87800	11.3685790282432
88000	11.3685980914298
88200	11.3686170526081
88400	11.3686359126013
88600	11.3686546722236
88800	11.3686733322803
89000	11.3686918935682
89200	11.3687103568756
89400	11.3687287229822
89600	11.3687469926595
89800	11.3687651666708
90000	11.3687832457712
90200	11.3688012307079
90400	11.3688191222203
90600	11.3688369210398
90800	11.3688546278904
91000	11.3688722434883
91200	11.3688897685423
91400	11.3689072037539
91600	11.3689245498172
91800	11.3689418074192
92000	11.3689589772398
92200	11.3689760599519
92400	11.3689930562215
92600	11.3690099667076
92800	11.3690267920629
93000	11.3690435329329
93200	11.369060189957
93400	11.369076763768
93600	11.3690932549921
93800	11.3691096642494
94000	11.3691259921536
94200	11.3691422393126
94400	11.3691584063278
94600	11.3691744937948
94800	11.3691905023033
95000	11.369206432437
95200	11.369222284774
95400	11.3692380598865
95600	11.3692537583414
95800	11.3692693806996
96000	11.3692849275167
96200	11.3693003993431
96400	11.3693157967234
96600	11.3693311201971
96800	11.3693463702987
97000	11.3693615475572
97200	11.3693766524965
97400	11.3693916856357
97600	11.3694066474887
97800	11.3694215385646
98000	11.3694363593675
98200	11.3694511103969
98400	11.3694657921474
98600	11.3694804051089
98800	11.3694949497667
99000	11.3695094266015
99200	11.3695238360896
99400	11.3695381787026
99600	11.3695524549079
99800	11.3695666651683
100000	11.3695808099425
 
