Time - Plot 0	Amplitude - Plot 0	Time - Plot 1	Amplitude - Plot 1	
0	4.85107	0	0	
1	4.85107	1	-0.0219727	
2	0.00244141	2	-0.00244141	
3	-0.00244141	3	-0.00244141	
4	-0.00488281	4	-0.00244141	
5	-0.00732422	5	-0.00244141	
6	-0.00976562	6	-0.00244141	
7	-0.00976562	7	-0.00244141	
8	-0.00976562	8	-0.00244141	
9	-0.00976562	9	-0.00244141	
10	-0.00976562	10	-0.00244141	
11	-0.00976562	11	-0.00244141	
12	-0.00976562	12	-0.00244141	
13	-0.00976562	13	-0.00244141	
14	-0.012207	14	-0.00244141	
15	-0.00976562	15	-0.00244141	
16	-0.00976562	16	-0.00244141	
17	-0.00488281	17	-0.00244141	
18	-0.00976562	18	-0.00244141	
19	-0.00976562	19	-0.00244141	
20	-0.00976562	20	-0.00244141	
21	-0.00976562	21	-0.00244141	
22	-0.00732422	22	-0.00244141	
23	-0.00976562	23	-0.00244141	
24	-0.012207	24	-0.00244141	
25	-0.00976562	25	-0.00244141	
26	-0.00732422	26	-0.00244141	
27	4.84131	27	4.99756	
28	4.84619	28	4.99756	
29	4.85352	29	4.99756	
30	4.85352	30	4.99756	
31	4.85352	31	4.99756	
32	4.85352	32	4.99756	
33	4.85352	33	4.99756	
34	4.85352	34	4.99756	
35	4.85352	35	4.99756	
36	4.85352	36	4.99756	
37	4.85352	37	4.99756	
38	4.85352	38	4.99756	
39	4.85352	39	4.99756	
40	4.85352	40	4.99756	
41	4.85352	41	4.99756	
42	4.85352	42	4.99756	
43	4.85107	43	4.99756	
44	4.85107	44	4.99756	
45	4.85352	45	4.99756	
46	4.85352	46	4.99756	
47	4.85352	47	4.99756	
48	4.85352	48	4.99756	
49	4.85107	49	4.99756	
50	4.85107	50	4.99756	
51	4.85352	51	4.99756	
52	0.00488281	52	4.99756	
53	-0.00244141	53	4.99756	
54	-0.00488281	54	4.99756	
55	-0.00732422	55	4.99756	
56	-0.00732422	56	4.99756	
57	-0.00976562	57	4.99756	
58	-0.00732422	58	4.99756	
59	-0.00732422	59	4.99756	
60	-0.00976562	60	4.99756	
61	-0.00976562	61	4.99756	
62	-0.00732422	62	4.99756	
63	-0.00976562	63	4.99756	
64	-0.00976562	64	4.99756	
65	-0.00732422	65	4.99756	
66	-0.00732422	66	4.99756	
67	-0.00732422	67	4.99756	
68	-0.00732422	68	4.99756	
69	-0.00732422	69	4.99756	
70	-0.00732422	70	4.99756	
71	-0.00976562	71	4.99756	
72	-0.00732422	72	4.99756	
73	-0.00732422	73	4.99756	
74	-0.00488281	74	4.99756	
75	-0.00976562	75	4.99756	
76	-0.00732422	76	4.99756	
77	4.82178	77	-0.00244141	
78	4.84619	78	0	
79	4.84863	79	0	
80	4.85107	80	0	
81	4.85107	81	0	
82	4.85352	82	0	
83	4.85352	83	0	
84	4.85107	84	0	
85	4.85107	85	0	
86	4.85352	86	0	
87	4.85352	87	0	
88	4.85352	88	0	
89	4.85107	89	-0.00244141	
90	4.85107	90	0	
91	4.85107	91	0	
92	4.85352	92	0	
93	4.85107	93	0	
94	4.85107	94	0	
95	4.85352	95	-0.00244141	
96	4.85352	96	-0.00244141	
97	4.85107	97	0	
98	4.85107	98	0	
99	4.85107	99	0	
100	4.85352	100	0	
101	4.85107	101	0	
102	0.0244141	102	-0.00244141	
103	-0.00488281	103	-0.00244141	
104	-0.00732422	104	-0.00244141	
105	-0.00732422	105	-0.00244141	
106	-0.00976562	106	-0.00244141	
107	-0.012207	107	-0.00244141	
108	-0.00732422	108	-0.00244141	
109	-0.012207	109	-0.00244141	
110	-0.00732422	110	-0.00244141	
111	-0.00976562	111	-0.00244141	
112	-0.00976562	112	-0.00244141	
113	-0.00976562	113	-0.00244141	
114	-0.012207	114	-0.00244141	
115	-0.00976562	115	-0.00244141	
116	-0.00976562	116	-0.00244141	
117	-0.012207	117	-0.00244141	
118	-0.00732422	118	-0.00244141	
119	-0.00976562	119	-0.00244141	
120	-0.00976562	120	-0.00244141	
121	-0.00732422	121	-0.00244141	
122	-0.00732422	122	-0.00244141	
123	-0.00976562	123	-0.00244141	
124	-0.00976562	124	-0.00244141	
125	-0.00732422	125	-0.00244141	
126	-0.00976562	126	-0.00244141	
127	4.55566	127	0	
128	4.84619	128	-0.00244141	
129	4.84863	129	0	
130	4.85352	130	0	
131	4.85352	131	0	
132	4.85352	132	-0.00244141	
133	4.85352	133	0	
134	4.85352	134	-0.00244141	
135	4.85107	135	0	
136	4.85352	136	0	
137	4.85352	137	0	
138	4.85107	138	0	
139	4.85107	139	0	
140	4.85107	140	-0.00244141	
141	4.85352	141	0	
142	4.85352	142	-0.00244141	
143	4.85107	143	-0.00244141	
144	4.85352	144	-0.00244141	
145	4.85107	145	0	
146	4.85352	146	-0.00244141	
147	4.85107	147	0	
148	4.85107	148	0	
149	4.85107	149	0	
150	4.85107	150	-0.00244141	
151	4.85107	151	0	
152	0.378418	152	-0.00244141	
153	-0.00244141	153	-0.00244141	
154	-0.00732422	154	-0.00244141	
155	-0.00732422	155	-0.00244141	
156	-0.00976562	156	-0.00244141	
157	-0.012207	157	-0.00244141	
158	-0.00732422	158	-0.00244141	
159	-0.00976562	159	-0.00244141	
160	-0.00976562	160	-0.00244141	
161	-0.00976562	161	-0.00244141	
162	-0.012207	162	-0.00244141	
163	-0.00732422	163	-0.00244141	
164	-0.00976562	164	-0.00244141	
165	-0.012207	165	-0.00244141	
166	-0.00976562	166	-0.00244141	
167	-0.00732422	167	-0.00244141	
168	-0.00976562	168	-0.00244141	
169	-0.00732422	169	-0.00244141	
170	-0.012207	170	-0.00244141	
171	-0.00732422	171	-0.00244141	
172	-0.00732422	172	-0.00244141	
173	-0.00976562	173	-0.00244141	
174	-0.00976562	174	-0.00244141	
175	-0.00732422	175	-0.00244141	
176	-0.00976562	176	-0.00244141	
177	0.76416	177	4.99756	
178	4.84375	178	4.99756	
179	4.84863	179	4.99756	
180	4.85352	180	4.99756	
181	4.85352	181	4.99756	
182	4.85352	182	4.99756	
183	4.85352	183	4.99756	
184	4.85107	184	4.99756	
185	4.85596	185	4.99756	
186	4.85352	186	4.99756	
187	4.85352	187	4.99756	
188	4.85352	188	4.99756	
189	4.85352	189	4.99756	
190	4.85352	190	4.99756	
191	4.85352	191	4.99756	
192	4.85352	192	4.99756	
193	4.85107	193	4.99756	
194	4.85596	194	4.99756	
195	4.85352	195	4.99756	
196	4.85352	196	4.99756	
197	4.85107	197	4.99756	
198	4.85352	198	4.99756	
199	4.85352	199	4.99756	
200	4.85107	200	4.99756	
201	4.85352	201	4.99756	
202	4.54346	202	4.99756	
203	-0.00244141	203	4.99756	
204	-0.00488281	204	4.99756	
205	-0.00488281	205	4.99756	
206	-0.00976562	206	4.99756	
207	-0.00976562	207	4.99756	
208	-0.00976562	208	4.99756	
209	-0.00976562	209	4.99756	
210	-0.00976562	210	4.99756	
211	-0.00976562	211	4.99756	
212	-0.00976562	212	4.99756	
213	-0.012207	213	4.99756	
214	-0.00976562	214	4.99756	
215	-0.00732422	215	4.99756	
216	-0.00976562	216	4.99756	
217	-0.00976562	217	4.99756	
218	-0.00976562	218	4.99756	
219	-0.00976562	219	4.99756	
220	-0.00976562	220	4.99756	
221	-0.00732422	221	4.99756	
222	-0.00976562	222	4.99756	
223	-0.00732422	223	4.99756	
224	-0.00976562	224	4.99756	
225	-0.00732422	225	4.99756	
226	-0.00732422	226	4.99756	
227	-0.00976562	227	0	
228	4.84375	228	-0.00244141	
229	4.84619	229	0	
230	4.84863	230	0	
231	4.85107	231	0	
232	4.85352	232	0	
233	4.85352	233	0	
234	4.85107	234	0	
235	4.85107	235	-0.00244141	
236	4.85352	236	0	
237	4.85107	237	0	
238	4.85352	238	0	
239	4.85352	239	-0.00244141	
240	4.85107	240	0	
241	4.85107	241	0	
242	4.85352	242	-0.00244141	
243	4.85107	243	0	
244	4.85107	244	0	
245	4.85107	245	0	
246	4.85352	246	0	
247	4.85352	247	0	
248	4.85107	248	0	
249	4.85107	249	0	
250	4.85107	250	0	
251	4.85107	251	0	
252	4.85107	252	0	
253	-0.00244141	253	-0.00244141	
254	-0.00244141	254	-0.00244141	
255	-0.00732422	255	-0.00244141	
256	-0.00732422	256	-0.00244141	
257	-0.012207	257	-0.00244141	
258	-0.012207	258	-0.00244141	
259	-0.012207	259	-0.00244141	
260	-0.012207	260	-0.00244141	
261	-0.00976562	261	-0.00244141	
262	-0.00976562	262	-0.00244141	
263	-0.00976562	263	-0.00244141	
264	-0.00976562	264	-0.00244141	
265	-0.00976562	265	-0.00244141	
266	-0.00976562	266	-0.00244141	
267	-0.012207	267	-0.00244141	
268	-0.00732422	268	-0.00244141	
269	-0.00732422	269	-0.00244141	
270	-0.00976562	270	-0.00244141	
271	-0.00732422	271	-0.00244141	
272	-0.00976562	272	-0.00244141	
273	-0.012207	273	-0.00244141	
274	-0.00976562	274	-0.00244141	
275	-0.00732422	275	-0.00244141	
276	-0.012207	276	-0.00244141	
277	-0.00732422	277	0	
278	4.84375	278	-0.00244141	
279	4.84863	279	0	
280	4.85352	280	-0.00244141	
281	4.85107	281	0	
282	4.85107	282	0	
283	4.85107	283	0	
284	4.85107	284	-0.00244141	
285	4.85352	285	-0.00244141	
286	4.85352	286	-0.00244141	
287	4.85107	287	0	
288	4.85352	288	0	
289	4.85352	289	0	
290	4.85107	290	-0.00244141	
291	4.85107	291	0	
292	4.85352	292	0	
293	4.85107	293	0	
294	4.85107	294	-0.00244141	
295	4.85352	295	0	
296	4.85352	296	0	
297	4.85107	297	0	
298	4.85107	298	0	
299	4.85107	299	0	
300	4.85107	300	-0.00244141	
301	4.85107	301	0	
302	4.85107	302	-0.00244141	
303	0.00244141	303	-0.00244141	
304	-0.00488281	304	-0.00244141	
305	-0.00976562	305	-0.00244141	
306	-0.00976562	306	-0.00244141	
307	-0.00732422	307	-0.00244141	
308	-0.012207	308	-0.00244141	
309	-0.00976562	309	-0.00244141	
310	-0.012207	310	-0.00244141	
311	-0.012207	311	-0.00244141	
312	-0.012207	312	-0.00244141	
313	-0.00976562	313	-0.00244141	
314	-0.00976562	314	-0.00244141	
315	-0.00732422	315	-0.00244141	
316	-0.00976562	316	-0.00244141	
317	-0.00976562	317	-0.00244141	
318	-0.012207	318	-0.00244141	
319	-0.00976562	319	-0.00244141	
320	-0.00732422	320	-0.00244141	
321	-0.00976562	321	-0.00244141	
322	-0.00976562	322	-0.00244141	
323	-0.00732422	323	-0.00244141	
324	-0.00976562	324	-0.00244141	
325	-0.00976562	325	-0.00244141	
326	-0.00732422	326	-0.00244141	
327	-0.012207	327	4.46533	
328	4.84131	328	4.99756	
329	4.84863	329	4.99756	
330	4.85107	330	4.99756	
331	4.85352	331	4.99756	
332	4.85352	332	4.99756	
333	4.85352	333	4.99756	
334	4.85352	334	4.99756	
335	4.85352	335	4.99756	
336	4.85352	336	4.99756	
337	4.85352	337	4.99756	
338	4.85352	338	4.99756	
339	4.85107	339	4.99756	
340	4.85107	340	4.99756	
341	4.85352	341	4.99756	
342	4.85107	342	4.99756	
343	4.85352	343	4.99756	
344	4.85107	344	4.99756	
345	4.85107	345	4.99756	
346	4.85352	346	4.99756	
347	4.85107	347	4.99756	
348	4.85107	348	4.99756	
349	4.85352	349	4.99756	
350	4.85352	350	4.99756	
351	4.85107	351	4.99756	
352	4.85107	352	4.99756	
353	0.00244141	353	4.99756	
354	-0.00488281	354	4.99756	
355	-0.00488281	355	4.99756	
356	-0.00976562	356	4.99756	
357	-0.00732422	357	4.99756	
358	-0.00976562	358	4.99756	
359	-0.00976562	359	4.99756	
360	-0.00976562	360	4.99756	
361	-0.00976562	361	4.99756	
362	-0.00732422	362	4.99756	
363	-0.00976562	363	4.99756	
364	-0.00732422	364	4.99756	
365	-0.00976562	365	4.99756	
366	-0.00976562	366	4.99756	
367	-0.00976562	367	4.99756	
368	-0.00732422	368	4.99756	
369	-0.00976562	369	4.99756	
370	-0.00732422	370	4.99756	
371	-0.00976562	371	4.99756	
372	-0.00732422	372	4.99756	
373	-0.00976562	373	4.99756	
374	-0.00732422	374	4.99756	
375	-0.00976562	375	4.99756	
376	-0.00976562	376	4.99756	
377	-0.00732422	377	4.99756	
378	4.84131	378	0	
379	4.84863	379	0	
380	4.85107	380	0	
381	4.85352	381	0	
382	4.85107	382	0	
383	4.85352	383	-0.00244141	
384	4.85352	384	-0.00244141	
385	4.85107	385	0	
386	4.85352	386	0	
387	4.85107	387	0	
388	4.85352	388	0	
389	4.85107	389	-0.00244141	
390	4.85596	390	0	
391	4.85107	391	0	
392	4.85352	392	0	
393	4.85352	393	0	
394	4.85107	394	0	
395	4.85107	395	0	
396	4.85352	396	-0.00244141	
397	4.85107	397	0	
398	4.85352	398	0	
399	4.85352	399	0	
400	4.85107	400	0	
401	4.85352	401	0	
402	4.85107	402	-0.012207	
403	0.00244141	403	-0.00244141	
404	-0.00488281	404	-0.00244141	
405	-0.00732422	405	-0.00244141	
406	-0.00732422	406	-0.00244141	
407	-0.00976562	407	-0.00244141	
408	-0.00976562	408	-0.00244141	
409	-0.00976562	409	-0.00244141	
410	-0.00732422	410	-0.00244141	
411	-0.00976562	411	-0.00244141	
412	-0.00976562	412	-0.00244141	
413	-0.00976562	413	-0.00244141	
414	-0.00732422	414	-0.00244141	
415	-0.012207	415	-0.00244141	
416	-0.00976562	416	-0.00244141	
417	-0.012207	417	-0.00244141	
418	-0.00976562	418	-0.00244141	
419	-0.012207	419	-0.00244141	
420	-0.00976562	420	-0.00244141	
421	-0.00976562	421	-0.00244141	
422	-0.00976562	422	-0.00244141	
423	-0.00976562	423	0	
424	-0.00976562	424	-0.00244141	
425	-0.00976562	425	-0.00244141	
426	-0.00732422	426	-0.00244141	
427	-0.00976562	427	-0.00244141	
428	4.83887	428	-0.00244141	
429	4.84619	429	0	
430	4.84863	430	0	
431	4.85107	431	0	
432	4.85352	432	0	
433	4.85352	433	0	
434	4.85352	434	0	
435	4.85352	435	0	
436	4.85352	436	-0.00244141	
437	4.85352	437	0	
438	4.85352	438	0	
439	4.85107	439	0	
440	4.85352	440	-0.00244141	
441	4.85107	441	0	
442	4.85107	442	0	
443	4.85107	443	0	
444	4.85107	444	0	
445	4.85107	445	-0.00244141	
446	4.85107	446	0	
447	4.85352	447	0	
448	4.85107	448	-0.00244141	
449	4.85107	449	0	
