Time - Plot 0	Amplitude - Plot 0	Time - Plot 1	Amplitude - Plot 1	
0	4.99756	0	4.99756	
1	4.99756	1	4.99756	
2	4.99756	2	4.99756	
3	0.305176	3	0.0170898	
4	0.012207	4	0.0170898	
5	0.012207	5	0.0170898	
6	0.00976562	6	0.0170898	
7	0.012207	7	0.0170898	
8	0.00976562	8	0.0170898	
9	0.012207	9	0.0170898	
10	0.012207	10	0.0170898	
11	0.012207	11	0.0170898	
12	0.012207	12	0.0170898	
13	0.012207	13	0.0170898	
14	0.012207	14	0.0170898	
15	0.012207	15	0.0170898	
16	0.012207	16	0.0170898	
17	0.012207	17	0.0170898	
18	0.012207	18	0.0170898	
19	0.012207	19	0.0170898	
20	0.012207	20	0.0170898	
21	0.012207	21	0.0170898	
22	0.00976562	22	0.0170898	
23	0.00976562	23	0.0170898	
24	0.012207	24	0.0170898	
25	0.012207	25	0.0170898	
26	0.012207	26	0.0170898	
27	0.012207	27	0.0170898	
28	0.00976562	28	0.0170898	
29	0.00976562	29	0.0170898	
30	0.012207	30	0.0170898	
31	0.012207	31	0.0170898	
32	0.012207	32	0.0170898	
33	0.012207	33	0.0170898	
34	0.012207	34	0.0170898	
35	0.012207	35	0.0170898	
36	0.012207	36	0.0170898	
37	4.99756	37	0.0170898	
38	4.99756	38	0.0170898	
39	4.99756	39	0.0170898	
40	4.99756	40	0.0170898	
41	4.99756	41	0.0170898	
42	4.99756	42	0.0170898	
43	4.99756	43	0.0170898	
44	4.99756	44	0.0170898	
45	4.99756	45	4.99756	
46	4.99756	46	4.99756	
47	4.99756	47	4.99756	
48	4.99756	48	4.99756	
49	4.99756	49	4.99756	
50	4.99756	50	4.99756	
51	4.99756	51	4.99756	
52	4.99756	52	4.99756	
53	0.307617	53	0.0170898	
54	0.012207	54	0.0170898	
55	0.012207	55	0.0170898	
56	0.012207	56	0.0170898	
57	0.012207	57	0.0170898	
58	0.00976562	58	0.0170898	
59	0.012207	59	0.0170898	
60	0.012207	60	0.0170898	
61	0.012207	61	0.0170898	
62	0.012207	62	0.0170898	
63	0.012207	63	0.0170898	
64	0.012207	64	0.0170898	
65	0.012207	65	0.0195312	
66	0.012207	66	0.0170898	
67	0.012207	67	0.0170898	
68	0.012207	68	0.0170898	
69	0.012207	69	0.0170898	
70	0.012207	70	0.0170898	
71	0.00976562	71	0.0170898	
72	0.00976562	72	0.0170898	
73	0.012207	73	0.0170898	
74	0.012207	74	0.0170898	
75	0.012207	75	0.0170898	
76	0.012207	76	0.0170898	
77	0.012207	77	0.0170898	
78	0.00976562	78	0.0170898	
79	0.00976562	79	0.0170898	
80	0.00976562	80	0.0170898	
81	0.012207	81	0.0170898	
82	0.012207	82	0.0170898	
83	0.012207	83	0.0170898	
84	0.00976562	84	0.0170898	
85	0.012207	85	0.0170898	
86	0.012207	86	0.0170898	
87	4.99756	87	0.0170898	
88	4.99756	88	0.0170898	
89	4.99756	89	0.0170898	
90	4.99756	90	0.0170898	
91	4.99756	91	0.0170898	
92	4.99756	92	0.0170898	
93	4.99756	93	0.0170898	
94	4.99756	94	0.0170898	
95	4.99756	95	4.99756	
96	4.99756	96	4.99756	
97	4.99756	97	4.99756	
98	4.99756	98	4.99756	
99	4.99756	99	4.99756	
100	4.99756	100	4.99756	
101	4.99756	101	4.99756	
102	4.99756	102	4.99756	
103	0.310059	103	0.0170898	
104	0.012207	104	0.0170898	
105	0.012207	105	0.0170898	
106	0.00976562	106	0.0170898	
107	0.00976562	107	0.0170898	
108	0.012207	108	0.0170898	
109	0.00976562	109	0.0170898	
110	0.012207	110	0.0170898	
111	0.012207	111	0.0170898	
112	0.012207	112	0.0170898	
113	0.00976562	113	0.0170898	
114	0.012207	114	0.0170898	
115	0.012207	115	0.0170898	
116	0.012207	116	0.0170898	
117	0.012207	117	0.0170898	
118	0.012207	118	0.0170898	
119	0.012207	119	0.0170898	
120	0.012207	120	0.0195312	
121	0.012207	121	0.0170898	
122	0.012207	122	0.0170898	
123	0.012207	123	0.0170898	
124	0.012207	124	0.0170898	
125	0.012207	125	0.0170898	
126	0.012207	126	0.0170898	
127	0.012207	127	0.0170898	
128	0.00976562	128	0.0170898	
129	0.012207	129	0.0195312	
130	0.012207	130	0.0170898	
131	0.012207	131	0.0170898	
132	0.012207	132	0.0170898	
133	0.012207	133	0.0170898	
134	0.012207	134	0.0170898	
135	0.00976562	135	0.0170898	
136	0.00976562	136	0.0170898	
137	4.99756	137	0.0170898	
138	4.99756	138	0.0170898	
139	4.99756	139	0.0170898	
140	4.99756	140	0.0170898	
141	4.99756	141	0.0170898	
142	4.99756	142	0.0170898	
143	4.99756	143	0.0170898	
144	4.99756	144	0.0170898	
145	4.99756	145	4.99756	
146	4.99756	146	4.99756	
147	4.99756	147	4.99756	
148	4.99756	148	4.99756	
149	4.99756	149	4.99756	
150	4.99756	150	4.99756	
151	4.99756	151	4.99756	
152	4.99756	152	4.99756	
153	0.314941	153	0.0170898	
154	0.012207	154	0.0170898	
155	0.012207	155	0.0170898	
156	0.012207	156	0.0170898	
157	0.012207	157	0.0170898	
158	0.012207	158	0.0170898	
159	0.012207	159	0.0170898	
160	0.012207	160	0.0170898	
161	0.012207	161	0.0170898	
162	0.012207	162	0.0170898	
163	0.012207	163	0.0170898	
164	0.00976562	164	0.0170898	
165	0.012207	165	0.0170898	
166	0.012207	166	0.0170898	
167	0.012207	167	0.0170898	
168	0.012207	168	0.0170898	
169	0.012207	169	0.0170898	
170	0.012207	170	0.0170898	
171	0.012207	171	0.0170898	
172	0.012207	172	0.0170898	
173	0.012207	173	0.0170898	
174	0.012207	174	0.0170898	
175	0.00976562	175	0.0170898	
176	0.012207	176	0.0170898	
177	0.012207	177	0.0170898	
178	0.00976562	178	0.0170898	
179	0.00976562	179	0.0170898	
180	0.012207	180	0.0170898	
181	0.00976562	181	0.0170898	
182	0.00976562	182	0.0170898	
183	0.00976562	183	0.0170898	
184	0.012207	184	0.0170898	
185	0.00976562	185	0.0170898	
186	0.012207	186	0.0170898	
187	4.99756	187	0.0170898	
188	4.99756	188	0.0170898	
189	4.99756	189	0.0170898	
190	4.99756	190	0.0170898	
191	4.99756	191	0.0170898	
192	4.99756	192	0.0170898	
193	4.99756	193	0.0170898	
194	4.99756	194	0.0170898	
195	4.99756	195	4.99756	
196	4.99756	196	4.99756	
197	4.99756	197	4.99756	
198	4.99756	198	4.99756	
199	4.99756	199	4.99756	
200	4.99756	200	4.99756	
201	4.99756	201	4.99756	
202	4.99756	202	4.99756	
203	0.317383	203	0.0170898	
204	0.012207	204	0.0170898	
205	0.012207	205	0.0170898	
206	0.00976562	206	0.0170898	
207	0.012207	207	0.0170898	
208	0.012207	208	0.0170898	
209	0.012207	209	0.0170898	
210	0.012207	210	0.0170898	
211	0.012207	211	0.0170898	
212	0.012207	212	0.0170898	
213	0.012207	213	0.0170898	
214	0.012207	214	0.0170898	
215	0.012207	215	0.0170898	
216	0.012207	216	0.0170898	
217	0.012207	217	0.0170898	
218	0.012207	218	0.0170898	
219	0.012207	219	0.0170898	
220	0.012207	220	0.0170898	
221	0.012207	221	0.0170898	
222	0.012207	222	0.0170898	
223	0.00976562	223	0.0170898	
224	0.012207	224	0.0170898	
225	0.012207	225	0.0170898	
226	0.012207	226	0.0170898	
227	0.012207	227	0.0170898	
228	0.00976562	228	0.0170898	
229	0.012207	229	0.0170898	
230	0.012207	230	0.0170898	
231	0.012207	231	0.0170898	
232	0.012207	232	0.0170898	
233	0.012207	233	0.0170898	
234	0.012207	234	0.0170898	
235	0.012207	235	0.0170898	
236	0.012207	236	0.0195312	
237	4.99756	237	0.0170898	
238	4.99756	238	0.0170898	
239	4.99756	239	0.0170898	
240	4.99756	240	0.0170898	
241	4.99756	241	0.0170898	
242	4.99756	242	0.0170898	
243	4.99756	243	0.0170898	
244	4.99756	244	0.0170898	
245	4.99756	245	4.99756	
246	4.99756	246	4.99756	
247	4.99756	247	4.99756	
248	4.99756	248	4.99756	
249	4.99756	249	4.99756	
