Time - Plot 0	Amplitude - Plot 0	Time - Plot 1	Amplitude - Plot 1	
0	-0.012207	0	-0.00244141	
1	-0.0146484	1	-0.00244141	
2	-0.012207	2	-0.00244141	
3	-0.012207	3	-0.00244141	
4	-0.012207	4	-0.00244141	
5	-0.012207	5	-0.00244141	
6	-0.012207	6	-0.00244141	
7	-0.012207	7	-0.00244141	
8	-0.012207	8	-0.00244141	
9	-0.012207	9	-0.00244141	
10	-0.012207	10	-0.00244141	
11	-0.012207	11	-0.00244141	
12	-0.012207	12	-0.00244141	
13	-0.00976562	13	-0.00244141	
14	-0.00976562	14	-0.00244141	
15	-0.012207	15	-0.00244141	
16	-0.012207	16	-0.00244141	
17	-0.012207	17	-0.00244141	
18	-0.012207	18	-0.00244141	
19	-0.012207	19	-0.00244141	
20	-0.00976562	20	-0.00244141	
21	-0.012207	21	-0.00244141	
22	-0.00976562	22	-0.00244141	
23	-0.00976562	23	-0.00244141	
24	-0.0170898	24	4.99756	
25	4.85107	25	4.99756	
26	4.8584	26	4.99756	
27	4.8584	27	4.99756	
28	4.8584	28	4.99756	
29	4.86084	29	4.99756	
30	4.86084	30	4.99756	
31	4.8584	31	4.99756	
32	4.86084	32	4.99756	
33	4.8584	33	4.99756	
34	4.8584	34	4.99756	
35	4.8584	35	4.99756	
36	4.86084	36	4.99756	
37	4.85596	37	4.99756	
38	4.8584	38	4.99756	
39	4.8584	39	4.99756	
40	4.8584	40	4.99756	
41	0.00244141	41	4.99756	
42	-0.00732422	42	4.99756	
43	-0.00976562	43	4.99756	
44	-0.00976562	44	4.99756	
45	-0.012207	45	4.99756	
46	-0.012207	46	4.99756	
47	-0.00976562	47	4.99756	
48	-0.012207	48	4.99756	
49	-0.012207	49	4.99756	
50	-0.0146484	50	4.99756	
51	-0.00976562	51	4.99756	
52	-0.00976562	52	4.99756	
53	-0.012207	53	4.99756	
54	-0.012207	54	4.99756	
55	-0.012207	55	4.99756	
56	-0.00976562	56	4.99756	
57	-0.012207	57	4.99756	
58	-0.00976562	58	4.99756	
59	-0.00976562	59	4.99756	
60	-0.012207	60	4.99756	
61	-0.012207	61	4.99756	
62	-0.00976562	62	4.99756	
63	-0.012207	63	4.99756	
64	-0.012207	64	4.99756	
65	-0.012207	65	4.99756	
66	-0.012207	66	4.99756	
67	-0.00976562	67	4.99756	
68	-0.012207	68	4.99756	
69	-0.00976562	69	4.99756	
70	-0.00976562	70	4.99756	
71	-0.00976562	71	4.99756	
72	-0.00976562	72	4.99756	
73	-0.00976562	73	4.99756	
74	-0.00976562	74	0.00244141	
75	4.85352	75	0	
76	4.85352	76	0	
77	4.85596	77	0	
78	4.8584	78	0	
79	4.86084	79	0	
80	4.8584	80	-0.00244141	
81	4.8584	81	0	
82	4.8584	82	0	
83	4.86084	83	0	
84	4.8584	84	0	
85	4.8584	85	0	
86	4.8584	86	0	
87	4.8584	87	0	
88	4.8584	88	0	
89	4.8584	89	0	
90	4.86084	90	0	
91	0.00488281	91	-0.00244141	
92	-0.00488281	92	-0.00244141	
93	-0.00976562	93	-0.00244141	
94	-0.00976562	94	-0.00244141	
95	-0.012207	95	-0.00244141	
96	-0.012207	96	-0.00244141	
97	-0.012207	97	-0.00244141	
98	-0.012207	98	-0.00244141	
99	-0.0146484	99	-0.00244141	
100	-0.0146484	100	-0.00244141	
101	-0.012207	101	-0.00244141	
102	-0.012207	102	-0.00244141	
103	-0.00976562	103	-0.00244141	
104	-0.012207	104	-0.00244141	
105	-0.012207	105	-0.00244141	
106	-0.012207	106	-0.00244141	
107	-0.00976562	107	-0.00244141	
108	-0.012207	108	-0.00244141	
109	-0.012207	109	-0.00244141	
110	-0.0146484	110	-0.00244141	
111	-0.012207	111	-0.00244141	
112	-0.00976562	112	-0.00244141	
113	-0.012207	113	-0.00244141	
114	-0.012207	114	-0.00244141	
115	-0.012207	115	-0.00244141	
116	-0.012207	116	-0.00244141	
117	-0.00976562	117	-0.00244141	
118	-0.00976562	118	-0.00244141	
119	-0.012207	119	-0.00244141	
120	-0.012207	120	-0.00244141	
121	-0.012207	121	-0.00244141	
122	-0.00976562	122	-0.00244141	
123	-0.00976562	123	-0.00244141	
124	-0.00976562	124	0	
125	4.85107	125	0	
126	4.85596	126	0	
127	4.8584	127	0	
128	4.86084	128	0	
129	4.86084	129	-0.00244141	
130	4.86084	130	-0.00244141	
131	4.8584	131	0	
132	4.8584	132	-0.00244141	
133	4.8584	133	0	
134	4.8584	134	0	
135	4.86084	135	0	
136	4.8584	136	0	
137	4.8584	137	-0.00244141	
138	4.8584	138	0	
139	4.86084	139	-0.00244141	
140	4.8584	140	0	
141	0.0512695	141	-0.00244141	
142	-0.00488281	142	0	
143	-0.00732422	143	-0.00244141	
144	-0.00976562	144	-0.00244141	
145	-0.00976562	145	-0.00244141	
146	-0.00976562	146	-0.00244141	
147	-0.012207	147	-0.00244141	
148	-0.012207	148	-0.00244141	
149	-0.012207	149	-0.00244141	
150	-0.012207	150	-0.00244141	
151	-0.012207	151	-0.00244141	
152	-0.012207	152	-0.00244141	
153	-0.012207	153	-0.00244141	
154	-0.012207	154	-0.00244141	
155	-0.012207	155	-0.00244141	
156	-0.00976562	156	-0.00244141	
157	-0.012207	157	-0.00244141	
158	-0.00976562	158	-0.00244141	
159	-0.012207	159	-0.00244141	
160	-0.012207	160	-0.00244141	
161	-0.012207	161	-0.00244141	
162	-0.00976562	162	-0.00244141	
163	-0.012207	163	-0.00244141	
164	-0.00976562	164	-0.00244141	
165	-0.00976562	165	-0.00244141	
166	-0.012207	166	-0.00244141	
167	-0.00976562	167	-0.00244141	
168	-0.012207	168	-0.00244141	
169	-0.00976562	169	-0.00244141	
170	-0.012207	170	-0.00244141	
171	-0.00976562	171	-0.00244141	
172	-0.00976562	172	-0.00244141	
173	-0.0146484	173	-0.00244141	
174	-0.012207	174	3.07617	
175	4.84863	175	4.99756	
176	4.85352	176	4.99756	
177	4.85596	177	4.99756	
178	4.86084	178	4.99756	
179	4.8584	179	4.99756	
180	4.86084	180	4.99756	
181	4.86084	181	4.99756	
182	4.86084	182	4.99756	
183	4.86084	183	4.99756	
184	4.86084	184	4.99756	
185	4.86084	185	4.99756	
186	4.86084	186	4.99756	
187	4.85596	187	4.99756	
188	4.86084	188	4.99756	
189	4.86084	189	4.99756	
190	4.8584	190	4.99756	
191	0.883789	191	4.99756	
192	-0.00244141	192	4.99756	
193	-0.00976562	193	4.99756	
194	-0.00976562	194	4.99756	
195	-0.012207	195	4.99756	
196	-0.00976562	196	4.99756	
197	-0.012207	197	4.99756	
198	-0.012207	198	4.99756	
199	-0.012207	199	4.99756	
200	-0.012207	200	4.99756	
201	-0.00976562	201	4.99756	
202	-0.012207	202	4.99756	
203	-0.0146484	203	4.99756	
204	-0.012207	204	4.99756	
205	-0.012207	205	4.99756	
206	-0.00976562	206	4.99756	
207	-0.00976562	207	4.99756	
208	-0.012207	208	4.99756	
209	-0.00976562	209	4.99756	
210	-0.012207	210	4.99756	
211	-0.012207	211	4.99756	
212	-0.00976562	212	4.99756	
213	-0.012207	213	4.99756	
214	-0.012207	214	4.99756	
215	-0.00976562	215	4.99756	
216	-0.012207	216	4.99756	
217	-0.00976562	217	4.99756	
218	-0.012207	218	4.99756	
219	-0.00976562	219	4.99756	
220	-0.00976562	220	4.99756	
221	-0.012207	221	4.99756	
222	-0.00976562	222	4.99756	
223	-0.00976562	223	4.99756	
224	-0.00976562	224	4.99756	
225	4.84863	225	0	
226	4.85107	226	0	
227	4.85596	227	0	
228	4.8584	228	0	
229	4.8584	229	0	
230	4.8584	230	0	
231	4.86084	231	0	
232	4.8584	232	0	
233	4.86084	233	0	
234	4.8584	234	0	
235	4.86084	235	0	
236	4.86084	236	0	
237	4.8584	237	0	
238	4.8584	238	0	
239	4.8584	239	0	
240	4.85596	240	0	
241	4.86328	241	0	
242	-0.00488281	242	-0.00244141	
243	-0.00976562	243	-0.00244141	
244	-0.00976562	244	-0.00244141	
245	-0.00976562	245	-0.00244141	
246	-0.012207	246	-0.00244141	
247	-0.00976562	247	-0.00244141	
248	-0.0146484	248	-0.00244141	
249	-0.012207	249	-0.00244141	
250	-0.012207	250	-0.00244141	
251	-0.012207	251	-0.00244141	
252	-0.0146484	252	-0.00244141	
253	-0.00976562	253	-0.00244141	
254	-0.0146484	254	-0.00244141	
255	-0.012207	255	-0.00244141	
256	-0.012207	256	-0.00244141	
257	-0.012207	257	-0.00244141	
258	-0.012207	258	-0.00244141	
259	-0.012207	259	-0.00244141	
260	-0.012207	260	-0.00244141	
261	-0.00976562	261	-0.00244141	
262	-0.012207	262	-0.00244141	
263	-0.00976562	263	-0.00244141	
264	-0.012207	264	-0.00244141	
265	-0.00976562	265	-0.00244141	
266	-0.00976562	266	-0.00244141	
267	-0.012207	267	-0.00244141	
268	-0.012207	268	-0.00244141	
269	-0.012207	269	-0.00244141	
270	-0.012207	270	-0.00244141	
271	-0.00976562	271	-0.00244141	
272	-0.00976562	272	-0.00244141	
273	-0.00976562	273	-0.00244141	
274	-0.012207	274	-0.00244141	
275	4.84375	275	-0.00244141	
276	4.85107	276	0	
277	4.85596	277	0	
278	4.8584	278	0	
279	4.86084	279	0	
280	4.8584	280	0	
281	4.86084	281	0	
282	4.8584	282	0	
283	4.8584	283	-0.00244141	
284	4.8584	284	0	
285	4.8584	285	-0.00244141	
286	4.8584	286	0	
287	4.86084	287	-0.00244141	
288	4.85596	288	0	
289	4.85596	289	0	
290	4.8584	290	0	
291	4.8584	291	-0.00244141	
292	-0.00244141	292	-0.00244141	
293	-0.00732422	293	-0.00244141	
294	-0.00976562	294	-0.00244141	
295	-0.0146484	295	-0.00244141	
296	-0.012207	296	-0.00244141	
297	-0.012207	297	-0.00244141	
298	-0.012207	298	-0.00244141	
299	-0.0146484	299	-0.00244141	
300	-0.00976562	300	-0.00244141	
301	-0.012207	301	-0.00244141	
302	-0.0146484	302	-0.00244141	
303	-0.012207	303	-0.00244141	
304	-0.012207	304	-0.00244141	
305	-0.0146484	305	-0.00244141	
306	-0.00976562	306	-0.00244141	
307	-0.012207	307	-0.00244141	
308	-0.012207	308	-0.00244141	
309	-0.012207	309	-0.00244141	
310	-0.012207	310	-0.00244141	
311	-0.012207	311	-0.00244141	
312	-0.00976562	312	-0.00244141	
313	-0.00976562	313	-0.00244141	
314	-0.00976562	314	-0.00244141	
315	-0.012207	315	-0.00244141	
316	-0.012207	316	-0.00244141	
317	-0.012207	317	-0.00244141	
318	-0.00976562	318	-0.00244141	
319	-0.0146484	319	-0.00244141	
320	-0.00976562	320	-0.00244141	
321	-0.012207	321	-0.00244141	
322	-0.00976562	322	-0.00244141	
323	-0.012207	323	-0.00244141	
324	-0.00976562	324	-0.00244141	
325	4.7876	325	4.99756	
326	4.85352	326	4.99756	
327	4.8584	327	4.99756	
328	4.86084	328	4.99756	
329	4.86084	329	4.99756	
330	4.86084	330	4.99756	
331	4.86084	331	4.99756	
332	4.86084	332	4.99756	
333	4.86084	333	4.99756	
334	4.8584	334	4.99756	
335	4.8584	335	4.99756	
336	4.8584	336	4.99756	
337	4.8584	337	4.99756	
338	4.8584	338	4.99756	
339	4.8584	339	4.99756	
340	4.8584	340	4.99756	
341	4.8584	341	4.99756	
342	0	342	4.99756	
343	-0.00732422	343	4.99756	
344	-0.00976562	344	4.99756	
345	-0.00976562	345	4.99756	
346	-0.012207	346	4.99756	
347	-0.012207	347	4.99756	
348	-0.00976562	348	4.99756	
349	-0.012207	349	4.99756	
350	-0.012207	350	4.99756	
351	-0.00976562	351	4.99756	
352	-0.012207	352	4.99756	
353	-0.00976562	353	4.99756	
354	-0.012207	354	4.99756	
355	-0.00976562	355	4.99756	
356	-0.00976562	356	4.99756	
357	-0.00976562	357	4.99756	
358	-0.00976562	358	4.99756	
359	-0.012207	359	4.99756	
360	-0.012207	360	4.99756	
361	-0.00976562	361	4.99756	
362	-0.00976562	362	4.99756	
363	-0.012207	363	4.99756	
364	-0.00976562	364	4.99756	
365	-0.012207	365	4.99756	
366	-0.00976562	366	4.99756	
367	-0.00976562	367	4.99756	
368	-0.012207	368	4.99756	
369	-0.00976562	369	4.99756	
370	-0.012207	370	4.99756	
371	-0.00976562	371	4.99756	
372	-0.00976562	372	4.99756	
373	-0.00976562	373	4.99756	
374	-0.00732422	374	4.99756	
375	3.70361	375	0	
376	4.85107	376	0	
377	4.85596	377	-0.00244141	
378	4.8584	378	0	
379	4.86084	379	0	
380	4.8584	380	0	
381	4.86084	381	-0.00244141	
382	4.8584	382	0	
383	4.8584	383	0	
384	4.8584	384	-0.00244141	
385	4.8584	385	0	
386	4.8584	386	-0.00244141	
387	4.8584	387	0	
388	4.8584	388	0	
389	4.8584	389	0	
390	4.85596	390	0	
391	4.8584	391	-0.0195312	
392	0	392	-0.00244141	
393	-0.00976562	393	-0.00244141	
394	-0.00976562	394	-0.00244141	
395	-0.012207	395	-0.00244141	
396	-0.012207	396	-0.00244141	
397	-0.012207	397	-0.00244141	
398	-0.012207	398	-0.00244141	
399	-0.012207	399	-0.00244141	
400	-0.0146484	400	-0.00244141	
401	-0.0146484	401	-0.00244141	
402	-0.012207	402	-0.00244141	
403	-0.012207	403	-0.00244141	
404	-0.012207	404	-0.00244141	
405	-0.012207	405	-0.00244141	
406	-0.0146484	406	-0.00244141	
407	-0.012207	407	-0.00244141	
408	-0.012207	408	-0.00244141	
409	-0.00976562	409	-0.00244141	
410	-0.012207	410	-0.00244141	
411	-0.012207	411	-0.00244141	
412	-0.00976562	412	-0.00244141	
413	-0.012207	413	-0.00244141	
414	-0.012207	414	-0.00244141	
415	-0.00976562	415	-0.00244141	
416	-0.012207	416	-0.00244141	
417	-0.012207	417	-0.00244141	
418	-0.0146484	418	-0.00244141	
419	-0.012207	419	-0.00244141	
420	-0.00976562	420	-0.00244141	
421	-0.012207	421	-0.00244141	
422	-0.0146484	422	-0.00244141	
423	-0.00976562	423	-0.00244141	
424	-0.012207	424	-0.00244141	
425	-0.00976562	425	-0.00244141	
426	4.85107	426	0	
427	4.85596	427	-0.00244141	
428	4.85596	428	0	
429	4.8584	429	-0.00244141	
430	4.8584	430	-0.00244141	
431	4.8584	431	-0.00244141	
432	4.8584	432	-0.00244141	
433	4.85596	433	0	
434	4.86084	434	0	
435	4.8584	435	-0.00244141	
436	4.8584	436	0	
437	4.86084	437	0	
438	4.8584	438	0	
439	4.8584	439	-0.00244141	
440	4.8584	440	-0.00244141	
441	4.85596	441	-0.00244141	
442	0.00244141	442	-0.00244141	
443	-0.00732422	443	-0.00244141	
444	-0.00732422	444	-0.00244141	
445	-0.00976562	445	-0.00244141	
446	-0.012207	446	-0.00244141	
447	-0.012207	447	-0.00244141	
448	-0.012207	448	-0.00244141	
449	-0.012207	449	-0.00244141	
