Time - Plot 0	Amplitude - Plot 0	Time - Plot 1	Amplitude - Plot 1	
0	4.85596	0	0	
1	4.85596	1	0	
2	4.85596	2	0	
3	4.85596	3	0	
4	4.85596	4	0	
5	4.85596	5	-0.00244141	
6	4.85596	6	0	
7	4.85596	7	0	
8	4.85596	8	-0.00244141	
9	4.85352	9	0	
10	4.85352	10	0	
11	4.85352	11	0	
12	3.95264	12	-0.00244141	
13	-0.00488281	13	-0.00244141	
14	-0.00732422	14	-0.00244141	
15	-0.00976562	15	-0.00244141	
16	-0.00976562	16	-0.00244141	
17	-0.012207	17	-0.00244141	
18	-0.012207	18	-0.00244141	
19	-0.012207	19	-0.00244141	
20	-0.0146484	20	-0.00244141	
21	-0.0146484	21	-0.00244141	
22	-0.012207	22	-0.00244141	
23	-0.0146484	23	-0.00244141	
24	-0.012207	24	-0.00244141	
25	-0.012207	25	-0.00244141	
26	-0.012207	26	-0.00244141	
27	-0.012207	27	-0.00244141	
28	-0.0146484	28	-0.00244141	
29	-0.00976562	29	-0.00244141	
30	4.84619	30	0	
31	4.85352	31	0	
32	4.85596	32	0	
33	4.85596	33	0	
34	4.85596	34	0	
35	4.8584	35	0	
36	4.85596	36	0	
37	4.85596	37	0	
38	4.8584	38	-0.00244141	
39	4.85596	39	-0.00244141	
40	4.85596	40	0	
41	4.85596	41	0	
42	4.85596	42	0	
43	4.85596	43	0	
44	4.85596	44	-0.00244141	
45	4.85596	45	0	
46	4.85596	46	0	
47	4.85596	47	0	
48	4.85596	48	-0.00244141	
49	4.85352	49	0	
50	4.85596	50	0	
51	4.85352	51	0	
52	4.85596	52	0	
53	4.85596	53	0	
54	4.85596	54	0	
55	4.85596	55	0	
56	4.85596	56	0	
57	4.85596	57	0	
58	4.85352	58	-0.00244141	
59	4.85352	59	0	
60	4.85596	60	0	
61	4.85352	61	0	
62	4.85352	62	-0.00244141	
63	-0.00244141	63	-0.00244141	
64	-0.00732422	64	-0.00244141	
65	-0.00732422	65	-0.00244141	
66	-0.012207	66	-0.00244141	
67	-0.012207	67	-0.00244141	
68	-0.012207	68	-0.00244141	
69	-0.012207	69	-0.00244141	
70	-0.0146484	70	-0.00244141	
71	-0.012207	71	-0.00244141	
72	-0.012207	72	-0.00244141	
73	-0.012207	73	-0.00244141	
74	-0.012207	74	-0.00244141	
75	-0.012207	75	-0.00244141	
76	-0.012207	76	-0.00244141	
77	-0.00976562	77	-0.00244141	
78	-0.00976562	78	-0.00244141	
79	-0.00976562	79	4.99756	
80	4.84619	80	4.99756	
81	4.85352	81	4.99756	
82	4.85596	82	4.99756	
83	4.8584	83	4.99756	
84	4.85596	84	4.99756	
85	4.8584	85	4.99756	
86	4.85596	86	4.99756	
87	4.8584	87	4.99756	
88	4.85596	88	4.99756	
89	4.8584	89	4.99756	
90	4.8584	90	4.99756	
91	4.85596	91	4.99756	
92	4.85596	92	4.99756	
93	4.8584	93	4.99756	
94	4.85596	94	4.99756	
95	4.8584	95	4.99756	
96	4.85596	96	4.99756	
97	4.85596	97	4.99756	
98	4.85596	98	4.99756	
99	4.85596	99	4.99756	
100	4.85352	100	4.99756	
101	4.8584	101	4.99756	
102	4.85596	102	4.99756	
103	4.85596	103	4.99756	
104	4.85596	104	4.99756	
105	4.85596	105	4.99756	
106	4.85596	106	4.99756	
107	4.85596	107	4.99756	
108	4.85596	108	4.99756	
109	4.85596	109	4.99756	
110	4.85596	110	4.99756	
111	4.85596	111	4.99756	
112	4.85596	112	4.99756	
113	0	113	4.99756	
114	-0.00732422	114	4.99756	
115	-0.00976562	115	4.99756	
116	-0.00976562	116	4.99756	
117	-0.012207	117	4.99756	
118	-0.0146484	118	4.99756	
119	-0.012207	119	4.99756	
120	-0.012207	120	4.99756	
121	-0.00976562	121	4.99756	
122	-0.00976562	122	4.99756	
123	-0.012207	123	4.99756	
124	-0.012207	124	4.99756	
125	-0.012207	125	4.99756	
126	-0.00976562	126	4.99756	
127	-0.00976562	127	4.99756	
128	-0.012207	128	4.99756	
129	-0.00976562	129	0.195312	
130	4.84619	130	0	
131	4.85107	131	0	
132	4.85352	132	0	
133	4.85596	133	0	
134	4.85596	134	0	
135	4.85596	135	-0.00244141	
136	4.85596	136	0	
137	4.85596	137	-0.00244141	
138	4.85596	138	0	
139	4.85596	139	-0.00244141	
140	4.85596	140	0	
141	4.85596	141	0	
142	4.85596	142	0	
143	4.85596	143	-0.00244141	
144	4.85596	144	0	
145	4.85596	145	-0.00244141	
146	4.85596	146	0	
147	4.85596	147	-0.00244141	
148	4.8584	148	0	
149	4.85596	149	0	
150	4.85596	150	0	
151	4.85352	151	-0.00244141	
152	4.85352	152	0	
153	4.85596	153	-0.00244141	
154	4.85596	154	0	
155	4.85596	155	-0.00244141	
156	4.85352	156	0	
157	4.85596	157	0	
158	4.85352	158	0	
159	4.85596	159	0	
160	4.85352	160	-0.00244141	
161	4.85352	161	-0.00244141	
162	4.85596	162	-0.00732422	
163	0	163	-0.00244141	
164	-0.00732422	164	-0.00244141	
165	-0.00976562	165	-0.00244141	
166	-0.00976562	166	-0.00244141	
167	-0.012207	167	-0.00244141	
168	-0.012207	168	-0.00244141	
169	-0.012207	169	-0.00244141	
170	-0.0146484	170	-0.00244141	
171	-0.012207	171	-0.00244141	
172	-0.012207	172	-0.00244141	
173	-0.012207	173	-0.00244141	
174	-0.012207	174	-0.00244141	
175	-0.012207	175	-0.00244141	
176	-0.012207	176	-0.00244141	
177	-0.012207	177	-0.00244141	
178	-0.012207	178	-0.00244141	
179	-0.012207	179	0.0244141	
180	4.84375	180	0	
181	4.85107	181	0	
182	4.85352	182	0	
183	4.85352	183	0	
184	4.85352	184	0	
185	4.85596	185	0	
186	4.8584	186	-0.00244141	
187	4.85596	187	0	
188	4.85596	188	-0.00244141	
189	4.85596	189	0	
190	4.85596	190	-0.00244141	
191	4.85596	191	0	
192	4.8584	192	-0.00244141	
193	4.85596	193	0	
194	4.85596	194	-0.00244141	
195	4.85352	195	0	
196	4.85596	196	-0.00244141	
197	4.85596	197	0	
198	4.85596	198	-0.00244141	
199	4.85352	199	0	
200	4.85596	200	0	
201	4.85596	201	0	
202	4.85596	202	0	
203	4.85596	203	0	
204	4.85596	204	0	
205	4.85596	205	0	
206	4.85352	206	-0.00244141	
207	4.85596	207	0	
208	4.85596	208	0	
209	4.85352	209	0	
210	4.85596	210	0	
211	4.85596	211	0	
212	4.85596	212	-0.0292969	
213	0	213	-0.00244141	
214	-0.00732422	214	-0.00244141	
215	-0.00732422	215	-0.00244141	
216	-0.012207	216	-0.00244141	
217	-0.00976562	217	-0.00244141	
218	-0.00976562	218	-0.00244141	
219	-0.0146484	219	-0.00244141	
220	-0.012207	220	-0.00244141	
221	-0.012207	221	-0.00244141	
222	-0.012207	222	-0.00244141	
223	-0.012207	223	-0.00244141	
224	-0.00976562	224	-0.00244141	
225	-0.012207	225	-0.00244141	
226	-0.012207	226	-0.00244141	
227	-0.00976562	227	-0.00244141	
228	-0.012207	228	-0.00244141	
229	-0.012207	229	-0.00244141	
230	4.84131	230	4.99756	
231	4.85107	231	4.99756	
232	4.85596	232	4.99756	
233	4.8584	233	4.99756	
234	4.8584	234	4.99756	
235	4.8584	235	4.99756	
236	4.8584	236	4.99756	
237	4.85596	237	4.99756	
238	4.8584	238	4.99756	
239	4.8584	239	4.99756	
240	4.85596	240	4.99756	
241	4.85596	241	4.99756	
242	4.8584	242	4.99756	
243	4.8584	243	4.99756	
244	4.85352	244	4.99756	
245	4.85596	245	4.99756	
246	4.85596	246	4.99756	
247	4.85596	247	4.99756	
248	4.85596	248	4.99756	
249	4.85352	249	4.99756	
250	4.85596	250	4.99756	
251	4.85596	251	4.99756	
252	4.85596	252	4.99756	
253	4.85596	253	4.99756	
254	4.85596	254	4.99756	
255	4.85596	255	4.99756	
256	4.85596	256	4.99756	
257	4.85596	257	4.99756	
258	4.85596	258	4.99756	
259	4.85596	259	4.99756	
260	4.85596	260	4.99756	
261	4.85596	261	4.99756	
262	4.85596	262	4.99756	
263	0.00488281	263	4.99756	
264	-0.00488281	264	4.99756	
265	-0.00488281	265	4.99756	
266	-0.00732422	266	4.99756	
267	-0.012207	267	4.99756	
268	-0.012207	268	4.99756	
269	-0.012207	269	4.99756	
270	-0.012207	270	4.99756	
271	-0.012207	271	4.99756	
272	-0.00976562	272	4.99756	
273	-0.012207	273	4.99756	
274	-0.012207	274	4.99756	
275	-0.00976562	275	4.99756	
276	-0.012207	276	4.99756	
277	-0.00976562	277	4.99756	
278	-0.012207	278	4.99756	
279	-0.00976562	279	4.99756	
280	4.83643	280	0	
281	4.84863	281	0	
282	4.85352	282	0	
283	4.85596	283	0	
284	4.85596	284	0	
285	4.85596	285	0	
286	4.85596	286	0	
287	4.85596	287	-0.00244141	
288	4.85596	288	0	
289	4.85352	289	-0.00244141	
290	4.85352	290	0	
291	4.85596	291	-0.00244141	
292	4.85596	292	0	
293	4.85596	293	-0.00244141	
294	4.85596	294	0	
295	4.85596	295	0	
296	4.85596	296	0	
297	4.85596	297	-0.00244141	
298	4.85352	298	0	
299	4.85596	299	0	
300	4.85596	300	0	
301	4.85596	301	0	
302	4.85596	302	0	
303	4.85352	303	0	
304	4.85596	304	0	
305	4.85352	305	0	
306	4.85596	306	0	
307	4.85352	307	0	
308	4.85352	308	-0.00244141	
309	4.85596	309	-0.00244141	
310	4.85352	310	-0.00244141	
311	4.85352	311	0	
312	4.85596	312	0	
313	0.0195312	313	-0.00244141	
314	-0.00488281	314	-0.00244141	
315	-0.012207	315	-0.00244141	
316	-0.012207	316	-0.00244141	
317	-0.00976562	317	-0.00244141	
318	-0.012207	318	-0.00244141	
319	-0.0146484	319	-0.00244141	
320	-0.0146484	320	-0.00244141	
321	-0.0146484	321	-0.00244141	
322	-0.012207	322	-0.00244141	
323	-0.012207	323	-0.00244141	
324	-0.0146484	324	-0.00244141	
325	-0.012207	325	-0.00244141	
326	-0.012207	326	-0.00244141	
327	-0.012207	327	-0.00244141	
328	-0.012207	328	-0.00244141	
329	-0.012207	329	-0.00244141	
330	4.71924	330	0	
331	4.85107	331	0	
332	4.85596	332	0	
333	4.85596	333	0	
334	4.85352	334	0	
335	4.85596	335	0	
336	4.85596	336	0	
337	4.85596	337	0	
338	4.85596	338	0	
339	4.85596	339	0	
340	4.85596	340	-0.00244141	
341	4.85596	341	0	
342	4.85596	342	0	
343	4.85596	343	0	
344	4.85596	344	0	
345	4.85596	345	0	
346	4.85596	346	0	
347	4.85596	347	0	
348	4.85596	348	0	
349	4.85352	349	0	
350	4.85596	350	-0.00244141	
351	4.85352	351	0	
352	4.85596	352	-0.00244141	
353	4.85352	353	-0.00244141	
354	4.85596	354	0	
355	4.85596	355	0	
356	4.85596	356	-0.00244141	
357	4.85596	357	0	
358	4.85352	358	-0.00244141	
359	4.85352	359	0	
360	4.85352	360	-0.00244141	
361	4.85596	361	0	
362	4.85352	362	-0.00244141	
363	0.310059	363	-0.00244141	
364	-0.00732422	364	-0.00244141	
365	-0.00732422	365	-0.00244141	
366	-0.012207	366	-0.00244141	
367	-0.012207	367	-0.00244141	
368	-0.012207	368	-0.00244141	
369	-0.012207	369	-0.00244141	
370	-0.012207	370	-0.00244141	
371	-0.0146484	371	-0.00244141	
372	-0.012207	372	-0.00244141	
373	-0.012207	373	-0.00244141	
374	-0.012207	374	-0.00244141	
375	-0.0146484	375	-0.00244141	
376	-0.012207	376	-0.00244141	
377	-0.00976562	377	-0.00244141	
378	-0.012207	378	-0.00244141	
379	-0.00976562	379	-0.00244141	
380	2.50244	380	4.99756	
381	4.85107	381	4.99756	
382	4.85352	382	4.99756	
383	4.85352	383	4.99756	
384	4.85596	384	4.99756	
385	4.8584	385	4.99756	
386	4.8584	386	4.99756	
387	4.85596	387	4.99756	
388	4.85596	388	4.99756	
389	4.85596	389	4.99756	
390	4.8584	390	4.99756	
391	4.85596	391	4.99756	
392	4.85596	392	4.99756	
393	4.85596	393	4.99756	
394	4.85596	394	4.99756	
395	4.8584	395	4.99756	
396	4.85596	396	4.99756	
397	4.8584	397	4.99756	
398	4.8584	398	4.99756	
399	4.85596	399	4.99756	
400	4.85596	400	4.99756	
401	4.8584	401	4.99756	
402	4.8584	402	4.99756	
403	4.85596	403	4.99756	
404	4.85596	404	4.99756	
405	4.85596	405	4.99756	
406	4.85596	406	4.99756	
407	4.85596	407	4.99756	
408	4.85352	408	4.99756	
409	4.85596	409	4.99756	
410	4.85596	410	4.99756	
411	4.85596	411	4.99756	
412	4.85596	412	4.99756	
413	4.25049	413	4.99756	
414	-0.00244141	414	4.99756	
415	-0.00732422	415	4.99756	
416	-0.00976562	416	4.99756	
417	-0.00976562	417	4.99756	
418	-0.00976562	418	4.99756	
419	-0.00976562	419	4.99756	
420	-0.012207	420	4.99756	
421	-0.00976562	421	4.99756	
422	-0.012207	422	4.99756	
423	-0.012207	423	4.99756	
424	-0.00976562	424	4.99756	
425	-0.012207	425	4.99756	
426	-0.012207	426	4.99756	
427	-0.00976562	427	4.99756	
428	-0.012207	428	4.99756	
429	-0.012207	429	4.99756	
430	-0.00976562	430	-0.00244141	
431	4.84863	431	-0.00244141	
432	4.85107	432	0	
433	4.85596	433	0	
434	4.85596	434	0	
435	4.85596	435	-0.00244141	
436	4.85596	436	0	
437	4.85596	437	-0.00244141	
438	4.85596	438	0	
439	4.85596	439	0	
440	4.85596	440	0	
441	4.85596	441	0	
442	4.85596	442	0	
443	4.8584	443	-0.00244141	
444	4.85596	444	0	
445	4.85596	445	0	
446	4.85596	446	0	
447	4.85596	447	-0.00244141	
448	4.85596	448	0	
449	4.85596	449	0	
