-0.00057	1.78849
0.00368	1.81015
0.00764	1.82535
0.01165	1.83656
0.01596	1.84808
0.01994	1.85913
0.02422	1.87579
0.02815	1.89535
0.03208	1.91653
0.03631	1.93866
0.04025	1.95694
0.04454	1.97413
0.04846	1.99546
0.05273	2.01572
0.05669	2.03114
0.06064	2.04727
0.06486	2.07199
0.06876	2.09490
0.07295	2.12571
0.07684	2.15444
0.08072	2.18319
0.08490	2.21114
0.08878	2.23462
0.09304	2.26251
0.09691	2.29365
0.10103	2.33382
0.10484	2.37377
0.10865	2.41390
0.11278	2.45492
0.11660	2.49436
0.12071	2.53478
0.12451	2.57460
0.12861	2.62575
0.13233	2.67964
0.13603	2.73699
0.14002	2.79749
0.14372	2.85236
0.14772	2.91205
0.15139	2.97247
0.15503	3.04009
0.15891	3.12037
0.16247	3.19919
0.16635	3.28492
0.16990	3.36449
0.17370	3.45302
0.17723	3.54144
0.18068	3.63699
0.18435	3.74936
0.18772	3.86094
0.19135	3.98047
0.19473	4.08468
0.19806	4.20719
0.20155	4.34862
0.20473	4.48565
0.20816	4.63716
0.21133	4.77664
0.21470	4.93523
0.21778	5.09102
0.22079	5.25802
0.22399	5.44656
0.22691	5.62768
0.23006	5.82777
0.23294	6.01536
0.23598	6.22453
0.23871	6.43680
0.24144	6.64681
0.24437	6.88082
0.24700	7.10835
0.24978	7.36841
0.25232	7.60731
0.25484	7.85793
0.25747	8.13905
0.25987	8.40533
0.26240	8.69905
0.26473	8.97511
0.26718	9.27859
0.26943	9.57015
0.27159	9.87478
0.27392	10.20194
0.27605	10.51414
0.27831	10.86462
0.28032	11.19362
0.28230	11.52929
0.28440	11.89629
0.28632	12.24110
0.28835	12.61846
0.29021	12.97679
0.29215	13.37141
0.29392	13.74630
0.29566	14.12720
0.29751	14.53873
0.29919	14.92455
0.30096	15.34671
0.30258	15.74289
0.30428	16.17889
0.30584	16.59120
0.30735	17.00601
0.30895	17.45749
0.31045	17.87901
0.31203	18.34217
0.31346	18.77619
0.31485	19.21380
0.31632	19.68991
0.31765	20.13636
0.31907	20.62218
0.32038	21.07288
0.32176	21.56354
0.32302	22.02468
0.32427	22.49288
0.32811	22.56952
0.32982	22.95324
0.33105	23.47340
0.33216	23.95524
0.33326	24.44504
0.33443	24.97520
0.33548	25.46989
0.33661	26.00764
0.33764	26.50591
0.33874	27.05513
0.33974	27.56136
0.34072	28.06964
0.34175	28.61842
0.34272	29.13077
0.34374	29.68909
0.34467	30.20654
0.34559	30.72462
0.34657	31.28385
0.34748	31.81260
0.34843	32.37782
0.34929	32.90800
0.35022	33.47600
0.35108	34.00649
0.35190	34.54082
0.35279	35.11868
0.35361	35.65590
0.35448	36.23429
0.35529	36.77260
0.35615	37.36098
0.35693	37.90484
0.35769	38.45164
0.35851	39.03934
0.35926	39.58693
0.36006	40.17897
0.36080	40.72774
0.36153	41.28278
0.36231	41.87708
0.36302	42.42848
0.36379	43.03562
0.36449	43.59127
0.36523	44.19380
0.36591	44.75259
0.36658	45.30811
0.36729	45.91518
0.36795	46.47770
0.36866	47.08423
0.36931	47.64914
0.36997	48.22054
0.37064	48.83203
0.37128	49.40084
0.37195	50.01588
0.37256	50.58628
0.37322	51.20222
0.37383	51.77519
0.37442	52.35027
0.37506	52.96859
0.37567	53.54038
0.37631	54.16932
0.37689	54.74639
0.37750	55.36916
0.37807	55.94927
0.37863	56.52731
0.37923	57.15087
0.37979	57.73416
0.38039	58.36263
0.38093	58.94453
0.38148	59.53513
0.38205	60.16558
0.38257	60.74975
0.38314	61.38001
0.38366	61.96471
0.38422	62.59898
0.38474	63.18917
0.38525	63.77866
0.38579	64.41308
0.38628	65.00285
0.38682	65.64554
0.38732	66.23590
0.38780	66.82767
0.38834	67.46450
0.38883	68.05923
0.38934	68.69995
0.38981	69.29507
0.39032	69.93634
0.39079	70.53139
0.39125	71.13248
0.39176	71.77461
0.39221	72.37379
0.39271	73.01618
0.39316	73.61265
0.39361	74.21526
0.39409	74.86377
0.39453	75.46303
0.39501	76.10858
0.39544	76.71055
0.39590	77.36528
0.39634	77.96512
0.39677	78.56777
0.39723	79.21632
0.39765	79.81783
0.39811	80.46974
0.39852	81.07373
0.39897	81.72485
0.39938	82.33067
0.39979	82.94440
0.40023	83.59798
0.40063	84.20157
0.40106	84.85606
0.40147	85.46264
0.40187	86.07222
0.40228	86.72814
0.40268	87.33641
0.40310	87.99076
0.40348	88.60007
0.40390	89.26245
0.40428	89.87299
0.40466	90.48452
0.40508	91.14353
0.40545	91.75331
0.40585	92.41151
0.40622	93.02146
0.40659	93.63284
0.40699	94.29341
0.40736	94.91360
0.40775	95.57277
0.40810	96.18849
0.40850	96.85022
0.40885	97.46387
0.40921	98.08199
0.40959	98.74264
0.40994	99.35660
0.41031	100.01957
0.41066	100.63627
0.41104	101.30637
0.41139	101.92378
0.41172	102.54226
0.41209	103.20613
0.41242	103.82229
0.41279	104.48735
0.41314	105.10599
0.41347	105.72343
0.41382	106.39081
0.41416	107.01615
0.41451	107.68188
0.41483	108.30342
0.41518	108.97063
0.41551	109.59008
0.41583	110.21216
0.41617	110.88080
0.41649	111.50186
0.41682	112.17057
0.41714	112.79056
0.41746	113.41886
0.41780	114.08842
0.41812	114.71077
0.41844	115.38073
0.41875	116.00432
0.41908	116.67522
0.41938	117.29782
0.41969	117.91983
0.42002	118.59150
0.42031	119.21861
0.42064	119.89784
0.42094	120.52066
0.42123	121.14475
0.42155	121.81756
0.42186	122.44215
0.42217	123.11677
0.42246	123.74094
0.42277	124.41477
0.42306	125.04246
0.42336	125.67299
0.42367	126.34633
0.42396	126.97496
0.42425	127.64933
0.42454	128.27497
0.42485	128.94924
0.42512	129.57681
0.42541	130.20614
0.42572	130.88318
0.42599	131.51039
0.42628	132.19210
0.42656	132.81890
0.42684	133.44796
0.42713	134.12509
0.42741	134.75395
0.42770	135.43193
0.42797	136.06300
0.42825	136.73935
0.42852	137.36734
0.42879	138.00388