13.676719	-0.003301
13.904918	-0.003374
14.115761	-0.003418
14.339228	-0.003487
14.548573	-0.003548
14.781611	-0.003615
15.014349	-0.003662
15.222895	-0.003724
15.452947	-0.003788
15.660084	-0.003847
15.890914	-0.003910
16.124251	-0.003976
16.334684	-0.004036
16.557306	-0.004097
16.768710	-0.004156
17.001415	-0.004220
17.211909	-0.004255
17.444957	-0.004319
17.677995	-0.004380
17.886963	-0.004440
18.117665	-0.004499
18.331654	-0.004557
18.554687	-0.004620
18.787731	-0.004681
18.998585	-0.004720
19.231623	-0.004780
19.442460	-0.004818
19.675509	-0.004878
19.908542	-0.004941
20.118558	-0.004981
