13.693764	-0.000051
13.917231	-0.000054
14.126875	-0.000056
14.357993	-0.000059
14.562361	-0.000060
14.793213	-0.000063
15.025746	-0.000065
15.236472	-0.000067
15.469188	-0.000070
15.679183	-0.000071
15.902427	-0.000074
16.135476	-0.000076
16.346297	-0.000078
16.570118	-0.000080
16.784696	-0.000082
17.012895	-0.000085
17.223011	-0.000086
17.456055	-0.000088
17.689098	-0.000091
17.899092	-0.000092
18.129705	-0.000094
18.343417	-0.000096
18.565785	-0.000098
18.798828	-0.000101
19.009677	-0.000102
19.242709	-0.000105
19.453552	-0.000106
19.686612	-0.000108
19.919578	-0.000110
20.127186	-0.000112
