13.671869	-0.000779
13.898193	-0.000800
14.105363	-0.000816
14.337708	-0.000831
14.548418	-0.000846
14.780606	-0.000863
15.003562	-0.000880
15.214400	-0.000893
15.447443	-0.000909
15.658292	-0.000921
15.880515	-0.000939
16.114413	-0.000955
16.324346	-0.000970
16.557173	-0.000987
16.768022	-0.001000
17.001065	-0.001017
17.210244	-0.001028
17.440563	-0.001045
17.675299	-0.001061
17.877985	-0.001074
18.110862	-0.001090
18.323098	-0.001103
18.554543	-0.001119
18.787631	-0.001135
18.998580	-0.001150
19.231617	-0.001164
19.440297	-0.001180
19.675138	-0.001194
19.906555	-0.001209
20.110579	-0.001222
