13.693753	-0.000300
13.917308	-0.000308
14.126870	-0.000314
14.359059	-0.000328
14.564109	-0.000337
14.794500	-0.000345
15.025746	-0.000354
15.236594	-0.000359
15.469616	-0.000367
15.680431	-0.000371
15.902433	-0.000380
16.135476	-0.000389
16.346325	-0.000393
16.577243	-0.000403
16.790083	-0.000408
17.021268	-0.000416
17.223194	-0.000421
17.456454	-0.000425
17.689115	-0.000435
17.899947	-0.000439
18.132973	-0.000447
18.343839	-0.000453
18.568149	-0.000459
18.800043	-0.000468
19.016180	-0.000473
19.242748	-0.000480
19.453586	-0.000485
19.686840	-0.000494
19.919656	-0.000497
20.130504	-0.000507
