13.682961	0.000001
13.914157	-0.000000
14.118003	-0.000002
14.348760	-0.000003
14.557257	-0.000004
14.788269	-0.000005
15.014648	-0.000006
15.225497	-0.000007
15.458540	-0.000008
15.669278	-0.000009
15.891341	-0.000011
16.124384	-0.000011
16.335227	-0.000012
16.564731	-0.000014
16.777682	-0.000015
17.006586	-0.000016
17.211942	-0.000016
17.444957	-0.000018
17.678012	-0.000019
17.888827	-0.000020
18.121748	-0.000021
18.332730	-0.000022
18.554721	-0.000023
18.787731	-0.000024
18.998807	-0.000025
19.231634	-0.000026
19.442472	-0.000027
19.675515	-0.000028
19.908558	-0.000029
20.119185	-0.000030
