13.695618	-0.000124
13.927113	-0.000129
14.137912	-0.000132
14.360046	-0.000136
14.570756	-0.000139
14.803800	-0.000142
15.033148	-0.000146
15.239180	-0.000149
15.470809	-0.000153
15.680664	-0.000156
15.911294	-0.000160
16.143643	-0.000163
16.352223	-0.000166
16.579373	-0.000170
16.790233	-0.000173
17.023260	-0.000177
17.233853	-0.000180
17.467119	-0.000184
17.699402	-0.000187
17.901284	-0.000190
18.133301	-0.000194
18.346857	-0.000196
18.576838	-0.000200
18.809842	-0.000203
19.020774	-0.000206
19.251332	-0.000210
19.462757	-0.000213
19.696888	-0.000217
19.926003	-0.000220
20.131203	-0.000224
