0.000000	0.000580
0.000000	0.000580
-0.000006	0.000580
0.000000	0.000569
0.000000	0.000564
0.000000	0.000571
-0.000006	0.000572
-0.000006	0.000565
-0.000011	0.000558
-0.000006	0.000560
0.000000	0.000562
0.000000	0.000564
0.000039	0.000569
0.004134	0.000574
0.011186	0.000596
0.033198	0.000647
0.068864	0.000761
0.133168	0.000945
0.215498	0.001210
0.332880	0.001575
0.443936	0.001930
0.567472	0.002277
0.719532	0.002602
0.853793	0.002825
0.988309	0.002994
1.154119	0.003136
1.298490	0.003235
1.452653	0.003315
1.611778	0.003393
1.764476	0.003452
1.942000	0.003511
2.097368	0.003559
2.252064	0.003601
2.428017	0.003644
2.585671	0.003678
2.741050	0.003711
2.918607	0.003744
3.084905	0.003772
3.240456	0.003798
3.427823	0.003826
3.584428	0.003850
3.762751	0.003874
3.928445	0.003895
4.094771	0.003914
4.272516	0.003936
4.429005	0.003953
4.594283	0.003971
4.782931	0.003990
4.947976	0.004005
5.104764	0.004020
