0.000000	0.000556
0.000000	0.000547
0.000000	0.000547
0.011103	0.000572
0.278259	0.001468
0.887945	0.002986
1.598017	0.003458
2.352628	0.003685
3.129367	0.003837
3.893666	0.003943
4.683061	0.004030
5.482056	0.004097
6.281072	0.004156
7.089367	0.004209
7.890181	0.004253
8.678106	0.004296
9.488409	0.004334
10.299233	0.004368
11.119496	0.004399
11.929893	0.004428
12.750799	0.004453
13.544539	0.004479
14.359913	0.004503
15.181102	0.004526
15.999406	0.004547
16.820645	0.004568
17.640048	0.004588
18.460782	0.004607
19.253834	0.004625
20.075473	0.004641
