0.000000	0.000588
0.000000	0.000569
0.000000	0.000563
0.000000	0.000560
-0.000006	0.000558
0.011097	0.000578
0.107916	0.000844
0.366494	0.001690
0.732361	0.002622
1.131925	0.003119
1.553600	0.003367
1.993935	0.003526
2.441390	0.003643
2.896396	0.003737
3.358548	0.003813
3.817466	0.003879
4.284063	0.003934
4.749684	0.003984
5.218068	0.004028
5.692921	0.004068
6.169733	0.004103
6.636541	0.004136
7.114091	0.004168
7.590554	0.004194
8.067738	0.004221
8.522827	0.004244
9.000666	0.004268
9.478149	0.004289
9.965365	0.004309
10.442522	0.004329
10.919739	0.004347
11.398288	0.004365
11.884649	0.004382
12.362393	0.004397
12.843034	0.004413
13.327426	0.004428
13.805043	0.004442
14.291182	0.004456
14.771606	0.004470
15.258656	0.004483
15.735973	0.004496
16.224249	0.004509
16.701466	0.004521
17.189636	0.004533
17.677241	0.004544
18.155185	0.004554
18.636136	0.004566
19.122353	0.004576
19.608931	0.004587
20.094432	0.004597
