84086.000000	-0.001953
84100.000000	-0.002686
84114.000000	-0.001709
84129.000000	-0.002686
84143.000000	-0.001709
84157.000000	-0.002930
84171.000000	-0.001221
84186.000000	-0.002441
84200.000000	-0.001465
84214.000000	-0.001953
84228.000000	-0.001709
84243.000000	-0.001221
84257.000000	-0.001709
84271.000000	-0.001465
84285.000000	-0.002441
84300.000000	-0.001221
84314.000000	-0.002441
84328.000000	-0.001465
84342.000000	-0.002197
84357.000000	-0.001465
84371.000000	-0.001221
84385.000000	-0.001953
84399.000000	-0.000732
84414.000000	-0.001465
84428.000000	-0.001221
84442.000000	-0.001953
84456.000000	-0.001465
84471.000000	-0.002441
84485.000000	-0.001709
84499.000000	-0.002197
84513.000000	-0.002441
84528.000000	-0.001709
84542.000000	-0.002197
84556.000000	-0.001709
84570.000000	-0.002441
84585.000000	-0.001221
84599.000000	-0.002197
84613.000000	-0.000732
84627.000000	-0.001709
84642.000000	-0.001465
84656.000000	-0.001465
84670.000000	-0.001953
84684.000000	-0.001465
84699.000000	-0.002197
84713.000000	-0.000977
84727.000000	-0.002197
84741.000000	-0.001465
84756.000000	-0.001709
84770.000000	-0.001221
84784.000000	-0.001709
84798.000000	-0.001221
84813.000000	-0.001465
84827.000000	-0.001709
84841.000000	-0.001709
84855.000000	-0.002441
84870.000000	-0.000977
84884.000000	-0.003174
84898.000000	-0.000488
84912.000000	-0.002197
84927.000000	-0.001221
84941.000000	-0.001221
84955.000000	-0.001465
84969.000000	-0.001221
84984.000000	-0.002197
84998.000000	-0.000732
85012.000000	-0.002686
85026.000000	-0.001465
85041.000000	-0.002686
85055.000000	-0.002197
85069.000000	-0.001709
85083.000000	-0.001709
85098.000000	-0.000977
85112.000000	-0.001465
85126.000000	-0.000732
85140.000000	-0.001709
85155.000000	-0.001221
85169.000000	-0.001953
85183.000000	-0.001465
85197.000000	-0.001709
85212.000000	-0.001709
85226.000000	-0.001709
85240.000000	-0.002441
85254.000000	-0.001465
85269.000000	-0.001953
85283.000000	-0.001221
85297.000000	-0.001709
85311.000000	-0.001465
85326.000000	-0.001221
85340.000000	-0.001953
85354.000000	-0.001465
85368.000000	-0.002197
85383.000000	-0.001465
85397.000000	-0.002197
85411.000000	-0.001221
85425.000000	-0.001709
85440.000000	-0.000977
85454.000000	-0.001465
85468.000000	-0.001709
85482.000000	-0.001709
85497.000000	-0.001709
85511.000000	-0.001709
85525.000000	-0.002197
85539.000000	-0.001709
85554.000000	-0.002441
85568.000000	-0.002441
85582.000000	-0.001953
85596.000000	-0.002441
85611.000000	-0.001465
85625.000000	-0.001709
85639.000000	-0.001221
85653.000000	-0.001465
85668.000000	-0.000732
85682.000000	-0.001221
85696.000000	-0.000732
85710.000000	-0.001709
85725.000000	-0.001709
85739.000000	-0.001709
85753.000000	-0.002197
85767.000000	-0.001465
85782.000000	-0.002441
85796.000000	-0.001465
85810.000000	-0.001709
85824.000000	0.010986
85839.000000	-0.010010
85853.000000	0.004639
85867.000000	-0.002686
85881.000000	-0.002930
85896.000000	0.002441
85910.000000	-0.007080
85924.000000	0.004883
85938.000000	-0.007812
85953.000000	0.004639
85967.000000	-0.006104
85981.000000	0.002441
85995.000000	-0.002441
86010.000000	-0.000488
86024.000000	0.000977
86038.000000	-0.002686
86052.000000	0.002441
86067.000000	-0.003662
86081.000000	0.001953
86095.000000	-0.003662
86109.000000	0.000977
86124.000000	-0.002197
86138.000000	-0.000732
86152.000000	-0.000244
86166.000000	-0.001465
86181.000000	0.000732
86195.000000	-0.001953
86209.000000	0.001221
86223.000000	-0.001709
86238.000000	0.000244
86252.000000	-0.002197
86266.000000	-0.001465
86280.000000	-0.000977
86295.000000	-0.002197
86309.000000	-0.000732
86323.000000	-0.002197
86337.000000	0.000000
86352.000000	-0.001709
86366.000000	0.000000
86380.000000	-0.001465
86394.000000	-0.000732
86409.000000	-0.000977
86423.000000	-0.001953
86437.000000	-0.000977
86451.000000	-0.002197
86466.000000	-0.000977
86480.000000	-0.001709
86494.000000	-0.000977
86508.000000	-0.001221
86523.000000	-0.001465
86537.000000	-0.000977
86551.000000	-0.001465
86565.000000	-0.000732
86580.000000	-0.001221
86594.000000	-0.001465
86608.000000	-0.001465
86622.000000	-0.001709
86637.000000	-0.001221
86651.000000	-0.001953
86665.000000	-0.000977
86679.000000	-0.001465
86694.000000	-0.000488
86708.000000	-0.001465
86722.000000	0.000244
86736.000000	-0.000488
86751.000000	0.000244
86765.000000	-0.000244
86779.000000	-0.000488
86793.000000	-0.000732
86808.000000	-0.000732
86822.000000	-0.000732
86836.000000	-0.001465
86850.000000	-0.000244
86865.000000	-0.000732
86879.000000	-0.000244
86893.000000	-0.000732
86907.000000	-0.000488
86922.000000	-0.000488
86936.000000	-0.000244
86950.000000	-0.000732
86964.000000	-0.000488
86979.000000	-0.000488
86993.000000	-0.000732
87007.000000	-0.001465
87021.000000	-0.000977
87036.000000	-0.001221
87050.000000	-0.000977
87064.000000	-0.001465
87078.000000	-0.001221
87093.000000	-0.001465
87107.000000	-0.001221
87121.000000	-0.001465
87135.000000	-0.001465
87150.000000	-0.001221
87164.000000	-0.002197
87178.000000	-0.001465
87192.000000	-0.001953
87207.000000	-0.001221
87221.000000	-0.001465
87235.000000	-0.000488
87249.000000	-0.000977
87264.000000	-0.000732
87278.000000	-0.000977
87292.000000	-0.001221
87306.000000	-0.000732
87321.000000	-0.000977
87335.000000	-0.000488
87349.000000	-0.000732
87363.000000	-0.000977
87378.000000	-0.000977
87392.000000	-0.000488
87406.000000	-0.000732
87420.000000	-0.000488
87435.000000	-0.000488
87449.000000	-0.000732
87463.000000	-0.000488
87477.000000	-0.000732
87492.000000	-0.001221
87506.000000	-0.001465
87520.000000	-0.001953
87534.000000	-0.001709
87549.000000	-0.001709
87563.000000	-0.001465
87577.000000	-0.002197
87591.000000	-0.001221
87606.000000	-0.001953
87620.000000	-0.000977
87634.000000	-0.001465
87648.000000	-0.000977
87663.000000	-0.001465
87677.000000	-0.001221
87691.000000	-0.001465
87705.000000	-0.001465
87720.000000	-0.000977
87734.000000	-0.001221
87748.000000	-0.000488
87762.000000	-0.000977
87777.000000	-0.000244
87791.000000	-0.001221
87805.000000	-0.000244
87819.000000	-0.001465
87834.000000	-0.000488
87848.000000	-0.001221
87862.000000	-0.001221
87876.000000	-0.001709
87891.000000	-0.000977
87905.000000	-0.001709
87919.000000	-0.000977
87933.000000	-0.001221
87948.000000	-0.000732
87962.000000	-0.000732
87976.000000	0.000000
87990.000000	-0.000244
88005.000000	0.001465
88019.000000	0.001709
88033.000000	-0.005859
88047.000000	0.005615
88062.000000	-0.010010
88076.000000	0.006348
88090.000000	-0.009521
88104.000000	0.004395
88119.000000	-0.005859
88133.000000	0.000977
88147.000000	-0.001709
88161.000000	-0.002686
88176.000000	0.001221
88190.000000	-0.004639
88204.000000	0.001465
88218.000000	-0.005371
88233.000000	0.000977
88247.000000	-0.003906
88261.000000	0.000000
88275.000000	-0.002441
88290.000000	-0.001709
88304.000000	-0.000488
88318.000000	-0.003418
88332.000000	-0.000244
88347.000000	-0.003906
88361.000000	-0.000244
88375.000000	-0.003662
88389.000000	-0.001465
88404.000000	-0.003174
88418.000000	-0.002197
88432.000000	-0.002197
88446.000000	-0.003418
88461.000000	-0.000977
88475.000000	-0.002930
88489.000000	-0.000732
88503.000000	-0.002441
88518.000000	-0.000732
88532.000000	-0.002197
88546.000000	-0.001221
88560.000000	-0.001953
88575.000000	-0.002197
88589.000000	-0.001709
88603.000000	-0.001953
88617.000000	-0.001465
88632.000000	-0.002197
88646.000000	-0.000977
88660.000000	-0.001709
88674.000000	-0.001221
88689.000000	-0.001709
88703.000000	-0.001221
88717.000000	-0.000977
88731.000000	-0.001709
88746.000000	-0.001709
88760.000000	-0.001709
88774.000000	-0.001709
88788.000000	-0.002197
88803.000000	-0.002686
88817.000000	-0.002197
88831.000000	-0.002441
88845.000000	-0.002197
88860.000000	-0.002441
88874.000000	-0.002197
88888.000000	-0.001953
88902.000000	-0.002441
88917.000000	-0.002686
88931.000000	-0.002686
88945.000000	-0.002686
88959.000000	-0.002930
88974.000000	-0.002686
88988.000000	-0.002686
89002.000000	-0.001709
89016.000000	-0.002197
89031.000000	-0.001221
89045.000000	-0.001465
89059.000000	-0.000732
89073.000000	-0.001221
89088.000000	-0.001465
89102.000000	-0.001709
89116.000000	-0.001953
89130.000000	-0.001953
89145.000000	-0.002441
89159.000000	-0.001953
89173.000000	-0.001953
89187.000000	-0.001465
89202.000000	-0.001465
89216.000000	-0.001709
89230.000000	-0.001221
89244.000000	-0.001221
89259.000000	-0.001465
89273.000000	-0.001953
89287.000000	-0.001709
89301.000000	-0.002197
89316.000000	-0.002686
89330.000000	-0.003174
89344.000000	-0.002686
89358.000000	-0.002441
89373.000000	-0.002441
89387.000000	-0.002197
89401.000000	-0.002441
89415.000000	-0.001953
89430.000000	-0.002686
89444.000000	-0.002441
89458.000000	-0.002930
89472.000000	-0.002686
89487.000000	-0.002930
89501.000000	-0.002686
89515.000000	-0.002930
89529.000000	-0.002197
89544.000000	-0.002197
89558.000000	-0.001953
89572.000000	-0.002197
89586.000000	-0.001465
89601.000000	-0.002197
89615.000000	-0.002197
89629.000000	-0.002441
89643.000000	-0.002441
89658.000000	-0.002686
89672.000000	-0.002686
89686.000000	-0.002686
89700.000000	-0.002441
89715.000000	-0.002197
89729.000000	-0.002686
89743.000000	-0.001953
89757.000000	-0.001953
89772.000000	-0.001709
89786.000000	-0.001953
89800.000000	-0.001953
89814.000000	-0.002197
89829.000000	-0.002197
89843.000000	-0.002930
89857.000000	-0.002441
89871.000000	-0.001953
89886.000000	-0.001953
89900.000000	-0.001465
89914.000000	-0.001465
89928.000000	-0.001221
89943.000000	-0.001221
89957.000000	-0.001221
89971.000000	-0.001221
89985.000000	-0.001221
90000.000000	-0.001221
90014.000000	-0.001953
90028.000000	-0.001465
90042.000000	-0.001709
90057.000000	-0.001221
90071.000000	-0.001465
90085.000000	-0.000977
90099.000000	-0.001221
90114.000000	-0.001465
90128.000000	-0.001465
90142.000000	-0.001709
90156.000000	-0.001465
90171.000000	0.008301
90185.000000	-0.007324
90199.000000	0.000244
90213.000000	0.000000
90228.000000	-0.005615
90242.000000	0.004883
90256.000000	-0.008301
90270.000000	0.006104
90285.000000	-0.007080
90299.000000	0.004395
90313.000000	-0.004395
90327.000000	0.001221
90342.000000	-0.001221
90356.000000	-0.002686
90370.000000	0.000488
90384.000000	-0.004639
90399.000000	0.001709
90413.000000	-0.004639
90427.000000	0.001221
90441.000000	-0.003418
90456.000000	0.000488
90470.000000	-0.002197
90484.000000	-0.001709
90498.000000	-0.000244
90513.000000	-0.002441
90527.000000	0.000488
90541.000000	-0.002930
90555.000000	0.000488
90570.000000	-0.002197
90584.000000	-0.000244
90598.000000	-0.002197
90612.000000	-0.000732
90627.000000	-0.000732
90641.000000	-0.001221
90655.000000	-0.000244
90669.000000	-0.001709
90684.000000	-0.000244
90698.000000	-0.001709
90712.000000	-0.000977
90726.000000	-0.001709
90741.000000	-0.000977
90755.000000	-0.001465
90769.000000	-0.001465
90783.000000	-0.000732
90798.000000	-0.000977
90812.000000	-0.000244
90826.000000	-0.000732
90840.000000	-0.000488
90855.000000	-0.000732
90869.000000	-0.000732
90883.000000	-0.001709
90897.000000	-0.001221
90912.000000	-0.001465
90926.000000	-0.001709
90940.000000	-0.001465
90954.000000	-0.001221
90969.000000	-0.001221
90983.000000	-0.000732
90997.000000	-0.000977
91011.000000	-0.001221
91026.000000	-0.000732
91040.000000	-0.000488
91054.000000	-0.001465
91068.000000	-0.000977
91083.000000	-0.000977
91097.000000	-0.000977
91111.000000	-0.001465
91125.000000	-0.001465
91140.000000	-0.001465
91154.000000	-0.000977
91168.000000	-0.000977
91182.000000	-0.001221
91197.000000	-0.000732
91211.000000	-0.000488
91225.000000	-0.001221
91239.000000	-0.001221
91254.000000	-0.001221
91268.000000	-0.001465
91282.000000	-0.001221
91296.000000	-0.001709
91311.000000	-0.000977
91325.000000	-0.000732
91339.000000	-0.000488
91353.000000	-0.000977
91368.000000	-0.000488
91382.000000	-0.000977
91396.000000	-0.000977
91410.000000	-0.001221
91425.000000	-0.001221
91439.000000	-0.001221
91453.000000	-0.001465
91467.000000	-0.001953
91482.000000	-0.001709
91496.000000	-0.001709
91510.000000	-0.001465
91524.000000	-0.001221
91539.000000	-0.000488
91553.000000	-0.000244
91567.000000	-0.000244
91581.000000	-0.000488
91596.000000	-0.000977
91610.000000	-0.000488
91624.000000	-0.001221
91638.000000	-0.001465
91653.000000	-0.001465
91667.000000	-0.001221
91681.000000	-0.000977
91695.000000	-0.000977
91710.000000	-0.000732  1724.000000	-0.000977
91738.000000	-0.000244
91752.000000	-0.000977
91767.000000	-0.000977
91781.000000	-0.001221
91795.000000	-0.000977
91809.000000	-0.001465
91824.000000	-0.000977
91838.000000	-0.001221
91852.000000	-0.000244
91866.000000	-0.000488
91881.000000	-0.001465
91895.000000	0.000000
91909.000000	-0.001709
91923.000000	0.000488
91938.000000	-0.002441
91952.000000	0.000000
91966.000000	-0.001953
91980.000000	-0.000977
91995.000000	-0.001709
92009.000000	-0.001221
92023.000000	-0.000732
92037.000000	-0.001221
92052.000000	-0.000244
92066.000000	-0.001221
92080.000000	0.000000
92094.000000	-0.000977
92109.000000	0.000244
92123.000000	-0.001221
92137.000000	-0.000732
92151.000000	-0.000977
92166.000000	-0.001709
92180.000000	-0.001221
92194.000000	-0.001709
92208.000000	-0.000732
92223.000000	-0.001465
92237.000000	-0.000488
92251.000000	-0.000977
92265.000000	-0.000488
92280.000000	-0.000732
92294.000000	-0.001221
92308.000000	-0.000488
92322.000000	-0.001465
92337.000000	-0.000732
92351.000000	-0.003662
92365.000000	0.004395
92379.000000	-0.009033
92394.000000	0.007568
92408.000000	-0.010254
92422.000000	0.006836
92436.000000	-0.007568
92451.000000	0.002930
92465.000000	-0.003174
92479.000000	-0.001221
92493.000000	0.000000
92508.000000	-0.004639
92522.000000	0.001953
92536.000000	-0.005859
92550.000000	0.002441
92565.000000	-0.004883
92579.000000	0.001465
92593.000000	-0.002686
92607.000000	0.000000
92622.000000	-0.000488
92636.000000	-0.001709
92650.000000	0.000488
92664.000000	-0.003174
92679.000000	0.000244
92693.000000	-0.003418
92707.000000	-0.000244
92721.000000	-0.002686
92736.000000	-0.000977
92750.000000	-0.001709
92764.000000	-0.001709
92778.000000	-0.000488
92793.000000	-0.001709
92807.000000	-0.000488
92821.000000	-0.001709
92835.000000	-0.000488
92850.000000	-0.001953
92864.000000	-0.001221
92878.000000	-0.001221
92892.000000	-0.001465
92907.000000	-0.001465
92921.000000	-0.001953
92935.000000	-0.001221
92949.000000	-0.001465
92964.000000	-0.000977
92978.000000	-0.001709
92992.000000	-0.001221
93006.000000	-0.001221
93021.000000	-0.001709
93035.000000	-0.001709
93049.000000	-0.001709
93063.000000	-0.001465
93078.000000	-0.001953
93092.000000	-0.001465
93106.000000	-0.001465
93120.000000	-0.000977
93135.000000	-0.000488
93149.000000	-0.000977
93163.000000	-0.000977
93177.000000	-0.000732
93192.000000	-0.001221
93206.000000	-0.001709
93220.000000	-0.001465
93234.000000	-0.001709
93249.000000	-0.001465
93263.000000	-0.001953
93277.000000	-0.001221
93291.000000	-0.001221
93306.000000	-0.000977
93320.000000	-0.000977
93334.000000	-0.000977
93348.000000	-0.000732
93363.000000	-0.000732
93377.000000	-0.000977
93391.000000	-0.000977
93405.000000	-0.001221
93420.000000	-0.001465
93434.000000	-0.001953
93448.000000	-0.001953
93462.000000	-0.001709
93477.000000	-0.001465
93491.000000	-0.002441
93505.000000	-0.002197
93519.000000	-0.001953
93534.000000	-0.001953
93548.000000	-0.002197
93562.000000	-0.002197
93576.000000	-0.002197
93591.000000	-0.001953
93605.000000	-0.001709
93619.000000	-0.001953
93633.000000	-0.000977
93648.000000	-0.001221
93662.000000	-0.000977
93676.000000	-0.001465
93690.000000	-0.001221
93705.000000	-0.001221
93719.000000	-0.001221
93733.000000	-0.002197
93747.000000	-0.001465
93762.000000	-0.002197
93776.000000	-0.001953
93790.000000	-0.002441
93804.000000	-0.001465
93819.000000	-0.001953
93833.000000	-0.001221
93847.000000	-0.001953
93861.000000	-0.001465
93876.000000	-0.000977
93890.000000	-0.001221
93904.000000	-0.001465
93918.000000	-0.001709
93933.000000	-0.001221
93947.000000	-0.002197
93961.000000	-0.001953
93975.000000	-0.002197
93990.000000	-0.001709
94004.000000	-0.001709
94018.000000	-0.001709
94032.000000	-0.001221
94047.000000	-0.001221
