741369.000000	-0.002344
741403.000000	-0.002051
741436.000000	-0.002686
741469.000000	-0.001855
741503.000000	-0.001978
741536.000000	-0.001147
741569.000000	-0.002173
741603.000000	-0.001831
741636.000000	-0.002271
741669.000000	-0.001367
741702.000000	-0.001880
741736.000000	-0.002441
741769.000000	-0.002100
741802.000000	-0.002197
741836.000000	-0.001709
741869.000000	-0.001831
741902.000000	-0.001709
741936.000000	-0.002148
741969.000000	-0.002100
742002.000000	-0.002002
742035.000000	-0.001318
742069.000000	-0.002100
742102.000000	-0.001807
742135.000000	-0.002319
742169.000000	-0.001318
742202.000000	-0.002148
742235.000000	-0.001587
742269.000000	-0.002783
742302.000000	-0.001660
742335.000000	-0.002148
742368.000000	-0.002075
742402.000000	-0.002197
742435.000000	-0.002124
742468.000000	-0.001733
742502.000000	-0.001685
742535.000000	-0.001758
742568.000000	-0.002222
742602.000000	-0.001929
742635.000000	-0.001831
742668.000000	-0.001538
742701.000000	-0.001978
742735.000000	-0.001880
742768.000000	-0.002319
742801.000000	-0.001343
742835.000000	-0.002441
742868.000000	-0.001831
742901.000000	-0.002197
742935.000000	-0.001587
742968.000000	-0.001978
743001.000000	-0.001685
743034.000000	-0.002100
743068.000000	-0.001880
743101.000000	-0.002148
743134.000000	-0.001880
743168.000000	-0.001855
743201.000000	0.003223
743234.000000	0.000781
743268.000000	-0.000098
743301.000000	-0.000049
743334.000000	-0.001147
743367.000000	-0.001367
743401.000000	-0.002051
743434.000000	-0.001147
743467.000000	-0.001587
743501.000000	-0.001270
743534.000000	-0.001978
743567.000000	-0.001440
743601.000000	-0.001416
743634.000000	-0.000806
743667.000000	-0.001270
743700.000000	-0.000293
743734.000000	-0.001074
743767.000000	-0.000317
743800.000000	-0.001001
743834.000000	-0.001245
743867.000000	-0.001099
743900.000000	-0.001099
743934.000000	-0.000806
743967.000000	-0.001196
744000.000000	-0.001294
744033.000000	-0.001782
744067.000000	-0.001245
744100.000000	-0.001392
744133.000000	-0.000928
744167.000000	-0.001318
744200.000000	-0.000928
744233.000000	-0.001221
744267.000000	-0.000098
744300.000000	-0.000879
744333.000000	-0.000635
744366.000000	-0.001294
744400.000000	-0.000317
744433.000000	-0.000903
744466.000000	-0.000562
744500.000000	-0.001733
744533.000000	-0.001440
744566.000000	-0.000781
744600.000000	-0.000610
744633.000000	-0.001050
744666.000000	-0.001245
744699.000000	-0.000879
744733.000000	-0.000073
744766.000000	0.000122
744799.000000	-0.000757
744833.000000	-0.000464
744866.000000	-0.000928
744899.000000	-0.000586
744933.000000	-0.001636
744966.000000	-0.000757
744999.000000	-0.001416
745032.000000	-0.000659
745066.000000	-0.001196
745099.000000	-0.000464
745132.000000	-0.001196
745166.000000	-0.000317
745199.000000	-0.000415
745232.000000	0.000171
745266.000000	-0.000244
745299.000000	-0.000488
745332.000000	-0.000610
745365.000000	-0.001025
745399.000000	-0.003271
745432.000000	-0.003027
745465.000000	-0.002344
745499.000000	-0.002466
745532.000000	-0.001416
745565.000000	-0.001514
745599.000000	-0.001074
745632.000000	-0.001514
745665.000000	-0.000684
745698.000000	-0.000903
745732.000000	-0.000171
745765.000000	-0.001343
745798.000000	-0.000830
745832.000000	-0.001343
745865.000000	-0.000073
745898.000000	-0.001440
745932.000000	-0.001709
745965.000000	-0.001758
745998.000000	-0.001416
746031.000000	-0.001025
746065.000000	-0.001611
746098.000000	-0.001563
746131.000000	-0.001807
746165.000000	-0.001514
746198.000000	-0.001514
746231.000000	-0.001221
746265.000000	-0.001538
746298.000000	-0.001416
746331.000000	-0.002002
746364.000000	-0.001123
746398.000000	-0.001782
746431.000000	-0.001392
746464.000000	-0.002124
746498.000000	-0.000903
746531.000000	-0.000879
746564.000000	-0.000342
746598.000000	-0.001001
746631.000000	-0.000635
746664.000000	-0.000415
746697.000000	-0.000464
746731.000000	-0.001050
746764.000000	-0.001196
746797.000000	-0.000928
746831.000000	-0.000854
746864.000000	-0.000977
746897.000000	-0.002026
746931.000000	-0.001636
746964.000000	-0.001318
746997.000000	-0.000317
747030.000000	-0.001367
747064.000000	-0.000952
747097.000000	-0.001465
747130.000000	-0.000586
747164.000000	-0.001123
747197.000000	-0.000854
747230.000000	-0.001514
747264.000000	-0.000610
747297.000000	-0.001270
747330.000000	-0.000781
747363.000000	-0.001343
747397.000000	-0.000903
747430.000000	-0.001440
747463.000000	-0.001221
747497.000000	-0.000806
747530.000000	-0.000928
747563.000000	0.002002
747597.000000	0.000342
747630.000000	0.000684
747663.000000	0.000024
747696.000000	-0.000098
747730.000000	-0.001025
747763.000000	-0.000488
747796.000000	-0.000708
747830.000000	-0.000293
747863.000000	-0.001196
747896.000000	-0.001001
747930.000000	-0.001733
747963.000000	-0.000439
747996.000000	-0.001709
748029.000000	-0.000757
748063.000000	-0.000879
748096.000000	-0.000513
748129.000000	-0.000488
748163.000000	-0.000830
748196.000000	-0.001099
748229.000000	-0.001343
748263.000000	-0.001050
748296.000000	-0.000903
748329.000000	-0.000757
748362.000000	-0.001245
748396.000000	-0.000879
748429.000000	-0.001050
748462.000000	-0.000464
748496.000000	-0.001025
748529.000000	-0.000537
748562.000000	-0.001538
748596.000000	-0.001123
748629.000000	-0.001611
748662.000000	-0.000195
748695.000000	-0.000781
748729.000000	-0.000830
748762.000000	-0.000586
748795.000000	0.000146
748829.000000	-0.000781
748862.000000	-0.000928
748895.000000	-0.001270
748929.000000	-0.000806
748962.000000	-0.000244
748995.000000	-0.000928
749028.000000	-0.001001
749062.000000	-0.001074
749095.000000	0.000000
749128.000000	-0.000928
749162.000000	-0.000464
749195.000000	-0.000903
749228.000000	-0.000391
749262.000000	-0.000928
749295.000000	-0.000342
749328.000000	-0.001074
749361.000000	-0.000513
749395.000000	-0.001123
749428.000000	-0.000220
749461.000000	-0.000879
749495.000000	-0.000586
749528.000000	-0.001099
749561.000000	-0.000513
749595.000000	-0.000439
749628.000000	-0.000684
749661.000000	-0.000806
749694.000000	-0.001025
749728.000000	-0.003735
749761.000000	-0.002783
749794.000000	-0.001660
749828.000000	-0.001953
749861.000000	-0.001636
749894.000000	-0.001318
749928.000000	-0.000732
749961.000000	-0.001465
749994.000000	-0.001074
750027.000000	-0.001587
750061.000000	-0.000195
750094.000000	-0.001294
750127.000000	-0.001074
750161.000000	-0.001563
750194.000000	-0.000610
750227.000000	-0.000806
750261.000000	-0.001147
750294.000000	-0.001245
750327.000000	-0.001172
750360.000000	-0.001147
750394.000000	-0.001196
750427.000000	-0.001050
750460.000000	-0.001270
750494.000000	-0.001001
750527.000000	-0.001392
750560.000000	-0.000830
750594.000000	-0.001147
750627.000000	-0.000879
750660.000000	-0.001709
750693.000000	-0.000513
750727.000000	-0.001245
750760.000000	-0.000732
750793.000000	-0.001587
750827.000000	-0.000806
750860.000000	-0.001001
750893.000000	-0.001245
750927.000000	-0.001978
750960.000000	-0.001245
750993.000000	-0.001123
751026.000000	-0.000781
751060.000000	-0.000903
751093.000000	-0.000977
751126.000000	-0.001025
751160.000000	-0.001147
751193.000000	-0.000195
751226.000000	-0.001074
751260.000000	-0.000977
751293.000000	-0.001367
751326.000000	-0.000610
751359.000000	-0.001025
751393.000000	-0.000757
751426.000000	-0.001489
751459.000000	-0.000732
751493.000000	-0.001245
751526.000000	-0.000781
751559.000000	-0.001416
751593.000000	-0.000635
751626.000000	-0.001367
751659.000000	-0.000708
751692.000000	-0.000903
751726.000000	-0.000879
751759.000000	-0.001123
751792.000000	-0.001343
751826.000000	-0.000806
751859.000000	-0.000903
751892.000000	0.005664
751926.000000	0.000952
751959.000000	0.000000
751992.000000	-0.000342
752025.000000	-0.000415
752059.000000	-0.001440
752092.000000	-0.001221
752125.000000	-0.001904
752159.000000	-0.000439
752192.000000	-0.001636
752225.000000	-0.000903
752259.000000	-0.001636
752292.000000	-0.000928
752325.000000	-0.001001
752358.000000	-0.000781
752392.000000	-0.001489
752425.000000	-0.001294
752458.000000	-0.000928
752492.000000	-0.000952
752525.000000	-0.001001
752558.000000	-0.001099
752592.000000	-0.000806
752625.000000	-0.000684
752658.000000	-0.000220
752691.000000	-0.000928
752725.000000	-0.000610
752758.000000	-0.001221
752791.000000	-0.000439
752825.000000	-0.000879
752858.000000	-0.000366
752891.000000	-0.001831
752925.000000	-0.001538
752958.000000	-0.001245
752991.000000	-0.000122
753024.000000	-0.001221
753058.000000	-0.000903
753091.000000	-0.001221
753124.000000	-0.000269
753158.000000	-0.000513
753191.000000	-0.001147
753224.000000	-0.001074
753258.000000	-0.001025
753291.000000	-0.000317
753324.000000	-0.001025
753357.000000	-0.001001
753391.000000	-0.001318
753424.000000	-0.000757
753457.000000	-0.000903
753491.000000	-0.000806
753524.000000	-0.001294
753557.000000	-0.000903
753591.000000	-0.001245
753624.000000	-0.000513
753657.000000	-0.001367
753690.000000	-0.000830
753724.000000	-0.001514
753757.000000	-0.000537
753790.000000	-0.001147
753824.000000	-0.001050
753857.000000	-0.001050
753890.000000	-0.001733
753924.000000	-0.000537
753957.000000	-0.000659
753990.000000	-0.000659
754023.000000	-0.001050
754057.000000	-0.000684
754090.000000	-0.003198
754123.000000	-0.001929
754157.000000	-0.002051
754190.000000	-0.001636
754223.000000	-0.002100
754257.000000	-0.000659
754290.000000	-0.001611
754323.000000	-0.001245
754356.000000	-0.001953
754390.000000	-0.001147
754423.000000	-0.001440
754456.000000	-0.001318
754490.000000	-0.002002
754523.000000	-0.001318
754556.000000	-0.001367
754590.000000	-0.001514
754623.000000	-0.001587
754656.000000	-0.001587
754689.000000	-0.001416
754723.000000	-0.001489
754756.000000	-0.001221
754789.000000	-0.001733
754823.000000	-0.001440
754856.000000	-0.002148
754889.000000	-0.001611
754923.000000	-0.002441
754956.000000	-0.001416
754989.000000	-0.002100
755022.000000	-0.001563
755056.000000	-0.001733
755089.000000	-0.001099
755122.000000	-0.001855
755156.000000	-0.001270
755189.000000	-0.002051
755222.000000	-0.001050
755256.000000	-0.001538
755289.000000	-0.001514
755322.000000	-0.001904
755355.000000	-0.001880
755389.000000	-0.001318
755422.000000	-0.001489
755455.000000	-0.001733
755489.000000	-0.002100
755522.000000	-0.001099
755555.000000	-0.001636
755589.000000	-0.001733
755622.000000	-0.002197
755655.000000	-0.001514
755688.000000	-0.001587
755722.000000	-0.001343
755755.000000	-0.002295
755788.000000	-0.001343
755822.000000	-0.002002
755855.000000	-0.001196
755888.000000	-0.001904
755922.000000	-0.001294
755955.000000	-0.001587
755988.000000	-0.001978
756021.000000	-0.001343
756055.000000	-0.001343
756088.000000	-0.001440
756121.000000	-0.001953
756155.000000	-0.001611
756188.000000	-0.001440
756221.000000	-0.001245
756255.000000	0.001367
756288.000000	0.000635
756321.000000	-0.000342
756354.000000	-0.000073
756388.000000	-0.001270
756421.000000	-0.000781
756454.000000	-0.001587
756488.000000	-0.000610
756521.000000	-0.001440
756554.000000	-0.000708
756588.000000	-0.001782
756621.000000	-0.001147
756654.000000	-0.000952
756687.000000	-0.000806
756721.000000	-0.001270
756754.000000	-0.001343
756787.000000	-0.001147
756821.000000	-0.000757
756854.000000	-0.001001
756887.000000	-0.001855
756921.000000	-0.001440
756954.000000	-0.001270
756987.000000	-0.000513
757020.000000	-0.001465
757054.000000	-0.000732
757087.000000	-0.001099
757120.000000	-0.000708
757154.000000	-0.001050
757187.000000	-0.000464
757220.000000	-0.001343
757254.000000	-0.001001
757287.000000	-0.001538
757320.000000	-0.000293
757353.000000	-0.000977
757387.000000	-0.001294
757420.000000	-0.001465
757453.000000	-0.000610
757487.000000	-0.000708
757520.000000	-0.001196
757553.000000	-0.001099
757587.000000	-0.001196
757620.000000	-0.000659
757653.000000	-0.001074
757686.000000	-0.000757
757720.000000	-0.001196
757753.000000	-0.000854
757786.000000	-0.000879
757820.000000	-0.000635
757853.000000	-0.001294
757886.000000	-0.000952
757920.000000	-0.001318
757953.000000	-0.000098
757986.000000	-0.001221
758019.000000	-0.000903
758053.000000	-0.001343
758086.000000	-0.000732
758119.000000	-0.000806
758153.000000	-0.000977
758186.000000	-0.000879
758219.000000	-0.001001
758253.000000	-0.000903
758286.000000	-0.001050
758319.000000	-0.000586
758352.000000	-0.001025
758386.000000	-0.000952
758419.000000	-0.004956
758452.000000	-0.002783
758486.000000	-0.002441
758519.000000	-0.001904
758552.000000	-0.002368
758586.000000	-0.000757
758619.000000	-0.001465
758652.000000	-0.001416
758685.000000	-0.002173
758719.000000	-0.000903
758752.000000	-0.001050
758785.000000	-0.001074
758819.000000	-0.001758
758852.000000	-0.001318
758885.000000	-0.002002
758919.000000	-0.001416
758952.000000	-0.001245
758985.000000	-0.001367
759018.000000	-0.001318
759052.000000	-0.001660
759085.000000	-0.000903
759118.000000	-0.001318
759152.000000	-0.001196
759185.000000	-0.001685
759218.000000	-0.000806
759252.000000	-0.001343
759285.000000	-0.001099
759318.000000	-0.001685
759351.000000	-0.000928
759385.000000	-0.001416
759418.000000	-0.000879
759451.000000	-0.001685
759485.000000	-0.001147
759518.000000	-0.001660
759551.000000	-0.001050
759585.000000	-0.001221
759618.000000	-0.001025
759651.000000	-0.001440
759684.000000	-0.001855
759718.000000	-0.000781
759751.000000	-0.001270
759784.000000	-0.001294
759818.000000	-0.001733
759851.000000	-0.001270
759884.000000	-0.001025
759918.000000	-0.001074
759951.000000	-0.001855
759984.000000	-0.001123
760017.000000	-0.001440
760051.000000	-0.000854
760084.000000	-0.001880
760117.000000	-0.001074
760151.000000	-0.001709
760184.000000	-0.001074
760217.000000	-0.001392
760251.000000	-0.001123
760284.000000	-0.001465
760317.000000	-0.001514
760350.000000	-0.001416
760384.000000	-0.001196
760417.000000	-0.001050
760450.000000	-0.001685
760484.000000	-0.001318
760517.000000	-0.001294
760550.000000	-0.001099
760584.000000	-0.001660
760617.000000	0.001611
760650.000000	-0.000098
760683.000000	0.000488
760717.000000	-0.000684
760750.000000	-0.000293
760783.000000	-0.001245
760817.000000	-0.000610
760850.000000	-0.000781
760883.000000	-0.000610
760917.000000	-0.001978
760950.000000	-0.001733
760983.000000	-0.001367
761016.000000	-0.000366
761050.000000	-0.001001
761083.000000	-0.001245
761116.000000	-0.000952
761150.000000	-0.000684
761183.000000	-0.000415
761216.000000	-0.000977
761250.000000	-0.000659
761283.000000	-0.001050
761316.000000	-0.000610
761349.000000	-0.001294
761383.000000	-0.000659
761416.000000	-0.001196
761449.000000	-0.000854
761483.000000	-0.001294
761516.000000	-0.000488
761549.000000	-0.001245
761583.000000	-0.000732
761616.000000	-0.001440
761649.000000	-0.000391
761682.000000	-0.000903
761716.000000	-0.000952
761749.000000	-0.001221
761782.000000	-0.001123
761816.000000	-0.000464
761849.000000	-0.000854
761882.000000	-0.000928
761916.000000	-0.001904
761949.000000	-0.001660
761982.000000	-0.000952
762015.000000	-0.000293
762049.000000	-0.001343
762082.000000	-0.000781
762115.000000	-0.001123
762149.000000	-0.000220
762182.000000	-0.001172
762215.000000	-0.000757
762249.000000	-0.001440
762282.000000	-0.000391
762315.000000	-0.001172
762348.000000	-0.000781
762382.000000	-0.001294
762415.000000	-0.000830
762448.000000	-0.000854
762482.000000	-0.000928
762515.000000	-0.001074
762548.000000	-0.001050
762582.000000	-0.001123
762615.000000	-0.001001
762648.000000	-0.000708
762681.000000	-0.001099
762715.000000	-0.001099
762748.000000	-0.001563
762781.000000	-0.003442
762815.000000	-0.002930
762848.000000	-0.002051
762881.000000	-0.002881
762915.000000	-0.002271
762948.000000	-0.001465
762981.000000	-0.001001
763014.000000	-0.002051
763048.000000	-0.001367
763081.000000	-0.001465
763114.000000	-0.000903
763148.000000	-0.001440
763181.000000	-0.001440
763214.000000	-0.001465
763248.000000	-0.001367
763281.000000	-0.001099
763314.000000	-0.001660
763347.000000	-0.001416
763381.000000	-0.001733
763414.000000	-0.000879
763447.000000	-0.001489
763481.000000	-0.001270
763514.000000	-0.001831
763547.000000	-0.001318
763581.000000	-0.001489
763614.000000	-0.000977
763647.000000	-0.001733
763680.000000	-0.001123
763714.000000	-0.001831
763747.000000	-0.000879
763780.000000	-0.001416
763814.000000	-0.000977
763847.000000	-0.001636
763880.000000	-0.001514
763914.000000	-0.001050
763947.000000	-0.000952
763980.000000	-0.001123
764013.000000	-0.001611
764047.000000	-0.000977
764080.000000	-0.000952
764113.000000	-0.001074
764147.000000	-0.001514
764180.000000	-0.001099
764213.000000	-0.001172
764247.000000	-0.000317
764280.000000	-0.001294
764313.000000	-0.000854
764346.000000	-0.001489
764380.000000	-0.000464
764413.000000	-0.001172
764446.000000	-0.000562
764480.000000	-0.001270
764513.000000	-0.000830
764546.000000	-0.000903
764580.000000	-0.000586
764613.000000	-0.000732
764646.000000	-0.000879
764679.000000	-0.000928
764713.000000	-0.000708
764746.000000	-0.000732
764779.000000	-0.001172
764813.000000	-0.000684
764846.000000	-0.001123
764879.000000	-0.000562
764913.000000	-0.001489
764946.000000	0.002197
764979.000000	0.000708
765012.000000	0.000830
765046.000000	0.000317
765079.000000	0.000537
765112.000000	-0.000415
765146.000000	-0.000244
765179.000000	-0.000586
765212.000000	0.000513
765246.000000	-0.000537
765279.000000	-0.001050
765312.000000	-0.001245
765345.000000	-0.000757
765379.000000	-0.000562
765412.000000	-0.001172
765445.000000	-0.001147
765479.000000	-0.001172
765512.000000	-0.000562
765545.000000	-0.001147
765579.000000	-0.000781
765612.000000	-0.001514
765645.000000	-0.000952
765678.000000	-0.001318
765712.000000	-0.000317
765745.000000	-0.000708
765778.000000	-0.000244
765812.000000	-0.001294
765845.000000	-0.000146
765878.000000	-0.000781
765912.000000	-0.000439
765945.000000	-0.000952
765978.000000	-0.000586
766011.000000	-0.000610
766045.000000	-0.000366
766078.000000	-0.000439
766111.000000	-0.000854
766145.000000	-0.000854
766178.000000	-0.000537
766211.000000	-0.000317
766245.000000	-0.000977
766278.000000	-0.000830
766311.000000	-0.001416
766344.000000	-0.000049
766378.000000	-0.001123
766411.000000	-0.000732
766444.000000	-0.001367
766478.000000	-0.000391
766511.000000	-0.001001
766544.000000	-0.000659
766578.000000	-0.001416
766611.000000	-0.000488
766644.000000	-0.000977
766677.000000	-0.000562
766711.000000	-0.001196
766744.000000	-0.000684
766777.000000	-0.000879
766811.000000	-0.000854
766844.000000	-0.000708
766877.000000	-0.000806
766911.000000	-0.001099
766944.000000	-0.001782
766977.000000	-0.001172
767010.000000	-0.001270
767044.000000	-0.000391
767077.000000	-0.000708
767110.000000	-0.005054
767144.000000	-0.002808
767177.000000	-0.001538
767210.000000	-0.001880
767244.000000	-0.001025
767277.000000	-0.001855
767310.000000	-0.000684
767343.000000	-0.001318
767377.000000	-0.000928
767410.000000	-0.001318
767443.000000	-0.001221
767477.000000	-0.000659
767510.000000	-0.001001
767543.000000	-0.001074
767577.000000	-0.001318
767610.000000	-0.000732
767643.000000	-0.000952
767676.000000	-0.000977
767710.000000	-0.001636
767743.000000	-0.000806
767776.000000	-0.001099
767810.000000	-0.000806
767843.000000	-0.001416
767876.000000	-0.000732
767910.000000	-0.001758
767943.000000	-0.001270
767976.000000	-0.001929
768009.000000	-0.001025
768043.000000	-0.001392
768076.000000	-0.001074
768109.000000	-0.001318
768143.000000	-0.000635
768176.000000	-0.000854
768209.000000	-0.001270
768243.000000	-0.001270
768276.000000	-0.000562
768309.000000	-0.000903
768342.000000	-0.001538
768376.000000	-0.001172
768409.000000	-0.001392
768442.000000	-0.000488
768476.000000	-0.001367
768509.000000	-0.001099
768542.000000	-0.001636
768576.000000	-0.000952
768609.000000	-0.001270
768642.000000	-0.000708
768675.000000	-0.001611
768709.000000	-0.001294
768742.000000	-0.001489
768775.000000	-0.000610
768809.000000	-0.001392
768842.000000	-0.001196
768875.000000	-0.001318
768909.000000	-0.000928
768942.000000	-0.001221
768975.000000	-0.001978
769008.000000	-0.001709
769042.000000	-0.001782
769075.000000	-0.000708
769108.000000	-0.001416
769142.000000	-0.000903
769175.000000	-0.001294
769208.000000	-0.001001
769242.000000	-0.000903
769275.000000	-0.000391
769308.000000	0.001489
769341.000000	0.000659
769375.000000	-0.000366
769408.000000	0.000610
769441.000000	-0.000586
769475.000000	-0.000586
769508.000000	-0.001245
769541.000000	-0.000488
769575.000000	-0.000464
769608.000000	-0.000854
769641.000000	-0.000952
769674.000000	-0.000903
769708.000000	-0.000464
769741.000000	-0.000854
769774.000000	-0.000635
769808.000000	-0.000854
769841.000000	-0.000635
769874.000000	-0.000977
769908.000000	-0.000439
769941.000000	-0.001147
769974.000000	-0.001074
770007.000000	-0.001880
770041.000000	-0.000195
770074.000000	-0.000830
770107.000000	-0.000562
770141.000000	-0.001123
770174.000000	-0.000220
770207.000000	-0.000342
770241.000000	-0.000366
770274.000000	-0.000806
770307.000000	-0.000562
770340.000000	-0.000708
770374.000000	-0.000610
770407.000000	-0.000439
770440.000000	-0.000903
770474.000000	-0.000879
770507.000000	-0.001074
770540.000000	-0.000146
770574.000000	-0.000781
770607.000000	-0.000732
770640.000000	-0.001440
770673.000000	-0.000146
770707.000000	-0.000781
770740.000000	-0.000464
770773.000000	-0.001147
770807.000000	-0.000317
770840.000000	-0.000610
770873.000000	-0.000269
770907.000000	-0.001416
770940.000000	-0.001001
770973.000000	-0.001611
771006.000000	-0.001050
771040.000000	-0.001172
771073.000000	-0.001123
771106.000000	-0.001001
771140.000000	-0.000928
771173.000000	-0.000146
771206.000000	-0.000732
771240.000000	-0.000293
771273.000000	-0.000854
771306.000000	-0.000220
771339.000000	-0.000513
771373.000000	-0.000195
771406.000000	-0.000977
771439.000000	-0.000488
771473.000000	-0.004028
771506.000000	-0.002075
771539.000000	-0.002222
771573.000000	-0.001318
771606.000000	-0.002002
771639.000000	-0.000659
771672.000000	-0.001001
771706.000000	-0.000830
771739.000000	-0.001294
771772.000000	-0.001294
771806.000000	-0.000879
771839.000000	-0.001001
771872.000000	-0.001025
771906.000000	-0.001343
771939.000000	-0.000928
771972.000000	-0.001123
772005.000000	-0.001733
772039.000000	-0.002002
772072.000000	-0.000708
772105.000000	-0.001221
772139.000000	-0.000610
772172.000000	-0.001245
772205.000000	-0.000537
772239.000000	-0.001221
772272.000000	-0.000635
772305.000000	-0.001123
772338.000000	-0.000586
772372.000000	-0.001123
772405.000000	-0.001221
772438.000000	-0.001196
772472.000000	-0.000708
772505.000000	-0.000781
772538.000000	-0.001270
772572.000000	-0.001196
772605.000000	-0.001099
772638.000000	-0.000610
772671.000000	-0.001221
772705.000000	-0.001172
772738.000000	-0.001392
772771.000000	-0.000439
772805.000000	-0.001367
772838.000000	-0.000757
772871.000000	-0.001440
772905.000000	-0.000952
772938.000000	-0.000928
772971.000000	-0.001099
773004.000000	-0.002197
773038.000000	-0.001196
773071.000000	-0.001172
773104.000000	-0.000317
773138.000000	-0.001294
773171.000000	-0.001025
773204.000000	-0.000903
773238.000000	-0.000879
773271.000000	-0.000586
773304.000000	-0.001123
773337.000000	-0.000830
773371.000000	-0.001367
773404.000000	-0.000830
773437.000000	-0.001196
773471.000000	-0.000659
773504.000000	-0.001294
773537.000000	-0.001025
773571.000000	-0.001416
773604.000000	-0.000513
773637.000000	0.002979
773670.000000	0.001440
773704.000000	-0.000244
773737.000000	0.000586
773770.000000	-0.000415
773804.000000	-0.000366
773837.000000	-0.001245
773870.000000	-0.000537
773904.000000	-0.000244
773937.000000	-0.000928
773970.000000	-0.000928
774003.000000	-0.001025
774037.000000	-0.000610
774070.000000	-0.000586
774103.000000	-0.000586
774137.000000	-0.001270
774170.000000	-0.000879
774203.000000	-0.001050
774237.000000	-0.000562
774270.000000	-0.001270
774303.000000	-0.000708
774336.000000	-0.001440
774370.000000	-0.000562
774403.000000	-0.001196
774436.000000	-0.000830
774470.000000	-0.001392
774503.000000	-0.000830
774536.000000	-0.001270
774570.000000	-0.001001
774603.000000	-0.001099
774636.000000	-0.001123
774669.000000	-0.001196
774703.000000	-0.001025
774736.000000	-0.000830
774769.000000	-0.001294
774803.000000	-0.001270
774836.000000	-0.001611
774869.000000	-0.000464
774903.000000	-0.001025
774936.000000	-0.000928
774969.000000	-0.002295
775002.000000	-0.001367
775036.000000	-0.001001
775069.000000	-0.000806
775102.000000	-0.001782
775136.000000	-0.000879
775169.000000	-0.001538
775202.000000	-0.000562
775236.000000	-0.001587
775269.000000	-0.000928
775302.000000	-0.001245
775335.000000	-0.001074
775369.000000	-0.001147
775402.000000	-0.001294
775435.000000	-0.001050
775469.000000	-0.001538
775502.000000	-0.000781
775535.000000	-0.001147
775569.000000	-0.001147
775602.000000	-0.001440
775635.000000	-0.001001
775668.000000	-0.001245
775702.000000	-0.000659
775735.000000	-0.001465
775768.000000	-0.000928
775802.000000	-0.008691
775835.000000	-0.003198
775868.000000	-0.003003
775902.000000	-0.001758
775935.000000	-0.002417
775968.000000	-0.001978
776001.000000	-0.001611
776035.000000	-0.001416
776068.000000	-0.001733
776101.000000	-0.002002
776135.000000	-0.001489
776168.000000	-0.001343
776201.000000	-0.001465
776235.000000	-0.001953
776268.000000	-0.001611
776301.000000	-0.001367
776334.000000	-0.001099
776368.000000	-0.002075
776401.000000	-0.001343
776434.000000	-0.001880
776468.000000	-0.001294
776501.000000	-0.001782
776534.000000	-0.001196
776568.000000	-0.001855
776601.000000	-0.001416
776634.000000	-0.001611
776667.000000	-0.001123
776701.000000	-0.001489
776734.000000	-0.001538
776767.000000	-0.001733
776801.000000	-0.001245
776834.000000	-0.001318
776867.000000	-0.001587
776901.000000	-0.001416
776934.000000	-0.001782
776967.000000	-0.000977
777000.000000	-0.002246
777034.000000	-0.002100
777067.000000	-0.002246
777100.000000	-0.001050
777134.000000	-0.001440
777167.000000	-0.001050
777200.000000	-0.001733
777234.000000	-0.001270
777267.000000	-0.001465
777300.000000	-0.000415
777333.000000	-0.001660
777367.000000	-0.001245
777400.000000	-0.001563
777433.000000	-0.000854
777467.000000	-0.001343
777500.000000	-0.001538
777533.000000	-0.001318
777567.000000	-0.001270
777600.000000	-0.001294
777633.000000	-0.001660
777666.000000	-0.001099
777700.000000	-0.001343
777733.000000	-0.001343
777766.000000	-0.001367
777800.000000	-0.000952
777833.000000	-0.001636
777866.000000	-0.001318
777900.000000	-0.001782
777933.000000	-0.000464
777966.000000	-0.001440
777999.000000	0.001782
778033.000000	-0.000049
778066.000000	0.000464
778099.000000	-0.000195
778133.000000	-0.000342
778166.000000	-0.000757
778199.000000	-0.000854
778233.000000	-0.000781
778266.000000	-0.000586
778299.000000	-0.000830
778332.000000	-0.001099
778366.000000	-0.000952
778399.000000	-0.000977
778432.000000	-0.000488
778466.000000	-0.001099
778499.000000	-0.001050
778532.000000	-0.001367
778566.000000	-0.000317
778599.000000	-0.001611
778632.000000	-0.001709
778665.000000	-0.002002
778699.000000	-0.001001
778732.000000	-0.000928
778765.000000	-0.000854
778799.000000	-0.001099
778832.000000	-0.000562
778865.000000	-0.001196
778899.000000	-0.000684
778932.000000	-0.000781
778965.000000	-0.000439
778998.000000	-0.001099
779032.000000	-0.001953
779065.000000	-0.001318
779098.000000	-0.001221
779132.000000	-0.000830
779165.000000	-0.001196
779198.000000	-0.000684
779232.000000	-0.000562
779265.000000	-0.000513
779298.000000	-0.001123
779331.000000	-0.000513
779365.000000	-0.000952
779398.000000	-0.000171
779431.000000	-0.001294
779465.000000	-0.000537
779498.000000	-0.001172
779531.000000	-0.000659
779565.000000	-0.000732
779598.000000	-0.000562
779631.000000	-0.000903
779664.000000	-0.001099
779698.000000	-0.000684
779731.000000	-0.000659
779764.000000	-0.000757
779798.000000	-0.001270
779831.000000	-0.000708
779864.000000	-0.000903
779898.000000	-0.000684
779931.000000	-0.001196
779964.000000	-0.000562
779997.000000	-0.001294
780031.000000	-0.000635
780064.000000	-0.001245
780097.000000	-0.000342
780131.000000	-0.001440
780164.000000	-0.004077
780197.000000	-0.002856
780231.000000	-0.001538
780264.000000	-0.002051
780297.000000	-0.001880
780330.000000	-0.001636
780364.000000	-0.000659
780397.000000	-0.001172
780430.000000	-0.001611
780464.000000	-0.001416
780497.000000	-0.001221
780530.000000	-0.000903
780564.000000	-0.001611
780597.000000	-0.001123
780630.000000	-0.001611
780663.000000	-0.001245
780697.000000	-0.001782
780730.000000	-0.000854
780763.000000	-0.001514
780797.000000	-0.001074
780830.000000	-0.001440
780863.000000	-0.000562
780897.000000	-0.001440
780930.000000	-0.000928
780963.000000	-0.001660
780996.000000	-0.000806
781030.000000	-0.001221
781063.000000	-0.001855
781096.000000	-0.002173
781130.000000	-0.001733
781163.000000	-0.000708
781196.000000	-0.001221
781230.000000	-0.001123
781263.000000	-0.001440
781296.000000	-0.001172
781329.000000	-0.001172
781363.000000	-0.000903
781396.000000	-0.001636
781429.000000	-0.001367
781463.000000	-0.001660
781496.000000	-0.000684
781529.000000	-0.001733
781563.000000	-0.001392
781596.000000	-0.001978
781629.000000	-0.000830
781662.000000	-0.001465
781696.000000	-0.001416
781729.000000	-0.001758
781762.000000	-0.001318
781796.000000	-0.001147
781829.000000	-0.001416
781862.000000	-0.001318
781896.000000	-0.001660
781929.000000	-0.001440
781962.000000	-0.001416
781995.000000	-0.001270
782029.000000	-0.001733
782062.000000	-0.001733
782095.000000	-0.002661
782129.000000	-0.001392
782162.000000	-0.001611
782195.000000	-0.001074
782229.000000	-0.002051
782262.000000	-0.001123
782295.000000	-0.001343
782328.000000	0.005933
782362.000000	0.000708
782395.000000	0.000366
782428.000000	-0.000415
782462.000000	-0.000098
782495.000000	-0.000806
782528.000000	-0.001123
782562.000000	-0.001196
782595.000000	-0.001025
782628.000000	-0.000586
782661.000000	-0.001147
782695.000000	-0.001050
782728.000000	-0.001465
782761.000000	-0.000537
782795.000000	-0.001196
782828.000000	-0.000903
782861.000000	-0.001636
782895.000000	-0.000732
782928.000000	-0.001074
782961.000000	-0.000830
782994.000000	-0.001587
783028.000000	-0.001001
783061.000000	-0.002222
783094.000000	-0.001196
783128.000000	-0.001270
783161.000000	-0.000708
783194.000000	-0.001465
783228.000000	-0.001172
783261.000000	-0.000586
783294.000000	-0.000708
783327.000000	-0.000732
783361.000000	-0.001367
783394.000000	-0.000806
783427.000000	-0.000854
783461.000000	-0.000684
783494.000000	-0.001440
783527.000000	-0.000952
783561.000000	-0.001196
783594.000000	-0.000537
783627.000000	-0.001245
783660.000000	-0.000732
783694.000000	-0.001318
783727.000000	-0.000244
783760.000000	-0.001270
783794.000000	-0.000806
783827.000000	-0.001294
783860.000000	-0.000732
783894.000000	-0.000562
783927.000000	-0.000708
783960.000000	-0.000854
783993.000000	-0.001147
784027.000000	-0.000830
784060.000000	-0.000708
784093.000000	-0.000635
784127.000000	-0.001001
784160.000000	-0.000488
784193.000000	-0.001001
784227.000000	-0.000220
784260.000000	-0.000806
784293.000000	-0.000171
784326.000000	-0.001270
784360.000000	-0.000366
784393.000000	-0.000928
784426.000000	-0.000098
784460.000000	-0.001025
784493.000000	-0.000562
784526.000000	-0.003394
784560.000000	-0.001636
784593.000000	-0.001733
784626.000000	-0.001636
784659.000000	-0.001514
784693.000000	-0.000732
784726.000000	-0.000513
784759.000000	-0.001123
784793.000000	-0.001025
784826.000000	-0.001074
784859.000000	-0.000171
784893.000000	-0.001074
784926.000000	-0.000684
784959.000000	-0.001172
784992.000000	-0.000732
785026.000000	-0.001147
785059.000000	-0.001221
785092.000000	-0.001855
785126.000000	-0.000391
785159.000000	-0.001245
785192.000000	-0.000366
785226.000000	-0.001074
785259.000000	-0.000415
785292.000000	-0.000977
785325.000000	-0.000415
785359.000000	-0.000635
785392.000000	-0.000781
785425.000000	-0.000757
785459.000000	-0.001050
785492.000000	-0.000635
785525.000000	-0.000757
785559.000000	-0.000610
785592.000000	-0.001123
785625.000000	-0.000830
785658.000000	-0.000903
785692.000000	-0.000391
785725.000000	-0.000952
785758.000000	-0.000903
785792.000000	-0.001440
785825.000000	-0.000024
785858.000000	-0.001050
785892.000000	-0.000610
785925.000000	-0.001367
785958.000000	-0.000586
785991.000000	-0.000708
786025.000000	-0.001001
786058.000000	-0.001147
786091.000000	-0.000806
786125.000000	-0.000635
786158.000000	-0.000732
786191.000000	-0.000806
786225.000000	-0.001050
786258.000000	-0.000732
786291.000000	-0.001123
786324.000000	-0.000415
786358.000000	-0.001123
786391.000000	-0.000757
786424.000000	-0.001318
786458.000000	-0.000610
786491.000000	-0.000952
786524.000000	-0.000488
786558.000000	-0.001489
786591.000000	-0.000781
786624.000000	-0.001123
786657.000000	-0.000415
786691.000000	0.002173
786724.000000	0.001245
786757.000000	0.000049
786791.000000	0.000269
786824.000000	0.000146
786857.000000	-0.000415
786891.000000	-0.000537
786924.000000	-0.000732
786957.000000	0.000024
786990.000000	-0.000610
787024.000000	-0.000610
787057.000000	-0.001563
787090.000000	-0.001123
787124.000000	-0.000708
787157.000000	-0.000342
787190.000000	-0.001074
787224.000000	-0.000342
787257.000000	-0.000854
787290.000000	0.000000
787323.000000	-0.000854
787357.000000	-0.000342
787390.000000	-0.000928
787423.000000	-0.000464
787457.000000	-0.000635
787490.000000	-0.000391
787523.000000	-0.000513
787557.000000	-0.001123
787590.000000	-0.000586
787623.000000	-0.000488
787656.000000	-0.000488
787690.000000	-0.001123
787723.000000	-0.000562
787756.000000	-0.000732
787790.000000	-0.000317
787823.000000	-0.001001
787856.000000	-0.000439
787890.000000	-0.001172
787923.000000	-0.000049
787956.000000	-0.001025
787989.000000	-0.000269
788023.000000	-0.001367
788056.000000	-0.000488
788089.000000	-0.000537
788123.000000	-0.000244
788156.000000	-0.001050
788189.000000	-0.000732
788223.000000	-0.000830
788256.000000	-0.000220
788289.000000	-0.000513
788322.000000	-0.000781
788356.000000	-0.000635
788389.000000	-0.000952
788422.000000	-0.000439
788456.000000	-0.000977
788489.000000	-0.000342
788522.000000	-0.000903
788556.000000	-0.000586
788589.000000	-0.000879
788622.000000	-0.000122
788655.000000	-0.000977
788689.000000	-0.000635
788722.000000	-0.000977
788755.000000	-0.000049
788789.000000	-0.000903
788822.000000	-0.000586
788855.000000	-0.004614
788889.000000	-0.002271
788922.000000	-0.001807
788955.000000	-0.002026
788988.000000	-0.001587
789022.000000	-0.001636
789055.000000	-0.000977
789088.000000	-0.001929
789122.000000	-0.001587
789155.000000	-0.001685
789188.000000	-0.000977
789222.000000	-0.001001
789255.000000	-0.000854
789288.000000	-0.001318
789321.000000	-0.000806
789355.000000	-0.001465
789388.000000	-0.000342
789421.000000	-0.001440
789455.000000	-0.000879
789488.000000	-0.001416
789521.000000	-0.000635
789555.000000	-0.001270
789588.000000	-0.001123
789621.000000	-0.001270
789654.000000	-0.001196
789688.000000	-0.001025
789721.000000	-0.001147
789754.000000	-0.000806
789788.000000	-0.001294
789821.000000	-0.001440
789854.000000	-0.001221
789888.000000	-0.000610
789921.000000	-0.001221
789954.000000	-0.001147
789987.000000	-0.001855
790021.000000	-0.000488
790054.000000	-0.001440
790087.000000	-0.001685
790121.000000	-0.002539
790154.000000	-0.000830
790187.000000	-0.000757
790221.000000	-0.000879
790254.000000	-0.001465
790287.000000	-0.000635
790320.000000	-0.000977
790354.000000	-0.000586
790387.000000	-0.001074
790420.000000	-0.001147
790454.000000	-0.001196
790487.000000	-0.001221
790520.000000	-0.000757
790554.000000	-0.001123
790587.000000	-0.001074
790620.000000	-0.001563
790653.000000	-0.000708
790687.000000	-0.001245
790720.000000	-0.000830
790753.000000	-0.001245
790787.000000	-0.000757
790820.000000	-0.001123
790853.000000	-0.000757
790887.000000	-0.001318
790920.000000	-0.000806
790953.000000	-0.001611
790986.000000	-0.000635
791020.000000	-0.000928
791053.000000	0.001489
791086.000000	-0.000073
791120.000000	-0.000757
791153.000000	0.000122
791186.000000	-0.000073
791220.000000	-0.000464
791253.000000	-0.001001
791286.000000	-0.000293