503387.000000	-0.002490
503420.000000	-0.001831
503453.000000	-0.002344
503486.000000	-0.001001
503520.000000	-0.002222
503553.000000	-0.001440
503586.000000	-0.002295
503620.000000	-0.001733
503653.000000	-0.001660
503686.000000	-0.001514
503720.000000	-0.001318
503753.000000	-0.001392
503786.000000	-0.001855
503819.000000	-0.001294
503853.000000	-0.000269
503886.000000	-0.000635
503919.000000	-0.000928
503953.000000	-0.001440
503986.000000	-0.000342
504019.000000	-0.001123
504053.000000	-0.001196
504086.000000	-0.001904
504119.000000	-0.000635
504152.000000	-0.000977
504186.000000	-0.001099
504219.000000	-0.002173
504252.000000	-0.001538
504286.000000	-0.001782
504319.000000	-0.001221
504352.000000	-0.001953
504386.000000	-0.001343
504419.000000	-0.001563
504452.000000	-0.001294
504485.000000	-0.000806
504519.000000	-0.000513
504552.000000	-0.000757
504585.000000	-0.001636
504619.000000	-0.000586
504652.000000	-0.000854
504685.000000	-0.000684
504719.000000	-0.001636
504752.000000	-0.001416
504785.000000	-0.001733
504818.000000	-0.001025
504852.000000	-0.002002
504885.000000	-0.001221
504918.000000	-0.001880
504952.000000	-0.000781
504985.000000	-0.001465
505018.000000	-0.000781
505052.000000	-0.001123
505085.000000	-0.000708
505118.000000	-0.000293
505151.000000	-0.000806
505185.000000	-0.001294
505218.000000	-0.002002
505251.000000	-0.001465
505285.000000	-0.001636
505318.000000	-0.001318
505351.000000	-0.001758
505385.000000	-0.000903
505418.000000	-0.001270
505451.000000	-0.001221
505484.000000	-0.002148
505518.000000	-0.000854
505551.000000	-0.001807
505584.000000	-0.001099
505618.000000	-0.001855
505651.000000	-0.000781
505684.000000	-0.001685
505718.000000	-0.000928
505751.000000	-0.000806
505784.000000	-0.000366
505817.000000	-0.000562
505851.000000	-0.001270
505884.000000	-0.001587
505917.000000	-0.001025
505951.000000	-0.001172
505984.000000	-0.001831
506017.000000	-0.001953
506051.000000	-0.002319
506084.000000	-0.001636
506117.000000	-0.002368
506150.000000	-0.001904
506184.000000	-0.002417
506217.000000	-0.001392
506250.000000	-0.001880
506284.000000	-0.001147
506317.000000	-0.001685
506350.000000	-0.001025
506384.000000	-0.001172
506417.000000	-0.000757
506450.000000	-0.001611
506483.000000	-0.001440
506517.000000	-0.001831
506550.000000	-0.001489
506583.000000	-0.001880
506617.000000	-0.002271
506650.000000	-0.001929
506683.000000	-0.002197
506717.000000	-0.001538
506750.000000	-0.002197
506783.000000	-0.001611
506816.000000	-0.002100
506850.000000	-0.001733
506883.000000	-0.001978
506916.000000	-0.001318
506950.000000	-0.002271
506983.000000	-0.002051
507016.000000	-0.002417
507050.000000	-0.001123
507083.000000	-0.002246
507116.000000	-0.001831
507149.000000	-0.002344
507183.000000	-0.000977
507216.000000	-0.001245
507249.000000	-0.002002
507283.000000	-0.001953
507316.000000	-0.002002
507349.000000	-0.001099
507383.000000	-0.001099
507416.000000	-0.001270
507449.000000	-0.001636
507482.000000	-0.001025
507516.000000	-0.001245
507549.000000	-0.000903
507582.000000	-0.001831
507616.000000	-0.001245
507649.000000	-0.001807
507682.000000	-0.000610
507716.000000	-0.001855
507749.000000	-0.001196
507782.000000	-0.002148
507815.000000	-0.001099
507849.000000	-0.001392
507882.000000	-0.001147
507915.000000	-0.001587
507949.000000	-0.001611
507982.000000	-0.001538
508015.000000	-0.001172
508049.000000	-0.000708
508082.000000	-0.001025
508115.000000	-0.001123
508148.000000	-0.001245
508182.000000	-0.000513
508215.000000	-0.001074
508248.000000	-0.000879
508282.000000	-0.001514
508315.000000	-0.000562
508348.000000	-0.000928
508382.000000	-0.000684
508415.000000	-0.001636
508448.000000	-0.000513
508481.000000	-0.000879
508515.000000	-0.000513
508548.000000	-0.001514
508581.000000	-0.000830
508615.000000	-0.001074
508648.000000	-0.000635
508681.000000	-0.001099
508715.000000	-0.001099
508748.000000	-0.000952
508781.000000	-0.001050
508814.000000	-0.000488
508848.000000	-0.001245
508881.000000	-0.000708
508914.000000	-0.001392
508948.000000	-0.000708
508981.000000	-0.000879
509014.000000	-0.000488
509048.000000	-0.001050
509081.000000	-0.000537
509114.000000	-0.001245
509147.000000	-0.000195
509181.000000	-0.001099
509214.000000	-0.000439
509247.000000	-0.001440
509281.000000	-0.000732
509314.000000	-0.001147
509347.000000	-0.001172
509381.000000	-0.000781
509414.000000	-0.000781
509447.000000	-0.000513
509480.000000	-0.000391
509514.000000	-0.000415
509547.000000	-0.001001
509580.000000	-0.000269
509614.000000	-0.000195
509647.000000	-0.000073
509680.000000	-0.000977
509714.000000	-0.000342
509747.000000	-0.000879
509780.000000	0.000049
509813.000000	-0.001025
509847.000000	-0.000269
509880.000000	-0.000830
509913.000000	-0.000220
509947.000000	-0.000586
509980.000000	0.000049
510013.000000	-0.000439
510047.000000	-0.000415
510080.000000	-0.000464
510113.000000	-0.000049
510146.000000	-0.000269
510180.000000	-0.000488
510213.000000	-0.000732
510246.000000	-0.000854
510280.000000	-0.000293
510313.000000	-0.001050
510346.000000	-0.000586
510380.000000	-0.001392
510413.000000	-0.000220
510446.000000	-0.000708
510479.000000	-0.000244
510513.000000	-0.001416
510546.000000	-0.000635
510579.000000	-0.001074
510613.000000	-0.000122
510646.000000	-0.001318
510679.000000	-0.000684
510713.000000	-0.001099
510746.000000	-0.000073
510779.000000	-0.000806
510812.000000	-0.000903
510846.000000	-0.000952
510879.000000	-0.000757
510912.000000	-0.000366
510946.000000	-0.001172
510979.000000	-0.000659
511012.000000	-0.000977
511046.000000	-0.000684
511079.000000	-0.000952
511112.000000	-0.000464
511145.000000	-0.001123
511179.000000	-0.000854
511212.000000	-0.001343
511245.000000	-0.000171
511279.000000	-0.001343
511312.000000	-0.001587
511345.000000	-0.002368
511379.000000	-0.001099
511412.000000	-0.001343
511445.000000	-0.001367
511478.000000	-0.001953
511512.000000	-0.001709
511545.000000	-0.001514
511578.000000	-0.001709
511612.000000	-0.001636
511645.000000	-0.002295
511678.000000	-0.002026
511712.000000	-0.001709
511745.000000	-0.001587
511778.000000	-0.002295
511811.000000	-0.001758
511845.000000	-0.002124
511878.000000	-0.001147
511911.000000	-0.002100
511945.000000	-0.001538
511978.000000	-0.002246
512011.000000	-0.001392
512045.000000	-0.001709
512078.000000	-0.001001
512111.000000	-0.001123
512144.000000	-0.000781
512178.000000	-0.001245
512211.000000	-0.000806
512244.000000	-0.001440
512278.000000	-0.001685
512311.000000	-0.001392
512344.000000	-0.001392
512378.000000	-0.000562
512411.000000	-0.000732
512444.000000	-0.000830
512477.000000	-0.001440
512511.000000	-0.000537
512544.000000	-0.000903
512577.000000	-0.000732
512611.000000	-0.001660
512644.000000	-0.000806
512677.000000	-0.001367
512711.000000	-0.000708
512744.000000	-0.001709
512777.000000	-0.000854
512810.000000	-0.001587
512844.000000	-0.000708
512877.000000	-0.001245
512910.000000	-0.001050
512944.000000	-0.001294
512977.000000	-0.001294
513010.000000	-0.000610
513044.000000	-0.001123
513077.000000	-0.001099
513110.000000	-0.001416
513143.000000	-0.000879
513177.000000	-0.000854
513210.000000	-0.000806
513243.000000	-0.001465
513277.000000	-0.000977
513310.000000	-0.001978
513343.000000	-0.000806
513377.000000	-0.001025
513410.000000	0.000049
513443.000000	-0.001172
513476.000000	-0.000195
513510.000000	-0.000439
513543.000000	0.000171
513576.000000	-0.000684
513610.000000	-0.000830
513643.000000	-0.000439
513676.000000	-0.000098
513710.000000	-0.000635
513743.000000	-0.001318
513776.000000	-0.000879
513809.000000	-0.000293
513843.000000	-0.000415
513876.000000	-0.001196
513909.000000	-0.000562
513943.000000	-0.001074
513976.000000	-0.000195
514009.000000	-0.000952
514043.000000	-0.000342
514076.000000	-0.000977
514109.000000	-0.000513
514142.000000	-0.000903
514176.000000	-0.000366
514209.000000	-0.001025
514242.000000	-0.000586
514276.000000	-0.001025
514309.000000	-0.000488
514342.000000	-0.001270
514376.000000	-0.001294
514409.000000	-0.000757
514442.000000	-0.000732
514475.000000	-0.000391
514509.000000	-0.000708
514542.000000	-0.000439
514575.000000	-0.001465
514609.000000	-0.000708
514642.000000	-0.001196
514675.000000	-0.000635
514709.000000	-0.001489
514742.000000	-0.001416
514775.000000	-0.001367
514808.000000	-0.000439
514842.000000	-0.001611
514875.000000	-0.001099
514908.000000	-0.001782
514942.000000	-0.000342
514975.000000	-0.001392
515008.000000	-0.001270
515042.000000	-0.001367
515075.000000	-0.000806
515108.000000	-0.000586
515141.000000	-0.001392
515175.000000	-0.001270
515208.000000	-0.001099
515241.000000	-0.001025
515275.000000	-0.001416
515308.000000	-0.001245
515341.000000	-0.002002
515375.000000	-0.001050
515408.000000	-0.001489
515441.000000	-0.000757
515474.000000	-0.001270
515508.000000	-0.000757
515541.000000	-0.001831
515574.000000	-0.000391
515608.000000	-0.001099
515641.000000	-0.000708
515674.000000	-0.001636
515708.000000	-0.000952
515741.000000	-0.001025
515774.000000	-0.000879
515807.000000	-0.001440
515841.000000	-0.001318
515874.000000	-0.001221
515907.000000	-0.000732
515941.000000	-0.001001
515974.000000	-0.001367
516007.000000	-0.001025
516041.000000	-0.001538
516074.000000	-0.000415
516107.000000	-0.001172
516140.000000	-0.001172
516174.000000	-0.001636
516207.000000	-0.000537
516240.000000	-0.001074
516274.000000	-0.001001
516307.000000	-0.002148
516340.000000	-0.001489
516374.000000	-0.001733
516407.000000	-0.001147
516440.000000	-0.001611
516473.000000	-0.000781
516507.000000	-0.001270
516540.000000	-0.001001
516573.000000	-0.000684
516607.000000	-0.000781
516640.000000	-0.000732
516673.000000	-0.001416
516707.000000	-0.000391
516740.000000	-0.000732
516773.000000	-0.000439
516806.000000	-0.001172
516840.000000	-0.000537
516873.000000	-0.000415
516906.000000	-0.000024
516940.000000	-0.001196
516973.000000	-0.000586
517006.000000	-0.000879
517040.000000	0.000317
517073.000000	-0.000879
517106.000000	-0.000317
517139.000000	-0.000952
517173.000000	-0.000439
517206.000000	-0.000513
517239.000000	-0.000586
517273.000000	-0.000781
517306.000000	-0.001416
517339.000000	-0.000952
517373.000000	-0.000659
517406.000000	-0.000366
517439.000000	-0.000928
517472.000000	-0.000342
517506.000000	-0.000391
517539.000000	-0.000024
517572.000000	-0.000781
517606.000000	-0.000122
517639.000000	-0.001001
517672.000000	0.000024
517706.000000	-0.000830
517739.000000	-0.000098
517772.000000	-0.001099
517805.000000	-0.000513
517839.000000	-0.000464
517872.000000	-0.000049
517905.000000	-0.000928
517939.000000	-0.000806
517972.000000	-0.000610
518005.000000	-0.000391
518039.000000	-0.000293
518072.000000	-0.000928
518105.000000	-0.000610
518138.000000	-0.000537
518172.000000	0.000146
518205.000000	-0.001025
518238.000000	-0.000610
518272.000000	-0.001050
518305.000000	-0.000122
518338.000000	-0.001416
518372.000000	-0.000781
518405.000000	-0.001270
518438.000000	-0.000293
518471.000000	-0.000781
518505.000000	0.000049
518538.000000	-0.000659
518571.000000	-0.000146
518605.000000	-0.000732
518638.000000	-0.000122
518671.000000	-0.000464
518705.000000	-0.000684
518738.000000	-0.000610
518771.000000	-0.000879
518804.000000	-0.000244
518838.000000	-0.000830
518871.000000	-0.000415
518904.000000	-0.001465
518938.000000	-0.000977
518971.000000	-0.001147
519004.000000	-0.000659
519038.000000	-0.001563
519071.000000	-0.001294
519104.000000	-0.001733
519137.000000	-0.000464
519171.000000	-0.001465
519204.000000	-0.001270
519237.000000	-0.002026
519271.000000	-0.000806
519304.000000	-0.001514
519337.000000	-0.002051
519371.000000	-0.001440
519404.000000	-0.001440
519437.000000	-0.001099
519470.000000	-0.001611
519504.000000	-0.001294
519537.000000	-0.001538
519570.000000	-0.001074
519604.000000	-0.001343
519637.000000	-0.001123
519670.000000	-0.001929
519704.000000	-0.001343
519737.000000	-0.001880
519770.000000	-0.000903
519803.000000	-0.001831
519837.000000	-0.001270
519870.000000	-0.002295
519903.000000	-0.001221
519937.000000	-0.001685
519970.000000	-0.001221
520003.000000	-0.001880
520037.000000	-0.001636
520070.000000	-0.001611
520103.000000	-0.001489
520136.000000	-0.001538
520170.000000	-0.001855
520203.000000	-0.001855
520236.000000	-0.001563
520270.000000	-0.001172
520303.000000	-0.002002
520336.000000	-0.001685
520370.000000	-0.002173
520403.000000	-0.000952
520436.000000	-0.001733
520469.000000	-0.001514
520503.000000	-0.002295
520536.000000	-0.001318
520569.000000	-0.001563
520603.000000	-0.001318
520636.000000	-0.002148
520669.000000	-0.001221
520703.000000	-0.001880
520736.000000	-0.001294
520769.000000	-0.001855
520802.000000	-0.001685
520836.000000	-0.001514
520869.000000	-0.001709
520902.000000	-0.001196
520936.000000	-0.001636
520969.000000	-0.001465
521002.000000	-0.002051
521036.000000	-0.001221
521069.000000	-0.001514
521102.000000	-0.000781
521135.000000	-0.001538
521169.000000	-0.001147
521202.000000	-0.001245
521235.000000	-0.000757
521269.000000	-0.001587
521302.000000	-0.001514
521335.000000	-0.002271
521369.000000	-0.000854
521402.000000	-0.001147
521435.000000	-0.000977
521468.000000	-0.001294
521502.000000	-0.001050
521535.000000	-0.000342
521568.000000	-0.001001
521602.000000	-0.001025
521635.000000	-0.001367
521668.000000	-0.000879
521702.000000	-0.000879
521735.000000	-0.000977
521768.000000	-0.001685
521801.000000	-0.001025
521835.000000	-0.001367
521868.000000	-0.000635
521901.000000	-0.001489
521935.000000	-0.000537
521968.000000	-0.001587
522001.000000	-0.000977
522035.000000	-0.001294
522068.000000	-0.000586
522101.000000	-0.001318
522134.000000	-0.000977
522168.000000	-0.001245
522201.000000	-0.000684
522234.000000	-0.000854
522268.000000	-0.001343
522301.000000	-0.001196
522334.000000	-0.000659
522368.000000	-0.000684
522401.000000	-0.001343
522434.000000	-0.000928
522467.000000	-0.001416
522501.000000	-0.000293
522534.000000	-0.001074
522567.000000	-0.000806
522601.000000	-0.001611
522634.000000	-0.000781
522667.000000	-0.001001
522701.000000	-0.000391
522734.000000	-0.001440
522767.000000	-0.001001
522800.000000	-0.001172
522834.000000	-0.000220
522867.000000	-0.001465
522900.000000	-0.001001
522934.000000	-0.000928
522967.000000	-0.000732
523000.000000	-0.000781
523034.000000	-0.001123
523067.000000	-0.000806
523100.000000	-0.001074
523133.000000	-0.000635
523167.000000	-0.001099
523200.000000	-0.000562
523233.000000	-0.001147
523267.000000	-0.001440
523300.000000	-0.001636
523333.000000	-0.001270
523367.000000	-0.002222
523400.000000	-0.001587
523433.000000	-0.001709
523466.000000	-0.000439
523500.000000	-0.001416
523533.000000	-0.001099
523566.000000	-0.001587
523600.000000	-0.000977
523633.000000	-0.000830
523666.000000	-0.001294
523700.000000	-0.001318
523733.000000	-0.001440
523766.000000	-0.001147
523799.000000	-0.001221
523833.000000	-0.001172
523866.000000	-0.001538
523899.000000	-0.001245
523933.000000	-0.001587
523966.000000	-0.000537
523999.000000	-0.001587
524033.000000	-0.001392
524066.000000	-0.001782
524099.000000	-0.000562
524132.000000	-0.001392
524166.000000	-0.001099
524199.000000	-0.001733
524232.000000	-0.000928
524266.000000	-0.001440
524299.000000	-0.001294
524332.000000	-0.001733
524366.000000	-0.001782
524399.000000	-0.001587
524432.000000	-0.000903
524465.000000	-0.001050
524499.000000	-0.001318
524532.000000	-0.001465
524565.000000	-0.001709
524599.000000	-0.000366
524632.000000	-0.001294
524665.000000	-0.001880
524699.000000	-0.002808
524732.000000	-0.001343
524765.000000	-0.001685
524798.000000	-0.001733
524832.000000	-0.002686
524865.000000	-0.001611
524898.000000	-0.002124
524932.000000	-0.001367
524965.000000	-0.002344
524998.000000	-0.001782
525032.000000	-0.002148
525065.000000	-0.001514
525098.000000	-0.001318
525131.000000	-0.001367
525165.000000	-0.001392
525198.000000	-0.001733
525231.000000	-0.001416
525265.000000	-0.001685
525298.000000	-0.001660
525331.000000	-0.002539
525365.000000	-0.002173
525398.000000	-0.002344
525431.000000	-0.001196
525464.000000	-0.001196
525498.000000	-0.000903
525531.000000	-0.001807
525564.000000	-0.000684
525598.000000	-0.001318
525631.000000	-0.000708
525664.000000	-0.001709
525698.000000	-0.001343
525731.000000	-0.001001
525764.000000	-0.000757
525797.000000	-0.001343
525831.000000	-0.001660
525864.000000	-0.001318
525897.000000	-0.000757
525931.000000	-0.001099
525964.000000	-0.001685
525997.000000	-0.000928
526031.000000	-0.001099
526064.000000	-0.000732
526097.000000	-0.001807
526130.000000	-0.001123
526164.000000	-0.001636
526197.000000	-0.000879
526230.000000	-0.001563
526264.000000	-0.000879
526297.000000	-0.001733
526330.000000	-0.001489
526364.000000	-0.002002
526397.000000	-0.001196
526430.000000	-0.001489
526463.000000	-0.000781
526497.000000	-0.001392
526530.000000	-0.000464
526563.000000	-0.000293
526597.000000	-0.000757
526630.000000	-0.000879
526663.000000	-0.001221
526697.000000	-0.000366
526730.000000	-0.001074
526763.000000	-0.001025
526796.000000	-0.001465
526830.000000	-0.000854
526863.000000	-0.000806
526896.000000	-0.000537
526930.000000	-0.001440
526963.000000	-0.001001
526996.000000	-0.001221
527030.000000	-0.000220
527063.000000	-0.001294
527096.000000	-0.000806
527129.000000	-0.001392
527163.000000	-0.000562
527196.000000	-0.000684
527229.000000	-0.000977
527263.000000	-0.000879
527296.000000	-0.001196
527329.000000	-0.001074
527363.000000	-0.001978
527396.000000	-0.001538
527429.000000	-0.001880
527462.000000	-0.001611
527496.000000	-0.001563
527529.000000	-0.000732
527562.000000	-0.001025
527596.000000	-0.000732
527629.000000	-0.001880
527662.000000	-0.000391
527696.000000	-0.001392
527729.000000	-0.001196
527762.000000	-0.002148
527795.000000	-0.001147
527829.000000	-0.001270
527862.000000	-0.001172
527895.000000	-0.001733
527929.000000	-0.001709
527962.000000	-0.001367
527995.000000	-0.001221
528029.000000	-0.001416
528062.000000	-0.001611
528095.000000	-0.001465
528128.000000	-0.001563
528162.000000	-0.001074
528195.000000	-0.001758
528228.000000	-0.001392
528262.000000	-0.001855
528295.000000	-0.001025
528328.000000	-0.001953
528362.000000	-0.001733
528395.000000	-0.002002
528428.000000	-0.001221
528461.000000	-0.001465
528495.000000	-0.001050
528528.000000	-0.001880
528561.000000	-0.001147
528595.000000	-0.001660
528628.000000	-0.001123
528661.000000	-0.001196
528695.000000	-0.001343
528728.000000	-0.001636
528761.000000	-0.001660
528794.000000	-0.000830
528828.000000	-0.001343
528861.000000	-0.001221
528894.000000	-0.001953
528928.000000	-0.001099
528961.000000	-0.001318
528994.000000	-0.001001
529028.000000	-0.001855
529061.000000	-0.001099
529094.000000	-0.001343
529127.000000	-0.000879
529161.000000	-0.001709
529194.000000	-0.001025
529227.000000	-0.001611
529261.000000	-0.000659
529294.000000	-0.001270
529327.000000	-0.001587
529361.000000	-0.002026
529394.000000	-0.002148
529427.000000	-0.001123
529460.000000	-0.001367
529494.000000	-0.000879
529527.000000	-0.001343
529560.000000	-0.000830
529594.000000	-0.000732
529627.000000	-0.000439
529660.000000	-0.001099
529694.000000	-0.000586
529727.000000	-0.001367
529760.000000	-0.000464
529793.000000	-0.000806
529827.000000	-0.000098
529860.000000	-0.000977
529893.000000	-0.000098
529927.000000	-0.000732
529960.000000	0.000024
529993.000000	-0.000732
530027.000000	-0.000659
530060.000000	-0.000269
530093.000000	0.000024
530126.000000	-0.000537
530160.000000	-0.000977
530193.000000	-0.001050
530226.000000	-0.000854
530260.000000	-0.000586
530293.000000	-0.001099
530326.000000	-0.000317
530360.000000	-0.000586
530393.000000	0.000366
530426.000000	-0.000366
530459.000000	-0.000146
530493.000000	-0.000708
530526.000000	-0.000024
530559.000000	-0.000513
530593.000000	0.000098
530626.000000	-0.000732
530659.000000	-0.000122
530693.000000	-0.000854
530726.000000	-0.000269
530759.000000	-0.000342
530792.000000	-0.000391
530826.000000	-0.000708
530859.000000	-0.000464
530892.000000	-0.000073
530926.000000	-0.000415
530959.000000	-0.000342
530992.000000	-0.000806
531026.000000	-0.000049
531059.000000	-0.000513
531092.000000	-0.000195
531125.000000	-0.000781
531159.000000	-0.000464
531192.000000	-0.000513
531225.000000	0.000269
531259.000000	-0.000928
531292.000000	-0.000366
531325.000000	-0.001074
531359.000000	-0.000073
531392.000000	-0.001172
531425.000000	-0.000977
531458.000000	-0.000781
531492.000000	-0.000293
531525.000000	-0.000171
531558.000000	-0.000513
531592.000000	-0.000220
531625.000000	-0.000610
531658.000000	-0.000269
531692.000000	-0.000464
531725.000000	-0.000073
531758.000000	-0.000708
531791.000000	-0.000366
531825.000000	-0.000952
531858.000000	-0.000098
531891.000000	-0.000854
531925.000000	-0.000195
531958.000000	-0.001660
531991.000000	-0.000415
532025.000000	-0.001074
532058.000000	-0.000659
532091.000000	-0.001587
532124.000000	-0.000879
532158.000000	-0.000879
532191.000000	-0.000610
532224.000000	-0.001221
532258.000000	-0.001270
532291.000000	-0.001270
532324.000000	-0.000879
532358.000000	-0.000977
532391.000000	-0.002197
532424.000000	-0.001660
532457.000000	-0.001367
532491.000000	-0.000293
532524.000000	-0.001270
532557.000000	-0.000952
532591.000000	-0.001343
532624.000000	-0.000513
532657.000000	-0.000952
532691.000000	-0.000806
532724.000000	-0.001563
532757.000000	-0.000684
532790.000000	-0.001489
532824.000000	-0.000806
532857.000000	-0.001318
532890.000000	-0.000903
532924.000000	-0.001196
532957.000000	-0.001147
532990.000000	-0.000879
533024.000000	-0.001172
533057.000000	-0.001172
533090.000000	-0.001636
533123.000000	-0.000684
533157.000000	-0.000977
533190.000000	-0.001001
533223.000000	-0.001660
533257.000000	-0.001050
533290.000000	-0.001099
533323.000000	-0.000757
533357.000000	-0.002100
533390.000000	-0.001807
533423.000000	-0.002026
533456.000000	-0.000513
533490.000000	-0.001343
533523.000000	-0.000952
533556.000000	-0.001343
533590.000000	-0.001025
533623.000000	-0.000684
533656.000000	-0.000903
533690.000000	-0.001099
533723.000000	-0.001440
533756.000000	-0.000854
533789.000000	-0.001050
533823.000000	-0.001123
533856.000000	-0.001440
533889.000000	-0.000977
533923.000000	-0.001343
533956.000000	-0.000830
533989.000000	-0.001709
534023.000000	-0.000708
534056.000000	-0.001636
534089.000000	-0.000757
534122.000000	-0.001367
534156.000000	-0.000171
534189.000000	-0.001196
534222.000000	-0.000708
534256.000000	-0.000708
534289.000000	-0.000098
534322.000000	-0.000952
534356.000000	-0.001196
534389.000000	-0.001465
534422.000000	-0.001025
534455.000000	-0.000415
534489.000000	-0.000806
534522.000000	-0.000806
534555.000000	-0.000757
534589.000000	0.000000
534622.000000	-0.000830
534655.000000	-0.000366
534689.000000	-0.001025
534722.000000	-0.000391
534755.000000	-0.000586
534788.000000	-0.000293
534822.000000	-0.001196
534855.000000	-0.000513
534888.000000	-0.001001
534922.000000	0.000049
534955.000000	-0.001074
534988.000000	-0.000610
535022.000000	-0.001001
535055.000000	-0.000366
535088.000000	-0.000488
535121.000000	-0.000806
535155.000000	-0.000586
535188.000000	-0.000952
535221.000000	-0.000708
535255.000000	-0.000781
535288.000000	-0.000244
535321.000000	-0.000977
535355.000000	-0.001147
535388.000000	-0.001367
535421.000000	0.000244
535454.000000	-0.000977
535488.000000	-0.000684
535521.000000	-0.001221
535554.000000	0.000464
535588.000000	-0.000806
535621.000000	-0.000488
535654.000000	-0.001245
535688.000000	-0.000122
535721.000000	-0.000317
535754.000000	-0.000586
535787.000000	-0.000928
535821.000000	-0.000879
535854.000000	-0.000464
535887.000000	-0.000537
535921.000000	-0.000464
535954.000000	-0.000659
535987.000000	-0.000806
536021.000000	-0.000806
536054.000000	-0.000195
536087.000000	-0.001074
536120.000000	-0.000391
536154.000000	-0.001050
536187.000000	-0.000171
536220.000000	-0.000830
536254.000000	-0.000342
536287.000000	-0.001221
536320.000000	-0.000781
536354.000000	-0.001099
536387.000000	-0.000635
536420.000000	-0.001294
536453.000000	-0.000928
536487.000000	-0.001392
536520.000000	-0.000659
536553.000000	-0.000830
536587.000000	-0.001538
536620.000000	-0.001245
536653.000000	-0.001245
536687.000000	-0.000342
536720.000000	-0.001025
536753.000000	-0.000806
536786.000000	-0.001538
536820.000000	-0.000415
536853.000000	-0.001074
536886.000000	-0.000708
536920.000000	-0.001367
536953.000000	-0.000708
536986.000000	-0.001123
537020.000000	-0.000464
537053.000000	-0.001440
537086.000000	-0.000586
537119.000000	-0.001221
537153.000000	-0.000610
537186.000000	-0.001099
537219.000000	-0.000757
537253.000000	-0.000879
537286.000000	-0.001318
537319.000000	-0.000488
537353.000000	-0.000952
537386.000000	-0.001440
537419.000000	-0.001489
537452.000000	-0.000854
537486.000000	-0.000928
537519.000000	-0.000464
537552.000000	-0.001221
537586.000000	-0.000854
537619.000000	-0.001367
537652.000000	-0.000073
537686.000000	-0.001172
537719.000000	-0.000488
537752.000000	-0.001587
537785.000000	-0.000610
537819.000000	-0.001025
537852.000000	-0.000684
537885.000000	-0.001245
537919.000000	-0.001050
537952.000000	-0.000757
537985.000000	-0.001245
538019.000000	-0.001807
538052.000000	-0.001904
538085.000000	-0.001367
538118.000000	-0.000952
538152.000000	-0.000537
538185.000000	-0.001343
538218.000000	-0.000684
538252.000000	-0.001123
538285.000000	-0.000317
538318.000000	-0.000977
538352.000000	-0.000415
538385.000000	-0.001978
538418.000000	-0.001758
538451.000000	-0.001392
538485.000000	0.000098
538518.000000	-0.000830
538551.000000	-0.000610
538585.000000	-0.000977
538618.000000	0.000073
538651.000000	-0.000098
538685.000000	-0.000586
538718.000000	-0.000635
538751.000000	-0.000732
538784.000000	0.000049
538818.000000	-0.000732
538851.000000	-0.000537
538884.000000	-0.001001
538918.000000	-0.000317
538951.000000	-0.000586
538984.000000	-0.000439
539018.000000	-0.001172
539051.000000	-0.000562
539084.000000	-0.000903
539117.000000	0.000073
539151.000000	-0.001123
539184.000000	-0.000659
539217.000000	-0.001196
539251.000000	-0.000122
539284.000000	-0.000830
539317.000000	-0.000708
539351.000000	-0.001123
539384.000000	-0.001343
539417.000000	-0.000732
539450.000000	-0.001050
539484.000000	-0.000830
539517.000000	-0.001221
539550.000000	-0.001294
539584.000000	-0.001050
539617.000000	-0.000610
539650.000000	-0.001147
539684.000000	-0.000928
539717.000000	-0.001660
539750.000000	-0.000391
539783.000000	-0.001172
539817.000000	-0.000806
539850.000000	-0.001880
539883.000000	-0.000708
539917.000000	-0.001099
539950.000000	-0.000879
539983.000000	-0.001880
540017.000000	-0.001050
540050.000000	-0.000879
540083.000000	-0.000928
540116.000000	-0.001294
540150.000000	-0.001440
540183.000000	-0.001074
540216.000000	-0.001099
540250.000000	-0.000952
540283.000000	-0.001343
540316.000000	-0.001074
540350.000000	-0.001807
540383.000000	-0.000757
540416.000000	-0.001416
540449.000000	-0.001025
540483.000000	-0.001636
540516.000000	-0.000903
540549.000000	-0.001318
540583.000000	-0.001025
540616.000000	-0.001587
540649.000000	-0.001270
540683.000000	-0.002173
540716.000000	-0.001196
540749.000000	-0.001685
540782.000000	-0.001538
540816.000000	-0.001733
540849.000000	-0.001709
540882.000000	-0.001123
540916.000000	-0.001563
540949.000000	-0.001733
540982.000000	-0.002344
541016.000000	-0.001147
541049.000000	-0.001367
541082.000000	-0.001465
541115.000000	-0.002319
541149.000000	-0.001489
541182.000000	-0.001611
541215.000000	-0.001172
541249.000000	-0.002222
541282.000000	-0.001440
541315.000000	-0.002148
541349.000000	-0.001123
541382.000000	-0.002051
541415.000000	-0.001367
541448.000000	-0.001953
541482.000000	-0.001880
541515.000000	-0.001465
541548.000000	-0.001660
541582.000000	-0.001489
541615.000000	-0.001807
541648.000000	-0.001465
541682.000000	-0.001538
541715.000000	-0.001318
541748.000000	-0.001929
541781.000000	-0.001440
541815.000000	-0.001831
541848.000000	-0.001025
541881.000000	-0.001929
541915.000000	-0.001367
541948.000000	-0.002100
541981.000000	-0.001050
542015.000000	-0.001660
542048.000000	-0.001099
542081.000000	-0.002368
542114.000000	-0.001367
542148.000000	-0.001440
542181.000000	-0.001172
542214.000000	-0.001392
542248.000000	-0.001758
542281.000000	-0.001587
542314.000000	-0.001001
542348.000000	-0.001514
542381.000000	-0.002075
542414.000000	-0.001367
542447.000000	-0.001514
542481.000000	-0.000952
542514.000000	-0.002002
542547.000000	-0.001099
542581.000000	-0.001709
542614.000000	-0.001245
542647.000000	-0.001660
542681.000000	-0.001001
542714.000000	-0.001758
542747.000000	-0.001343
542780.000000	-0.001709
542814.000000	-0.000708
542847.000000	-0.001099
542880.000000	-0.001025
542914.000000	-0.001465
542947.000000	-0.000732
542980.000000	-0.000610
543014.000000	-0.000903
543047.000000	-0.001074
543080.000000	-0.001343
543113.000000	-0.000415
543147.000000	-0.000952
543180.000000	-0.000635
543213.000000	-0.001343
543247.000000	-0.000781
543280.000000	-0.000806
543313.000000	-0.000513
543347.000000	-0.001489
543380.000000	-0.000928
543413.000000	-0.001245
543446.000000	-0.000024
543480.000000	-0.001440
543513.000000	-0.000806
543546.000000	-0.001416
543580.000000	-0.000439
543613.000000	-0.000781
543646.000000	-0.000952
543680.000000	-0.001123
543713.000000	-0.000952
543746.000000	-0.000684
543779.000000	-0.001001
543813.000000	-0.000635
543846.000000	-0.001025
543879.000000	-0.001050
543913.000000	-0.001123
543946.000000	-0.000439
543979.000000	-0.000928
544013.000000	-0.000854
544046.000000	-0.001636
544079.000000	-0.000146
544112.000000	-0.000977
544146.000000	-0.000781
544179.000000	-0.001514
544212.000000	-0.000513
544246.000000	-0.000562
544279.000000	-0.000684
544312.000000	-0.001440
544346.000000	-0.001001
544379.000000	-0.001025
544412.000000	-0.000659
544445.000000	-0.000732
544479.000000	-0.001172
544512.000000	-0.001001
544545.000000	-0.000977
544579.000000	-0.000317
544612.000000	-0.001172
544645.000000	-0.000757
544679.000000	-0.001318
544712.000000	-0.000464
544745.000000	-0.001074
544778.000000	-0.000610
544812.000000	-0.001392
544845.000000	-0.000488
544878.000000	-0.001001
544912.000000	-0.000562
544945.000000	-0.001294
544978.000000	-0.000488
545012.000000	-0.001636
545045.000000	-0.000977
545078.000000	-0.001367
545111.000000	-0.001221
545145.000000	-0.001538
545178.000000	-0.001685
545211.000000	-0.000732
545245.000000	-0.001245
545278.000000	-0.001343
545311.000000	-0.001978
545345.000000	-0.001123
545378.000000	-0.001147
545411.000000	-0.001025
545444.000000	-0.001929
545478.000000	-0.001221
545511.000000	-0.001611
545544.000000	-0.000830
545578.000000	-0.001831
545611.000000	-0.001099
545644.000000	-0.001855
545678.000000	-0.000879
545711.000000	-0.001563
545744.000000	-0.001245
545777.000000	-0.001440
545811.000000	-0.001343
545844.000000	-0.000903
545877.000000	-0.001416
545911.000000	-0.001221
545944.000000	-0.001440
545977.000000	-0.001147
546011.000000	-0.001123
546044.000000	-0.001099
546077.000000	-0.001660
546110.000000	-0.001172
546144.000000	-0.001831
546177.000000	-0.000757
546210.000000	-0.001514
546244.000000	-0.000977
546277.000000	-0.001953
546310.000000	-0.001343
546344.000000	-0.001440
546377.000000	-0.000830
546410.000000	-0.001758
546443.000000	-0.001538
546477.000000	-0.001416
546510.000000	-0.000903
546543.000000	-0.001196
546577.000000	-0.001807
546610.000000	-0.001367
546643.000000	-0.001196
546677.000000	-0.001270
546710.000000	-0.001782
546743.000000	-0.001245
546776.000000	-0.001660
546810.000000	-0.000806
546843.000000	-0.001782
546876.000000	-0.001147
546910.000000	-0.001855
546943.000000	-0.001050
546976.000000	-0.001514
547010.000000	-0.001099
547043.000000	-0.001807
547076.000000	-0.001123
547109.000000	-0.001880
547143.000000	-0.000732
547176.000000	-0.001050
547209.000000	-0.000952
547243.000000	-0.001221
547276.000000	-0.001172
547309.000000	-0.000562
547343.000000	-0.000879
547376.000000	-0.000952
547409.000000	-0.001587
547442.000000	-0.000806
547476.000000	-0.001001
547509.000000	-0.000562
547542.000000	-0.001392
547576.000000	-0.000952
547609.000000	-0.001147
547642.000000	-0.000244
547676.000000	-0.001416
547709.000000	-0.000928
547742.000000	-0.001416
547775.000000	-0.000049
547809.000000	-0.001245
547842.000000	-0.000903
547875.000000	-0.001343
547909.000000	-0.000781
547942.000000	-0.000464
547975.000000	-0.001025
548009.000000	-0.000977
548042.000000	-0.001099
548075.000000	-0.000903
548108.000000	-0.000854
548142.000000	-0.000659
548175.000000	-0.001123
548208.000000	-0.000854
548242.000000	-0.001416
548275.000000	-0.000439
548308.000000	-0.001074
548342.000000	-0.000586
548375.000000	-0.001587
548408.000000	-0.000757
548441.000000	-0.001099
548475.000000	-0.000513
548508.000000	-0.001440
548541.000000	-0.000757
548575.000000	-0.000977
548608.000000	-0.000806
548641.000000	-0.000903
548675.000000	-0.001123
548708.000000	-0.001123
548741.000000	-0.000684
548774.000000	-0.000464
548808.000000	-0.001270
548841.000000	-0.000928
548908.000000	-0.000024
548941.000000	-0.000928
548974.000000	-0.000732
549008.000000	-0.001343
549041.000000	-0.000439
549074.000000	-0.000952
549107.000000	-0.000513
549141.000000	-0.001245
549174.000000	-0.000342
549207.000000	-0.001221
549241.000000	-0.000269
549274.000000	-0.001050
549307.000000	-0.000342
549341.000000	-0.001099
549374.000000	-0.001099
549407.000000	-0.000977
549440.000000	-0.001099
549474.000000	-0.001245
549507.000000	-0.001758
549540.000000	-0.000708
549574.000000	-0.000903
549607.000000	-0.000562
549640.000000	-0.001538
549674.000000	-0.001099
549707.000000	-0.000879
549740.000000	-0.000317
549773.000000	-0.001343
549807.000000	-0.000659
549840.000000	-0.001318
549873.000000	-0.000171
549907.000000	-0.001123
549940.000000	-0.000537
549973.000000	-0.001221
550007.000000	-0.000708
550040.000000	-0.000513
550073.000000	-0.000635
550106.000000	-0.000879
550140.000000	-0.001050
550173.000000	-0.000684
550206.000000	-0.000513
550240.000000	-0.000659
550273.000000	-0.001245
550306.000000	-0.000635
550340.000000	-0.000928
550373.000000	-0.000488
550406.000000	-0.001074
550439.000000	-0.000293
550473.000000	-0.001270
550506.000000	-0.000757
550539.000000	-0.001074
550573.000000	-0.000146
550606.000000	-0.001294
550639.000000	-0.000732
550673.000000	-0.001001
550706.000000	-0.000269
550739.000000	-0.000879
550772.000000	-0.001001
550806.000000	-0.001123
550839.000000	-0.000488
550872.000000	-0.000391
550906.000000	-0.001294
550939.000000	-0.001074
550972.000000	-0.001001
551006.000000	-0.000195
551039.000000	-0.001343
551072.000000	-0.000732
551105.000000	-0.001270
551139.000000	-0.000684
551172.000000	-0.000977
551205.000000	-0.000464
551239.000000	-0.001245
551272.000000	-0.000708
551305.000000	-0.001416
551339.000000	-0.000317
551372.000000	-0.001294
551405.000000	-0.000928
551438.000000	-0.001343
551472.000000	-0.000757
551505.000000	-0.000635
551538.000000	-0.000610
551572.000000	-0.000439
551605.000000	-0.000806
551638.000000	-0.000488
551672.000000	-0.000415
551705.000000	-0.000122
551738.000000	-0.000806
551771.000000	-0.000732
551805.000000	-0.000903
551838.000000	0.000195
551871.000000	-0.000610
551905.000000	-0.000391
551938.000000	-0.001294
551971.000000	-0.000122
552005.000000	-0.000610
552038.000000	-0.000220
552071.000000	-0.001270
552104.000000	-0.000244
552138.000000	-0.000439
552171.000000	-0.000537
552204.000000	-0.000854
552238.000000	-0.000635
552271.000000	-0.000488
552304.000000	-0.000439
552338.000000	-0.000488
552371.000000	-0.000757
552404.000000	-0.000562
552437.000000	-0.001074
552471.000000	-0.000049
552504.000000	-0.000781
552537.000000	-0.000391
552571.000000	-0.001245
552604.000000	-0.000342
552637.000000	-0.000708
552671.000000	-0.000195
552704.000000	-0.001123
552737.000000	-0.000391
552770.000000	-0.001147
552804.000000	-0.000073
552837.000000	-0.000952
552870.000000	-0.000342
552904.000000	-0.000928
552937.000000	-0.000586
552970.000000	-0.000391
553004.000000	-0.000610
553037.000000	-0.001074
553070.000000	-0.001025
553103.000000	0.000024
553137.000000	-0.000513
553170.000000	-0.000708
553203.000000	-0.001172
553237.000000	-0.000586
553270.000000	-0.000391
553303.000000	-0.000293