525324.000000	-0.001294
525358.000000	-0.001611
525391.000000	-0.001587
525424.000000	-0.001831
525457.000000	-0.000952
525491.000000	-0.001685
525524.000000	-0.001392
525557.000000	-0.001978
525591.000000	-0.000830
525624.000000	-0.001538
525657.000000	-0.001270
525691.000000	-0.001929
525724.000000	-0.001343
525757.000000	-0.001343
525790.000000	-0.001294
525824.000000	-0.001587
525857.000000	-0.001538
525890.000000	-0.001587
525924.000000	-0.001636
525957.000000	-0.001563
525990.000000	-0.002173
526024.000000	-0.001953
526057.000000	-0.002490
526090.000000	-0.001709
526123.000000	-0.002222
526157.000000	-0.001978
526190.000000	-0.002515
526223.000000	-0.001880
526257.000000	-0.002148
526290.000000	-0.001904
526323.000000	-0.002563
526357.000000	-0.001880
526390.000000	-0.002661
526423.000000	-0.001587
526456.000000	-0.001880
526490.000000	-0.001880
526523.000000	-0.001880
526556.000000	-0.001709
526590.000000	-0.000708
526623.000000	-0.000928
526656.000000	-0.001025
526690.000000	-0.001514
526723.000000	-0.001123
526756.000000	-0.001123
526789.000000	-0.001440
526823.000000	-0.001855
526856.000000	-0.000903
526889.000000	-0.001270
526923.000000	-0.000977
526956.000000	-0.001978
526989.000000	-0.000806
527023.000000	-0.001709
527056.000000	-0.001147
527089.000000	-0.001611
527122.000000	-0.000977
527156.000000	-0.001855
527189.000000	-0.001587
527222.000000	-0.001416
527256.000000	-0.001392
527289.000000	-0.001489
527322.000000	-0.002393
527356.000000	-0.001978
527389.000000	-0.001318
527422.000000	-0.001172
527455.000000	-0.001782
527489.000000	-0.001563
527522.000000	-0.001758
527555.000000	-0.000879
527589.000000	-0.001636
527622.000000	-0.001270
527655.000000	-0.001880
527689.000000	-0.001147
527722.000000	-0.001660
527755.000000	-0.000806
527788.000000	-0.001587
527822.000000	-0.000513
527855.000000	-0.001147
527888.000000	-0.000415
527922.000000	-0.000952
527955.000000	-0.001147
527988.000000	-0.000952
528022.000000	-0.000708
528055.000000	-0.000732
528088.000000	-0.001025
528121.000000	-0.000684
528155.000000	-0.001172
528188.000000	-0.000757
528221.000000	-0.001123
528255.000000	-0.000806
528288.000000	-0.001392
528321.000000	-0.000830
528355.000000	-0.001025
528388.000000	-0.000391
528421.000000	-0.001440
528454.000000	-0.000854
528488.000000	-0.001514
528521.000000	-0.000024
528554.000000	-0.001099
528588.000000	-0.000903
528621.000000	-0.001318
528654.000000	-0.000659
528688.000000	-0.001099
528721.000000	-0.001416
528754.000000	-0.001440
528787.000000	-0.001538
528821.000000	-0.001050
528854.000000	-0.001392
528887.000000	-0.001172
528921.000000	-0.001636
528954.000000	-0.001538
528987.000000	-0.001807
529021.000000	-0.000977
529054.000000	-0.001782
529087.000000	-0.001392
529120.000000	-0.001758
529154.000000	-0.001025
529187.000000	-0.001831
529220.000000	-0.001538
529254.000000	-0.002295
529287.000000	-0.001367
529320.000000	-0.001440
529354.000000	-0.001318
529387.000000	-0.001465
529420.000000	-0.001733
529453.000000	-0.001587
529487.000000	-0.001001
529520.000000	-0.000977
529553.000000	-0.001709
529587.000000	-0.001416
529620.000000	-0.001416
529653.000000	-0.000146
529687.000000	-0.001001
529720.000000	-0.000854
529753.000000	-0.001685
529786.000000	-0.000830
529820.000000	-0.001343
529853.000000	-0.001318
529886.000000	-0.001978
529920.000000	-0.001123
529953.000000	-0.001392
529986.000000	-0.001196
530020.000000	-0.002075
530053.000000	-0.001416
530086.000000	-0.001807
530119.000000	-0.001392
530153.000000	-0.001538
530186.000000	-0.001587
530219.000000	-0.001514
530253.000000	-0.001953
530286.000000	-0.001123
530319.000000	-0.001465
530353.000000	-0.000708
530386.000000	-0.001050
530419.000000	-0.000610
530452.000000	-0.000854
530486.000000	-0.000562
530519.000000	-0.001514
530552.000000	-0.001172
530586.000000	-0.001807
530619.000000	-0.000659
530652.000000	-0.001685
530686.000000	-0.000928
530719.000000	-0.002246
530752.000000	-0.001685
530785.000000	-0.001514
530819.000000	-0.001440
530852.000000	0.003979
530885.000000	-0.001660
530919.000000	-0.000757
530952.000000	-0.001099
530985.000000	-0.001367
531019.000000	-0.001440
531052.000000	-0.000415
531085.000000	-0.000269
531118.000000	-0.000415
531152.000000	-0.001318
531185.000000	-0.000757
531218.000000	-0.001294
531252.000000	-0.000464
531285.000000	-0.001904
531318.000000	-0.001514
531352.000000	-0.002148
531385.000000	-0.001294
531418.000000	-0.001660
531451.000000	-0.001367
531485.000000	-0.001563
531518.000000	-0.001636
531551.000000	-0.001807
531585.000000	-0.001245
531618.000000	-0.000854
531651.000000	-0.001025
531685.000000	-0.000830
531718.000000	-0.000854
531751.000000	-0.000903
531784.000000	-0.001538
531818.000000	-0.001001
531851.000000	-0.001758
531884.000000	-0.000806
531918.000000	-0.002100
531951.000000	-0.001782
531984.000000	-0.002441
532018.000000	-0.001563
532051.000000	-0.001733
532084.000000	-0.001416
532117.000000	-0.002148
532151.000000	-0.001636
532184.000000	-0.001587
532217.000000	-0.000269
532251.000000	-0.000928
532284.000000	-0.001440
532317.000000	-0.001831
532351.000000	-0.001831
532384.000000	-0.001221
532417.000000	-0.001465
532450.000000	-0.001221
532484.000000	-0.001685
532517.000000	-0.001587
532550.000000	-0.002100
532584.000000	-0.001416
532617.000000	-0.001685
532650.000000	-0.001514
532684.000000	-0.001953
532717.000000	-0.001050
532750.000000	-0.001733
532783.000000	-0.000854
532817.000000	-0.001807
532850.000000	-0.000757
532883.000000	-0.001343
532917.000000	-0.001221
532950.000000	-0.001611
532983.000000	-0.001538
533017.000000	-0.001025
533050.000000	-0.002271
533083.000000	-0.002246
533116.000000	-0.002319
533150.000000	-0.002173
533183.000000	-0.002002
533216.000000	-0.001733
533250.000000	-0.002637
533283.000000	-0.002319
533316.000000	-0.002173
533350.000000	-0.001514
533383.000000	-0.002344
533416.000000	-0.001953
533449.000000	-0.002637
533483.000000	-0.001440
533516.000000	-0.002124
533549.000000	-0.001807
533583.000000	-0.002075
533616.000000	-0.001318
533649.000000	-0.001465
533683.000000	-0.001465
533716.000000	-0.001123
533749.000000	-0.001392
533782.000000	-0.001440
533816.000000	-0.001440
533849.000000	-0.001196
533882.000000	-0.001514
533916.000000	-0.001367
533949.000000	-0.002124
533982.000000	-0.000806
534016.000000	-0.001440
534049.000000	-0.001489
534082.000000	-0.002148
534115.000000	-0.001099
534149.000000	-0.001367
534182.000000	-0.001172
534215.000000	-0.002002
534249.000000	-0.001392
534282.000000	-0.002173
534315.000000	-0.001685
534349.000000	-0.001880
534382.000000	-0.001245
534415.000000	-0.001538
534448.000000	-0.001514
534482.000000	-0.001123
534515.000000	-0.001318
534548.000000	-0.001221
534582.000000	-0.001563
534615.000000	-0.000781
534648.000000	-0.001514
534682.000000	-0.001270
534715.000000	-0.001709
534748.000000	-0.001392
534781.000000	-0.001636
534815.000000	-0.001099
534848.000000	-0.001733
534881.000000	-0.001025
534915.000000	-0.002002
534948.000000	-0.000977
534981.000000	-0.001514
535015.000000	-0.000903
535048.000000	-0.001685
535081.000000	-0.001685
535114.000000	-0.001050
535148.000000	-0.001025
535181.000000	-0.001538
535214.000000	-0.001196
535248.000000	-0.000610
535281.000000	-0.000977
535314.000000	-0.001709
535348.000000	-0.002075
535381.000000	-0.000586
535414.000000	-0.000586
535447.000000	-0.000537
535481.000000	-0.001172
535514.000000	-0.000439
535547.000000	-0.001172
535581.000000	-0.000342
535614.000000	-0.001147
535647.000000	-0.000244
535681.000000	-0.001147
535714.000000	-0.000806
535747.000000	-0.000977
535780.000000	-0.000488
535814.000000	-0.001050
535847.000000	-0.001025
535880.000000	-0.001074
535914.000000	-0.000610
535947.000000	-0.000732
535980.000000	-0.001001
536014.000000	-0.000830
536047.000000	-0.001001
536080.000000	-0.000366
536113.000000	-0.000952
536147.000000	-0.000610
536180.000000	-0.001270
536213.000000	-0.000806
536247.000000	-0.000854
536280.000000	-0.000464
536313.000000	-0.002002
536347.000000	-0.001440
536380.000000	-0.001050
536413.000000	0.000000
536446.000000	-0.001074
536480.000000	-0.000903
536513.000000	-0.000977
536546.000000	-0.000244
536580.000000	-0.000537
536613.000000	-0.001172
536646.000000	-0.000830
536680.000000	-0.000928
536713.000000	-0.000635
536746.000000	-0.001099
536779.000000	-0.000659
536813.000000	-0.001099
536846.000000	-0.000903
536879.000000	-0.001099
536913.000000	-0.000439
536946.000000	-0.001074
536979.000000	-0.000781
537013.000000	-0.001587
537046.000000	-0.000220
537079.000000	-0.000952
537112.000000	-0.000586
537146.000000	-0.001440
537179.000000	-0.000732
537212.000000	-0.000732
537246.000000	-0.000879
537279.000000	-0.001440
537312.000000	-0.002100
537346.000000	-0.001538
537379.000000	-0.002466
537412.000000	-0.001538
537445.000000	-0.001611
537479.000000	-0.001465
537512.000000	-0.001660
537545.000000	-0.000732
537579.000000	-0.001709
537612.000000	-0.001709
537645.000000	-0.002441
537679.000000	-0.001025
537712.000000	-0.001685
537745.000000	-0.001440
537778.000000	-0.002002
537812.000000	-0.001025
537845.000000	-0.001514
537878.000000	-0.001221
537912.000000	-0.001563
537945.000000	-0.001440
537978.000000	-0.002197
538012.000000	-0.001831
538045.000000	-0.001270
538078.000000	-0.001123
538111.000000	-0.001367
538145.000000	-0.001587
538178.000000	-0.000635
538211.000000	-0.001050
538245.000000	-0.000977
538278.000000	-0.001855
538311.000000	-0.001147
538345.000000	-0.001172
538378.000000	-0.000903
538411.000000	-0.001782
538444.000000	-0.001392
538478.000000	-0.001831
538511.000000	-0.000806
538544.000000	-0.001855
538578.000000	-0.001221
538611.000000	-0.001660
538644.000000	-0.001123
538678.000000	-0.001147
538711.000000	-0.001392
538744.000000	-0.001367
538777.000000	-0.001563
538811.000000	-0.001050
538844.000000	-0.001489
538877.000000	-0.001392
538911.000000	-0.001685
538944.000000	-0.001221
538977.000000	-0.001392
539011.000000	-0.001025
539044.000000	-0.001758
539077.000000	-0.001123
539110.000000	-0.001831
539144.000000	-0.001172
539177.000000	-0.001758
539210.000000	-0.000977
539244.000000	-0.002075
539277.000000	-0.002808
539310.000000	-0.002148
539344.000000	-0.001880
539377.000000	-0.002100
539410.000000	-0.002393
539443.000000	-0.002417
539477.000000	-0.001880
539510.000000	-0.001880
539543.000000	-0.002271
539577.000000	-0.001709
539610.000000	-0.001685
539643.000000	-0.001123
539677.000000	-0.001978
539710.000000	-0.001221
539743.000000	-0.001196
539776.000000	-0.000366
539810.000000	-0.001221
539843.000000	-0.000879
539876.000000	-0.001660
539910.000000	-0.000903
539943.000000	-0.001709
539976.000000	-0.000854
540010.000000	-0.001563
540043.000000	-0.001001
540076.000000	-0.001685
540109.000000	-0.001245
540143.000000	-0.001221
540176.000000	-0.001318
540209.000000	-0.001538
540243.000000	-0.001709
540276.000000	-0.001392
540309.000000	-0.002002
540343.000000	-0.001440
540376.000000	-0.001807
540409.000000	-0.001074
540442.000000	-0.001123
540476.000000	-0.000903
540509.000000	-0.001758
540542.000000	-0.001245
540576.000000	-0.001611
540609.000000	-0.000269
540642.000000	-0.001343
540676.000000	-0.001099
540709.000000	-0.001904
540742.000000	-0.000928
540775.000000	-0.001025
540809.000000	-0.001221
540842.000000	-0.001440
540875.000000	-0.001318
540909.000000	-0.001123
540942.000000	-0.001147
540975.000000	-0.001440
541009.000000	-0.001563
541042.000000	-0.001025
541075.000000	-0.001025
541108.000000	-0.000464
541142.000000	-0.000854
541175.000000	-0.000171
541208.000000	-0.000903
541242.000000	0.000195
541275.000000	-0.001001
541308.000000	-0.000952
541342.000000	-0.001514
541375.000000	-0.000366
541408.000000	-0.000317
541441.000000	-0.000146
541475.000000	-0.000830
541508.000000	-0.000513
541541.000000	-0.000537
541575.000000	-0.000073
541608.000000	-0.000220
541641.000000	-0.000562
541675.000000	-0.000537
541708.000000	-0.000732
541741.000000	-0.000293
541774.000000	-0.001074
541808.000000	-0.000806
541841.000000	-0.001343
541874.000000	-0.000317
541908.000000	-0.000928
541941.000000	-0.000635
541974.000000	-0.001343
542008.000000	-0.000342
542041.000000	-0.000903
542074.000000	-0.000317
542107.000000	-0.001270
542141.000000	-0.000537
542174.000000	-0.001050
542207.000000	-0.000586
542241.000000	-0.000806
542274.000000	-0.000659
542307.000000	-0.000830
542341.000000	-0.001172
542374.000000	-0.000635
542407.000000	-0.000732
542440.000000	-0.000781
542474.000000	-0.001367
542507.000000	-0.000977
542540.000000	-0.000659
542574.000000	-0.000391
542607.000000	-0.001221
542640.000000	-0.000781
542674.000000	-0.001294
542707.000000	-0.000122
542740.000000	-0.001099
542773.000000	-0.000708
542807.000000	-0.001294
542840.000000	-0.000537
542873.000000	-0.000903
542907.000000	-0.000635
542940.000000	-0.001025
542973.000000	-0.001001
543007.000000	-0.000830
543040.000000	-0.000879
543073.000000	-0.000928
543106.000000	-0.001099
543140.000000	-0.000830
543173.000000	-0.000854
543206.000000	-0.000562
543240.000000	-0.001196
543273.000000	-0.000757
543306.000000	-0.001807
543340.000000	-0.001367
543373.000000	-0.001221
543406.000000	-0.000317
543439.000000	-0.001514
543473.000000	-0.000952
543506.000000	-0.001025
543539.000000	-0.000220
543573.000000	-0.001050
543606.000000	-0.000854
543639.000000	-0.001294
543673.000000	-0.000366
543706.000000	-0.000610
543739.000000	-0.001367
543772.000000	-0.001294
543806.000000	-0.001147
543839.000000	-0.000537
543872.000000	-0.001123
543906.000000	0.000195
543939.000000	-0.000879
543972.000000	-0.000195
544006.000000	-0.000684
544039.000000	-0.000513
544072.000000	-0.000977
544105.000000	-0.000464
544139.000000	-0.000757
544172.000000	-0.000122
544205.000000	-0.001001
544239.000000	-0.000513
544272.000000	-0.001172
544305.000000	-0.000024
544339.000000	-0.000757
544372.000000	-0.000659
544405.000000	-0.000732
544438.000000	-0.000806
544472.000000	-0.000464
544505.000000	-0.000708
544538.000000	-0.000342
544572.000000	-0.000977
544605.000000	-0.000781
544638.000000	-0.000610
544672.000000	-0.000146
544705.000000	-0.000830
544738.000000	-0.000732
544771.000000	-0.001123
544805.000000	0.000122
544838.000000	-0.000977
544871.000000	-0.000537
544905.000000	-0.001270
544938.000000	-0.000146
544971.000000	-0.000806
545005.000000	-0.000488
545038.000000	-0.001147
545071.000000	-0.000439
545104.000000	-0.000439
545138.000000	-0.000684
545171.000000	-0.000830
545204.000000	-0.000830
545238.000000	-0.000781
545271.000000	-0.000781
545304.000000	-0.001147
545338.000000	-0.001636
545371.000000	-0.000708
545404.000000	-0.001001
545437.000000	-0.000317
545471.000000	-0.000952
545504.000000	-0.000415
545537.000000	-0.001099
545571.000000	-0.000342
545604.000000	-0.000586
545637.000000	-0.000244
545671.000000	-0.000977
545704.000000	-0.000562
545737.000000	-0.001147
545770.000000	-0.000293
545804.000000	-0.000586
545837.000000	-0.000635
545870.000000	-0.000977
545904.000000	-0.000854
545937.000000	-0.000244
545970.000000	-0.000684
546004.000000	-0.000854
546037.000000	-0.001196
546070.000000	-0.002734
546103.000000	-0.001196
546137.000000	-0.001123
546170.000000	-0.001709
546203.000000	-0.000806
546237.000000	-0.001147
546270.000000	-0.000952
546303.000000	-0.001904
546337.000000	-0.001489
546370.000000	-0.001855
546403.000000	-0.000586
546436.000000	-0.001367
546470.000000	-0.000806
546503.000000	-0.001221
546536.000000	-0.001367
546570.000000	-0.000684
546603.000000	-0.000830
546636.000000	-0.000879
546670.000000	-0.001392
546703.000000	-0.001123
546736.000000	-0.001001
546769.000000	-0.000977
546803.000000	-0.001587
546836.000000	-0.001001
546869.000000	-0.001538
546903.000000	-0.000708
546936.000000	-0.001489
546969.000000	-0.000830
547003.000000	-0.001733
547036.000000	-0.000781
547069.000000	-0.001318
547102.000000	-0.000781
547136.000000	-0.001733
547169.000000	-0.001025
547202.000000	-0.000879
547236.000000	-0.000732
547269.000000	-0.001392
547302.000000	-0.001538
547336.000000	-0.001831
547369.000000	-0.000806
547402.000000	-0.001001
547435.000000	-0.001465
547469.000000	-0.001025
547502.000000	-0.001245
547535.000000	-0.000659
547569.000000	-0.001294
547602.000000	-0.000537
547635.000000	-0.001318
547669.000000	-0.001147
547702.000000	-0.001245
547735.000000	-0.000562
547768.000000	-0.001270
547802.000000	-0.001099
547835.000000	-0.001611
547868.000000	-0.000391
547902.000000	-0.001074
547935.000000	-0.001270
547968.000000	-0.001465
548002.000000	-0.000732
548035.000000	-0.000757
548068.000000	-0.001270
548101.000000	-0.001245
548135.000000	-0.001489
548168.000000	-0.000635
548201.000000	-0.001050
548235.000000	-0.000903
548268.000000	-0.001025
548301.000000	-0.000488
548335.000000	-0.000610
548368.000000	-0.000171
548401.000000	-0.000903
548434.000000	-0.000439
548468.000000	-0.001074
548501.000000	0.000122
548534.000000	-0.001001
548568.000000	-0.000513
548601.000000	-0.000806
548634.000000	-0.000391
548668.000000	-0.000342
548701.000000	-0.000586
548734.000000	-0.000562
548767.000000	-0.000708
548801.000000	-0.000488
548834.000000	-0.000439
548867.000000	-0.000220
548901.000000	-0.000781
548934.000000	-0.000513
548967.000000	-0.000903
549001.000000	0.000073
549034.000000	-0.000757
549067.000000	-0.000488
549100.000000	-0.001221
549134.000000	0.000000
549167.000000	-0.000562
549200.000000	-0.000098
549234.000000	-0.001123
549267.000000	-0.000269
549300.000000	-0.000781
549334.000000	-0.000757
549367.000000	-0.001538
549400.000000	-0.001001
549433.000000	-0.000903
549467.000000	-0.000146
549500.000000	-0.000586
549533.000000	-0.000635
549567.000000	-0.000293
549600.000000	-0.000537
549633.000000	0.000098
549667.000000	-0.000562
549700.000000	-0.000342
549733.000000	-0.000830
549766.000000	-0.000317
549800.000000	-0.000537
549833.000000	-0.000122
549866.000000	-0.000928
549900.000000	-0.000415
549933.000000	-0.000952
549966.000000	-0.000024
550000.000000	-0.000635
550033.000000	-0.000220
550066.000000	-0.000879
550099.000000	-0.000488
550133.000000	-0.000366
550166.000000	-0.000439
550199.000000	-0.000635
550233.000000	-0.000977
550266.000000	-0.000171
550299.000000	-0.000391
550333.000000	-0.000464
550366.000000	-0.001074
550399.000000	-0.000562
550432.000000	-0.000903
550466.000000	-0.000537
550499.000000	-0.001465
550532.000000	-0.000903
550566.000000	-0.001367
550599.000000	-0.000415
550632.000000	-0.001416
550666.000000	-0.000708
550699.000000	-0.001270
550732.000000	-0.000977
550765.000000	-0.001172
550799.000000	-0.000806
550832.000000	-0.001172
550865.000000	-0.001196
550899.000000	-0.001270
550932.000000	-0.001050
550965.000000	-0.001001
550999.000000	-0.001392
551032.000000	-0.001196
551065.000000	-0.001318
551098.000000	-0.000903
551132.000000	-0.001465
551165.000000	-0.001147
551198.000000	-0.001880
551232.000000	-0.000830
551265.000000	-0.001416
551298.000000	-0.000977
551332.000000	-0.002515
551365.000000	-0.002197
551398.000000	-0.001611
551431.000000	-0.000806
551465.000000	-0.001685
551498.000000	-0.001538
551531.000000	-0.001685
551565.000000	-0.000684
551598.000000	-0.001147
551631.000000	-0.001611
551665.000000	-0.001318
551698.000000	-0.001440
551731.000000	-0.001074
551764.000000	-0.001807
551798.000000	-0.001318
551831.000000	-0.001685
551864.000000	-0.001221
551898.000000	-0.001733
551931.000000	-0.001270
551964.000000	-0.001782
551998.000000	-0.001514
552031.000000	-0.002002
552064.000000	-0.000928
552097.000000	-0.001807
552131.000000	-0.001416
552164.000000	-0.002173
552197.000000	-0.001196
552231.000000	-0.001538
552264.000000	-0.001514
552297.000000	-0.001953
552331.000000	-0.001953
552364.000000	-0.001270
552397.000000	-0.001587
552430.000000	-0.001440
552464.000000	-0.001807
552497.000000	-0.001611
552530.000000	-0.001636
552564.000000	-0.001172
552597.000000	0.000122
552630.000000	-0.001807
552664.000000	-0.002393
552697.000000	-0.000952
552730.000000	-0.001807
552763.000000	-0.000977
552797.000000	-0.001685
552830.000000	-0.000879
552863.000000	-0.000977
552897.000000	-0.000806
552930.000000	-0.001245
552963.000000	-0.001001
552997.000000	-0.001221
553030.000000	-0.001123
553063.000000	-0.001001
553096.000000	-0.001074
553130.000000	-0.001196
553163.000000	-0.001416
553196.000000	-0.000537
553230.000000	-0.000977
553263.000000	-0.000684
553296.000000	-0.001709
553330.000000	-0.001392
553363.000000	-0.001343
553396.000000	-0.000732
553429.000000	-0.001636
553463.000000	-0.001123
553496.000000	-0.001294
553529.000000	-0.000635
553563.000000	-0.001440
553596.000000	-0.000854
553629.000000	-0.001196
553663.000000	-0.000610
553696.000000	-0.001099
553729.000000	-0.001123
553762.000000	-0.000977
553796.000000	-0.001196
553829.000000	-0.000708
553862.000000	-0.001050
553896.000000	-0.001001
553929.000000	-0.001392
553962.000000	-0.000830
553996.000000	-0.000903
554029.000000	-0.000732
554062.000000	-0.001294
554095.000000	-0.000732
554129.000000	-0.001392
554162.000000	-0.000513
554195.000000	-0.001343
554229.000000	-0.000464
554262.000000	-0.001489
554295.000000	-0.000879
554329.000000	-0.001025
554362.000000	-0.000513
554395.000000	-0.001050
554428.000000	-0.001221
554462.000000	-0.000806
554495.000000	-0.000610
554528.000000	-0.000903
554562.000000	-0.001245
554595.000000	-0.000830
554628.000000	-0.000708
554662.000000	-0.000464
554695.000000	-0.001294
554728.000000	-0.000879
554761.000000	-0.006470
554795.000000	-0.000757
554828.000000	-0.001538
554861.000000	-0.000977
554895.000000	-0.001709
554928.000000	-0.001221
554961.000000	-0.001343
554995.000000	-0.000854
555028.000000	-0.001563
555061.000000	-0.001123
555094.000000	-0.001538
555128.000000	-0.000830
555161.000000	-0.001270
555194.000000	-0.001392
555228.000000	-0.001367
555261.000000	-0.001294
555294.000000	-0.001050
555328.000000	-0.001733
555361.000000	-0.001855
555394.000000	-0.002295
555427.000000	-0.001221
555461.000000	-0.001025
555494.000000	-0.001001
555527.000000	-0.001782
555561.000000	-0.001318
555594.000000	-0.001416
555627.000000	-0.000513
555661.000000	-0.001440
555694.000000	-0.001318
555727.000000	-0.001831
555760.000000	-0.000537
555794.000000	-0.001270
555827.000000	-0.001440
555860.000000	-0.001587
555894.000000	-0.001221
555927.000000	-0.000928
555960.000000	-0.001538
555994.000000	-0.001196
556027.000000	-0.001563
556060.000000	-0.001147
556093.000000	-0.001343
556127.000000	-0.001074
556160.000000	-0.001587
556193.000000	-0.001270
556227.000000	-0.001758
556260.000000	-0.000732
556293.000000	-0.001465
556327.000000	-0.001099
556360.000000	-0.002124
556393.000000	-0.000854
556426.000000	-0.001367
556460.000000	-0.000903
556493.000000	-0.001660
556526.000000	-0.001123
556560.000000	-0.001147
556593.000000	-0.001123
556626.000000	-0.001270
556660.000000	-0.001440
556693.000000	-0.001514
556726.000000	-0.001123
556759.000000	-0.000952
556793.000000	-0.001563
556826.000000	-0.001489
556859.000000	-0.001660
556893.000000	-0.000659
556926.000000	-0.001514
556959.000000	-0.000903
556993.000000	-0.001489
557026.000000	-0.000439
557059.000000	-0.000903
557092.000000	-0.000708
557126.000000	-0.001294
557159.000000	-0.000562
557192.000000	-0.001221
557226.000000	-0.000684
557259.000000	-0.001050
557292.000000	-0.000781
557326.000000	-0.001050
557359.000000	-0.001758
557392.000000	-0.001465
557425.000000	-0.001147
557459.000000	-0.000684
557492.000000	-0.001343
557525.000000	-0.000513
557559.000000	-0.000879
557592.000000	-0.000439
557625.000000	-0.001221
557659.000000	-0.000635
557692.000000	-0.000708
557725.000000	-0.000439
557758.000000	-0.001904
557792.000000	-0.001733
557825.000000	-0.001611
557858.000000	-0.000122
557892.000000	-0.001025
557925.000000	-0.000732
557958.000000	-0.001099
557992.000000	-0.000659
558025.000000	-0.000757
558058.000000	-0.000928
558091.000000	-0.000879
558125.000000	-0.001123
558158.000000	-0.000757
558191.000000	-0.000903
558225.000000	-0.000781
558258.000000	-0.001294
558291.000000	-0.000659
558325.000000	-0.001123
558358.000000	-0.000854
558391.000000	-0.001270
558424.000000	-0.000513
558458.000000	-0.001440
558491.000000	-0.000439
558524.000000	-0.001196
558558.000000	-0.000537
558591.000000	-0.001489
558624.000000	-0.000952
558658.000000	-0.000879
558691.000000	-0.000562
558724.000000	-0.001001
558757.000000	-0.001294
558791.000000	-0.001147
558824.000000	-0.000488
558857.000000	-0.000708
558891.000000	-0.001196
558924.000000	-0.001245
558957.000000	-0.001221
558991.000000	-0.000317
559024.000000	-0.001074
559057.000000	-0.000928
559090.000000	-0.001587
559124.000000	-0.001685
559157.000000	-0.001660
559190.000000	-0.001074
559224.000000	-0.001733
559257.000000	-0.001270
559290.000000	-0.001587
559324.000000	-0.000903
559357.000000	-0.001855
559390.000000	-0.002173
559423.000000	-0.002100
559457.000000	-0.001440
559490.000000	-0.001343
559523.000000	-0.001514
559557.000000	-0.001465
559590.000000	-0.001611
559623.000000	-0.000830
559657.000000	-0.001465
559690.000000	-0.001050
559723.000000	-0.001709
559756.000000	-0.001465
559790.000000	-0.001465
559823.000000	-0.000928
559856.000000	-0.001807
559890.000000	-0.001514
559923.000000	-0.001953
559956.000000	-0.000708
559990.000000	-0.001685
560023.000000	-0.001221
560056.000000	-0.001929
560089.000000	-0.001147
560123.000000	-0.001196
560156.000000	-0.001538
560189.000000	-0.001660
560223.000000	-0.001514
560256.000000	-0.001123
560289.000000	-0.001440
560323.000000	-0.001514
560356.000000	-0.001880
560389.000000	-0.001294
560422.000000	-0.001343
560456.000000	-0.001245
560489.000000	-0.001733
560522.000000	-0.001099
560556.000000	-0.001709
560589.000000	-0.000732
560622.000000	-0.001514
560656.000000	-0.001074
560689.000000	-0.001904
560722.000000	-0.001196
560755.000000	-0.001343
560789.000000	-0.001074
560822.000000	-0.001416
560855.000000	-0.001538
560889.000000	-0.001465
560922.000000	-0.001147
560955.000000	-0.000977
560989.000000	-0.001489
561022.000000	-0.001367
561055.000000	-0.001538
561088.000000	-0.000708
561122.000000	-0.001294
561155.000000	-0.001172
561188.000000	-0.001660
561222.000000	-0.000562
561255.000000	-0.001465
561288.000000	0.003809
561322.000000	-0.001343
561355.000000	-0.000513
561388.000000	-0.001343
561421.000000	-0.000952
561455.000000	-0.001489
561488.000000	-0.000073
561521.000000	-0.000879
561555.000000	-0.000391
561588.000000	-0.000464
561621.000000	-0.000244
561655.000000	-0.000391
561688.000000	-0.000757
561721.000000	0.000000
561754.000000	-0.000269
561788.000000	-0.000488
561821.000000	-0.000903
561854.000000	-0.000464
561888.000000	-0.000244
561921.000000	-0.000098
561954.000000	-0.000952
561988.000000	-0.000244
562021.000000	-0.000659
562054.000000	0.000146
562087.000000	-0.000732
562121.000000	-0.000098
562154.000000	-0.000879
562187.000000	0.000000
562221.000000	-0.000269
562254.000000	-0.000098
562287.000000	-0.000586
562321.000000	-0.000659
562354.000000	-0.000269
562387.000000	-0.000220
562420.000000	-0.000317
562454.000000	-0.000757
562487.000000	-0.000244
562520.000000	-0.000171
562554.000000	0.000098
562587.000000	-0.000684
562620.000000	-0.000073
562654.000000	-0.000610
562687.000000	0.000024
562720.000000	-0.000659
562753.000000	-0.000024
562787.000000	-0.000537
562820.000000	-0.000244
562853.000000	-0.000586
562887.000000	0.000049
562920.000000	-0.000415
562953.000000	-0.000464
562987.000000	-0.000806
563020.000000	0.000073
563053.000000	-0.000073
563086.000000	-0.000488
563120.000000	-0.000610
563153.000000	-0.000513
563186.000000	0.000171
563220.000000	-0.000610
563253.000000	-0.000391
563286.000000	-0.000928
563320.000000	-0.000122
563353.000000	-0.000513
563386.000000	-0.000171
563419.000000	-0.001392
563453.000000	-0.001318
563486.000000	-0.001855
563519.000000	-0.000757
563553.000000	-0.001270
563586.000000	-0.000488
563619.000000	-0.001221
563653.000000	-0.000293
563686.000000	-0.000708
563719.000000	-0.000708
563752.000000	-0.000757
563786.000000	-0.000879
563819.000000	-0.000708
563852.000000	-0.001123
563886.000000	-0.000806
563919.000000	-0.001099
563952.000000	-0.000977
563986.000000	-0.001001
564019.000000	-0.000635
564052.000000	-0.001221
564085.000000	-0.001050
564119.000000	-0.001831
564152.000000	-0.000293
564185.000000	-0.001025
564219.000000	-0.000977
564252.000000	-0.002002
564285.000000	-0.000684
564319.000000	-0.001001
564352.000000	-0.000952
564385.000000	-0.001587
564418.000000	-0.001538
564452.000000	-0.001538
564485.000000	-0.001294
564518.000000	-0.001001
564552.000000	-0.001147
564585.000000	-0.001025
564618.000000	-0.001025
564652.000000	-0.000537
564685.000000	-0.001172
564718.000000	-0.000879
564751.000000	-0.001343
564785.000000	-0.000513
564818.000000	-0.001270
564851.000000	-0.000830
564885.000000	-0.001587
564918.000000	-0.000903
564951.000000	-0.001074
564985.000000	-0.000732
565018.000000	-0.001318
565051.000000	-0.000830
565084.000000	-0.001538
565118.000000	-0.000830
565151.000000	-0.001050
565184.000000	-0.000928
565218.000000	-0.001245
565251.000000	-0.001392
565284.000000	-0.000562
565318.000000	-0.001074
565351.000000	-0.001074
565384.000000	-0.001660
565417.000000	-0.001367
565451.000000	-0.001636
565484.000000	-0.001294
565517.000000	-0.001587
565551.000000	-0.000854
565584.000000	-0.001221
565617.000000	-0.000488
565651.000000	-0.000806
565684.000000	-0.000342
565717.000000	-0.001025
565750.000000	-0.000195
565784.000000	-0.000903
565817.000000	-0.000439
565850.000000	-0.000732
565884.000000	-0.000952
565917.000000	-0.000732
565950.000000	-0.001050
565984.000000	-0.001294
566017.000000	-0.001685
566050.000000	-0.000684
566083.000000	-0.000586
566117.000000	-0.000684
566150.000000	-0.001025
566183.000000	-0.000464
566217.000000	-0.001025
566250.000000	-0.000146
566283.000000	-0.001001
566317.000000	-0.000391
566350.000000	-0.001318
566383.000000	-0.000781
566416.000000	-0.000781
566450.000000	-0.000171
566483.000000	-0.001147
566516.000000	-0.000781
566550.000000	-0.000781
566583.000000	-0.000098
566616.000000	-0.000537
566650.000000	-0.000903
566683.000000	-0.000684
566716.000000	-0.000562
566749.000000	-0.000342
566783.000000	-0.001123
566816.000000	-0.000488
566849.000000	-0.000903
566883.000000	-0.000415
566916.000000	-0.000952
566949.000000	-0.000269
566983.000000	-0.000903
567016.000000	-0.000513
567049.000000	-0.000879
567082.000000	-0.000171
567116.000000	-0.000854
567149.000000	-0.000439
567182.000000	-0.001172
567216.000000	-0.000049
567249.000000	-0.000708
567282.000000	-0.000635
567316.000000	-0.000830
567349.000000	-0.000854
567382.000000	-0.000195
567415.000000	-0.001099
567449.000000	-0.001343
567482.000000	-0.001587
567515.000000	-0.000537
567549.000000	-0.000415
567582.000000	-0.000439
567615.000000	-0.000977
567649.000000	-0.000439
567682.000000	-0.000830
567715.000000	0.000195
567748.000000	-0.000928
567782.000000	-0.000415
567815.000000	-0.002051
567848.000000	-0.000342
567882.000000	-0.001245
567915.000000	-0.000879
567948.000000	-0.001270
567982.000000	-0.000854
568015.000000	-0.000806
568048.000000	-0.001050
568081.000000	-0.000903
568115.000000	-0.001123
568148.000000	-0.001221
568181.000000	-0.001294
568215.000000	-0.000684
568248.000000	-0.001025
568281.000000	-0.000928
568315.000000	-0.001465
568348.000000	-0.000488
568381.000000	-0.001099
568414.000000	-0.001221
568448.000000	-0.001709
568481.000000	-0.000708
568514.000000	-0.000854
568548.000000	-0.000488
568581.000000	-0.001514
568614.000000	-0.000854
568648.000000	-0.001123
568681.000000	-0.000488
568714.000000	-0.001050
568747.000000	-0.001099
568781.000000	-0.001099
568814.000000	-0.001001
568847.000000	-0.000732
568881.000000	-0.001196
568914.000000	-0.000952
568947.000000	-0.001318
568981.000000	-0.000586
569014.000000	-0.001221
569047.000000	-0.001050
569080.000000	-0.001367
569114.000000	-0.000757
569147.000000	-0.001221
569180.000000	-0.000659
569214.000000	-0.001416
569247.000000	-0.000781
569280.000000	-0.001538
569314.000000	-0.000366
569347.000000	-0.001099
569380.000000	-0.000708
569413.000000	-0.001343
569447.000000	-0.002002
569480.000000	-0.001440
569513.000000	-0.001270
569547.000000	-0.001001
569580.000000	-0.001343
569613.000000	-0.000830
569647.000000	-0.000781
569680.000000	-0.000635
569713.000000	-0.001245
569746.000000	-0.000732
569780.000000	-0.000879
569813.000000	-0.000488
569846.000000	-0.001489
569880.000000	-0.000854
569913.000000	-0.001367
569946.000000	-0.000464
569980.000000	-0.001270
570013.000000	-0.000317
570046.000000	-0.000806
570079.000000	-0.000537
570113.000000	-0.000439
570146.000000	-0.000439
570179.000000	-0.000464
570213.000000	-0.000659
570246.000000	-0.000635
570279.000000	-0.000586
570313.000000	-0.000415
570346.000000	-0.000879
570379.000000	-0.000415
570412.000000	-0.000952
570446.000000	-0.000366
570479.000000	-0.001563
570512.000000	-0.000928
570546.000000	-0.001318
570579.000000	-0.000317
570612.000000	-0.000708
570646.000000	-0.000073
570679.000000	-0.001025
570712.000000	-0.000366
570745.000000	-0.000757
570779.000000	0.000024
570845.000000	-0.000928
570879.000000	-0.000903
570912.000000	-0.000269
570945.000000	-0.000635
570979.000000	-0.001245
571012.000000	-0.000684
571045.000000	-0.000879
571078.000000	-0.000195
571112.000000	-0.001050
571145.000000	-0.000708
571178.000000	-0.001147
571212.000000	-0.000952
571245.000000	-0.000903
571278.000000	-0.000513
571312.000000	-0.001172
571345.000000	-0.000879
571378.000000	-0.001611
571411.000000	-0.000488
571445.000000	-0.001636
571478.000000	-0.001563
571511.000000	-0.001636
571545.000000	-0.000928
571578.000000	-0.000903
571611.000000	-0.001001
571645.000000	-0.000977
571678.000000	-0.001074
571711.000000	-0.000586
571744.000000	-0.001001
571778.000000	-0.000928
571811.000000	-0.001538
571844.000000	-0.001172
571878.000000	-0.001147
571911.000000	-0.000732
571944.000000	-0.001465
571978.000000	-0.001196
572011.000000	-0.001758
572044.000000	-0.000513
572077.000000	-0.001318
572111.000000	-0.001221
572144.000000	-0.001660
572177.000000	-0.001147
572211.000000	-0.001440
572244.000000	-0.001831
572277.000000	-0.001733
572311.000000	-0.001514
572344.000000	-0.001514
572377.000000	-0.001587
572410.000000	-0.001685
572444.000000	-0.001831
572477.000000	-0.001489
572510.000000	-0.001855
572544.000000	-0.001172
572577.000000	-0.001636
572610.000000	-0.001367
572644.000000	-0.002222
572677.000000	-0.001050
572710.000000	-0.001758
572743.000000	-0.001221
572777.000000	-0.002222
572810.000000	-0.001440
572843.000000	-0.001660
572877.000000	-0.001245
572910.000000	-0.001953
572943.000000	-0.001636
572977.000000	-0.001660
573010.000000	-0.001221
573043.000000	-0.001587
573076.000000	-0.001636
573110.000000	-0.001636
573143.000000	-0.001782
573176.000000	-0.001001
573210.000000	-0.001709
573243.000000	-0.001611
573276.000000	-0.002173
573310.000000	-0.001172
573343.000000	-0.001538
573376.000000	-0.001538
573409.000000	-0.002417
573443.000000	-0.001978
573476.000000	-0.002295
573509.000000	-0.001147
573543.000000	-0.001782
573576.000000	-0.001294
573609.000000	-0.001929
573643.000000	-0.001294
573676.000000	-0.001367
573709.000000	-0.001099
573742.000000	-0.001465
573776.000000	-0.001880
573809.000000	-0.001196
573842.000000	-0.001343
573876.000000	-0.001318
573909.000000	-0.001929
573942.000000	-0.001440
573976.000000	-0.001147
574009.000000	-0.001099
574042.000000	-0.001831
574075.000000	-0.001416
574109.000000	-0.001514
574142.000000	-0.000854
574175.000000	-0.001807
574209.000000	-0.001245
574242.000000	-0.001953
574275.000000	-0.001099
574309.000000	-0.001538
574342.000000	-0.000098
574375.000000	-0.001294
574408.000000	-0.001172
574442.000000	-0.000952
574475.000000	-0.000781
574508.000000	-0.000757
574542.000000	-0.001294
574575.000000	-0.000806
574608.000000	-0.000732
574642.000000	-0.000732
574675.000000	-0.001245
574708.000000	-0.000513
574741.000000	-0.001465
574775.000000	-0.000464
574808.000000	-0.001221
574841.000000	-0.000513
574875.000000	-0.001416
574908.000000	-0.000879
574941.000000	-0.001025
574975.000000	-0.000220
575008.000000	-0.001318
575041.000000	-0.001099
575074.000000	-0.001392
575108.000000	-0.000171
575141.000000	-0.000903
575174.000000	-0.001221
575208.000000	-0.001050
575241.000000	-0.000854