496435.000000	-0.002637
496468.000000	-0.001758
496501.000000	-0.001807
496535.000000	-0.000903
496568.000000	-0.001318
496601.000000	-0.001318
496635.000000	-0.001367
496668.000000	-0.001465
496701.000000	-0.001294
496734.000000	-0.001416
496768.000000	-0.001074
496801.000000	-0.001782
496834.000000	-0.001367
496868.000000	-0.001660
496901.000000	-0.001099
496934.000000	-0.001709
496968.000000	-0.001270
497001.000000	-0.001636
497034.000000	-0.001245
497067.000000	-0.001831
497101.000000	-0.000952
497134.000000	-0.002222
497167.000000	-0.001489
497201.000000	-0.002002
497234.000000	-0.001587
497267.000000	-0.002271
497301.000000	-0.001782
497334.000000	-0.001172
497367.000000	-0.001440
497400.000000	-0.001318
497434.000000	-0.001611
497467.000000	-0.001416
497500.000000	-0.001245
497534.000000	-0.001489
497567.000000	-0.001685
497600.000000	-0.001563
497634.000000	-0.001929
497667.000000	-0.001099
497700.000000	-0.001929
497733.000000	-0.001147
497767.000000	-0.001880
497800.000000	-0.001514
497833.000000	-0.001904
497867.000000	-0.001318
497900.000000	-0.002002
497933.000000	-0.001465
497967.000000	-0.001685
498000.000000	-0.001099
498033.000000	-0.001611
498066.000000	-0.001465
498100.000000	-0.001416
498133.000000	-0.000732
498166.000000	-0.000757
498200.000000	-0.001416
498233.000000	-0.001172
498266.000000	-0.001514
498300.000000	-0.000903
498333.000000	-0.001440
498366.000000	-0.001025
498399.000000	-0.001758
498433.000000	-0.001123
498466.000000	-0.001758
498499.000000	0.006812
498533.000000	0.000757
498566.000000	-0.000391
498599.000000	-0.002002
498633.000000	-0.001245
498666.000000	-0.002222
498699.000000	-0.002002
498732.000000	-0.001685
498766.000000	-0.001196
498799.000000	-0.001245
498832.000000	-0.001343
498866.000000	-0.001660
498899.000000	-0.001953
498932.000000	-0.001318
498966.000000	-0.001611
498999.000000	-0.001563
499032.000000	-0.002710
499065.000000	-0.002466
499099.000000	-0.002661
499132.000000	-0.001489
499165.000000	-0.002417
499199.000000	-0.001929
499232.000000	-0.001782
499265.000000	-0.000781
499299.000000	-0.001733
499332.000000	-0.001318
499365.000000	-0.002148
499398.000000	-0.001465
499432.000000	-0.001758
499465.000000	-0.001904
499498.000000	-0.002148
499532.000000	-0.002197
499565.000000	-0.002075
499598.000000	-0.001929
499632.000000	-0.001978
499665.000000	-0.002051
499698.000000	-0.001807
499731.000000	-0.002100
499765.000000	-0.001172
499798.000000	-0.001904
499831.000000	-0.001465
499865.000000	-0.002173
499898.000000	-0.000903
499931.000000	-0.001318
499965.000000	-0.001196
499998.000000	-0.001904
500031.000000	-0.001221
500064.000000	-0.001831
500098.000000	-0.001318
500131.000000	-0.001807
500164.000000	-0.002026
500198.000000	-0.002563
500231.000000	-0.001318
500264.000000	-0.001929
500298.000000	-0.002100
500331.000000	-0.001782
500364.000000	-0.002271
500397.000000	-0.001563
500431.000000	-0.001709
500464.000000	-0.001318
500497.000000	-0.001563
500531.000000	-0.000879
500564.000000	-0.000854
500597.000000	-0.000830
500631.000000	-0.001563
500664.000000	0.012231
500697.000000	0.003345
500730.000000	0.001123
500764.000000	-0.001025
500797.000000	-0.000684
500830.000000	-0.001782
500864.000000	-0.001245
500897.000000	-0.001147
500930.000000	-0.000684
500964.000000	-0.000537
500997.000000	-0.000098
501030.000000	-0.000342
501063.000000	-0.000537
501097.000000	-0.000537
501130.000000	-0.000806
501163.000000	-0.000537
501197.000000	-0.001270
501230.000000	-0.001050
501263.000000	-0.001611
501297.000000	-0.001050
501330.000000	-0.001563
501363.000000	-0.000537
501396.000000	-0.001123
501430.000000	-0.000562
501463.000000	-0.001489
501496.000000	-0.000977
501530.000000	-0.001123
501563.000000	-0.000391
501596.000000	-0.001245
501630.000000	-0.001050
501663.000000	-0.001270
501696.000000	-0.000562
501729.000000	-0.001050
501763.000000	-0.000854
501796.000000	-0.000244
501829.000000	-0.000244
501863.000000	0.000439
501896.000000	-0.000391
501929.000000	-0.000146
501963.000000	-0.000488
501996.000000	-0.000220
502029.000000	-0.000708
502062.000000	-0.000513
502096.000000	-0.001587
502129.000000	-0.001123
502162.000000	-0.001074
502196.000000	0.000171
502229.000000	-0.000659
502262.000000	-0.000220
502296.000000	-0.000952
502329.000000	0.000049
502362.000000	-0.000244
502395.000000	-0.000366
502429.000000	-0.000659
502462.000000	-0.000903
502495.000000	-0.000244
502529.000000	-0.000342
502562.000000	-0.000439
502595.000000	-0.000928
502629.000000	-0.000537
502662.000000	-0.000317
502695.000000	-0.000024
502728.000000	-0.000806
502762.000000	-0.000488
502795.000000	-0.000928
502828.000000	-0.012695
502862.000000	-0.006201
502895.000000	-0.002930
502928.000000	-0.002368
502962.000000	-0.000903
502995.000000	-0.001147
503028.000000	-0.000854
503061.000000	-0.001465
503095.000000	-0.000854
503128.000000	-0.001123
503161.000000	-0.000830
503195.000000	-0.000977
503228.000000	-0.001050
503261.000000	-0.000977
503295.000000	-0.001343
503328.000000	-0.000537
503361.000000	-0.001001
503394.000000	-0.000806
503428.000000	-0.001563
503461.000000	-0.000562
503494.000000	-0.000903
503528.000000	-0.000977
503561.000000	-0.001440
503594.000000	-0.000732
503628.000000	-0.001099
503661.000000	-0.000635
503694.000000	-0.001611
503727.000000	-0.000732
503761.000000	-0.001343
503794.000000	-0.000586
503827.000000	-0.001172
503861.000000	-0.000903
503894.000000	-0.001245
503927.000000	-0.001221
503961.000000	-0.000635
503994.000000	-0.001172
504027.000000	-0.000952
504060.000000	-0.001807
504094.000000	-0.001514
504127.000000	-0.000952
504160.000000	-0.000830
504194.000000	-0.001416
504227.000000	-0.000684
504260.000000	-0.001147
504294.000000	-0.000586
504327.000000	-0.001514
504360.000000	-0.000464
504393.000000	-0.001416
504427.000000	-0.000903
504460.000000	-0.000952
504493.000000	-0.000635
504527.000000	-0.001465
504560.000000	-0.001392
504593.000000	-0.001294
504627.000000	-0.000806
504660.000000	-0.000928
504693.000000	-0.001514
504726.000000	-0.001147
504760.000000	-0.000903
504793.000000	-0.000830
504826.000000	-0.001416
504860.000000	-0.000928
504893.000000	-0.001318
504926.000000	-0.000806
504960.000000	-0.001465
504993.000000	-0.000977
505026.000000	-0.009937
505059.000000	-0.004224
505093.000000	-0.002197
505126.000000	-0.000781
505159.000000	-0.001196
505193.000000	-0.000684
505226.000000	-0.001270
505259.000000	-0.000171
505293.000000	-0.000684
505326.000000	-0.000586
505359.000000	-0.000781
505392.000000	-0.001001
505426.000000	-0.000220
505459.000000	-0.000659
505492.000000	-0.000562
505526.000000	-0.001123
505559.000000	-0.000903
505592.000000	-0.000732
505626.000000	-0.000244
505659.000000	-0.001001
505692.000000	-0.000879
505725.000000	-0.001074
505759.000000	0.000000
505792.000000	-0.000928
505825.000000	-0.000635
505859.000000	-0.001392
505892.000000	0.000049
505925.000000	-0.000781
505959.000000	-0.000659
505992.000000	-0.001221
506025.000000	-0.000562
506058.000000	-0.000610
506092.000000	-0.001440
506125.000000	-0.001172
506158.000000	-0.000684
506192.000000	-0.000513
506225.000000	-0.000781
506258.000000	-0.000269
506292.000000	-0.000513
506325.000000	-0.000366
506358.000000	-0.001025
506391.000000	-0.000195
506425.000000	-0.000659
506458.000000	-0.000366
506491.000000	-0.001172
506525.000000	-0.000586
506558.000000	-0.000806
506591.000000	-0.000562
506625.000000	-0.001221
506658.000000	-0.000464
506691.000000	-0.001001
506724.000000	-0.000122
506758.000000	-0.000684
506791.000000	-0.000171
506824.000000	-0.000659
506858.000000	-0.000513
506891.000000	-0.000220
506924.000000	-0.000635
506958.000000	-0.000610
506991.000000	-0.001147
507024.000000	-0.000415
507057.000000	-0.001294
507091.000000	-0.001611
507124.000000	-0.002051
507157.000000	-0.001147
507191.000000	0.003442
507224.000000	0.000464
507257.000000	-0.001660
507291.000000	-0.001123
507324.000000	-0.002246
507357.000000	-0.001587
507390.000000	-0.002515
507424.000000	-0.001685
507457.000000	-0.002222
507490.000000	-0.001978
507524.000000	-0.001563
507557.000000	-0.001563
507590.000000	-0.001611
507624.000000	-0.002051
507657.000000	-0.001196
507690.000000	-0.000806
507723.000000	-0.000366
507757.000000	-0.001196
507790.000000	-0.001440
507823.000000	-0.001807
507857.000000	-0.000562
507890.000000	-0.001367
507923.000000	-0.000977
507957.000000	-0.001392
507990.000000	-0.000903
508023.000000	-0.001440
508056.000000	-0.001123
508090.000000	-0.002197
508123.000000	-0.001392
508156.000000	-0.001758
508190.000000	-0.001367
508223.000000	-0.001709
508256.000000	-0.001270
508290.000000	-0.001440
508323.000000	-0.001318
508356.000000	-0.001172
508389.000000	-0.001587
508423.000000	-0.001099
508456.000000	-0.001636
508489.000000	-0.001147
508523.000000	-0.001392
508556.000000	-0.001001
508589.000000	-0.001733
508623.000000	-0.001563
508656.000000	-0.001538
508689.000000	-0.000879
508722.000000	-0.001636
508756.000000	-0.001221
508789.000000	-0.001733
508822.000000	-0.000244
508856.000000	-0.001538
508889.000000	-0.000854
508922.000000	-0.001514
508956.000000	-0.000952
508989.000000	-0.000659
509022.000000	-0.000830
509055.000000	-0.000806
509089.000000	-0.000806
509122.000000	-0.000391
509155.000000	-0.000879
509189.000000	-0.000928
509222.000000	-0.001196
509255.000000	-0.000879
509289.000000	-0.001147
509322.000000	-0.000513
509355.000000	0.012329
509388.000000	0.005225
509422.000000	0.001245
509455.000000	0.000732
509488.000000	-0.000342
509522.000000	-0.000195
509555.000000	-0.001123
509588.000000	-0.000391
509622.000000	-0.000659
509655.000000	-0.000073
509688.000000	-0.000464
509721.000000	-0.000513
509755.000000	-0.000781
509788.000000	-0.000488
509821.000000	-0.000317
509855.000000	-0.000854
509888.000000	-0.000708
509921.000000	-0.000781
509955.000000	0.000122
509988.000000	-0.000635
510021.000000	-0.000488
510054.000000	-0.001099
510088.000000	-0.000391
510121.000000	-0.000659
510154.000000	-0.001050
510188.000000	-0.002148
510221.000000	-0.001050
510254.000000	-0.001245
510288.000000	-0.000122
510321.000000	-0.001196
510354.000000	-0.000562
510387.000000	-0.000977
510421.000000	-0.000708
510454.000000	-0.000830
510487.000000	-0.000708
510521.000000	-0.000513
510554.000000	-0.001050
510587.000000	-0.000708
510621.000000	-0.000903
510654.000000	-0.000610
510687.000000	-0.001367
510720.000000	-0.001025
510754.000000	-0.000928
510787.000000	-0.000635
510820.000000	-0.001416
510854.000000	-0.000903
510887.000000	-0.001514
510920.000000	-0.000342
510954.000000	-0.001514
510987.000000	-0.001099
511020.000000	-0.001782
511053.000000	-0.001074
511087.000000	-0.001050
511120.000000	-0.000903
511153.000000	-0.001587
511187.000000	-0.001904
511220.000000	-0.000977
511253.000000	-0.000952
511287.000000	-0.001294
511320.000000	-0.001563
511353.000000	-0.001025
511386.000000	-0.001099
511420.000000	-0.000977
511453.000000	-0.001514
511486.000000	-0.000952
511520.000000	-0.001416
511553.000000	-0.002466
511586.000000	-0.002759
511620.000000	-0.001782
511653.000000	-0.002393
511686.000000	-0.001685
511719.000000	-0.001929
511753.000000	-0.001074
511786.000000	-0.001807
511819.000000	-0.001782
511853.000000	-0.002173
511886.000000	-0.000977
511919.000000	-0.001416
511953.000000	-0.001880
511986.000000	-0.001953
512019.000000	-0.001880
512052.000000	-0.001099
512086.000000	-0.001758
512119.000000	-0.001733
512152.000000	-0.002002
512186.000000	-0.002051
512219.000000	-0.002515
512252.000000	-0.001953
512286.000000	-0.002246
512319.000000	-0.001440
512352.000000	-0.001611
512385.000000	-0.001001
512419.000000	-0.001929
512452.000000	-0.001367
512485.000000	-0.001855
512519.000000	-0.001001
512552.000000	-0.001636
512585.000000	-0.001440
512619.000000	-0.001929
512652.000000	-0.001660
512685.000000	-0.001343
512718.000000	-0.001660
512752.000000	-0.001440
512785.000000	-0.001709
512818.000000	-0.001782
512852.000000	-0.001636
512885.000000	-0.001050
512918.000000	-0.001831
512952.000000	-0.001538
512985.000000	-0.002026
513018.000000	-0.000903
513051.000000	-0.001782
513085.000000	-0.001465
513118.000000	-0.002271
513151.000000	-0.001221
513185.000000	-0.001245
513218.000000	-0.001245
513251.000000	-0.002075
513285.000000	-0.001245
513318.000000	-0.001514
513351.000000	-0.001367
513384.000000	-0.001514
513418.000000	-0.001538
513451.000000	-0.001440
513484.000000	-0.001489
513518.000000	-0.001221
513551.000000	-0.001563
513584.000000	-0.001318
513618.000000	-0.001733
513651.000000	-0.000903
513684.000000	-0.001611
513717.000000	-0.007129
513751.000000	-0.003320
513784.000000	-0.001465
513817.000000	-0.001514
513851.000000	-0.000830
513884.000000	-0.001294
513917.000000	-0.000854
513951.000000	-0.001465
513984.000000	-0.000293
514017.000000	-0.001050
514050.000000	-0.000586
514084.000000	-0.001099
514117.000000	-0.001318
514150.000000	-0.000610
514184.000000	-0.001099
514217.000000	-0.001929
514250.000000	-0.002051
514284.000000	-0.000708
514317.000000	-0.000635
514350.000000	-0.000977
514383.000000	-0.001416
514417.000000	-0.000708
514450.000000	-0.000757
514483.000000	-0.000513
514517.000000	-0.001514
514550.000000	-0.000635
514583.000000	-0.001099
514617.000000	-0.000415
514650.000000	-0.001099
514683.000000	-0.000439
514716.000000	-0.001245
514750.000000	-0.001001
514783.000000	-0.000952
514816.000000	-0.000684
514850.000000	-0.000757
514883.000000	-0.000903
514916.000000	-0.001025
514950.000000	-0.000635
514983.000000	-0.000586
515016.000000	-0.001001
515049.000000	-0.000781
515083.000000	-0.001196
515116.000000	-0.000513
515149.000000	-0.001123
515183.000000	-0.000781
515216.000000	-0.001416
515249.000000	-0.000806
515283.000000	-0.000854
515316.000000	-0.000562
515349.000000	-0.001270
515382.000000	-0.000903
515416.000000	-0.001196
515449.000000	-0.000098
515482.000000	-0.001172
515516.000000	-0.001074
515549.000000	-0.001514
515582.000000	-0.000854
515616.000000	-0.000708
515649.000000	-0.000977
515682.000000	-0.000952
515715.000000	-0.001123
515749.000000	-0.000562
515782.000000	-0.001147
515815.000000	-0.000562
515849.000000	-0.000977
515882.000000	-0.004517
515915.000000	-0.002271
515949.000000	-0.001050
515982.000000	-0.001587
516015.000000	-0.001294
516048.000000	-0.001880
516082.000000	-0.000562
516115.000000	-0.001563
516148.000000	-0.001440
516182.000000	-0.002148
516215.000000	-0.001636
516248.000000	-0.001929
516282.000000	-0.001611
516315.000000	-0.001465
516348.000000	-0.001489
516381.000000	-0.001245
516415.000000	-0.001050
516448.000000	-0.000928
516481.000000	-0.001440
516515.000000	-0.001440
516548.000000	-0.001978
516581.000000	-0.001465
516615.000000	-0.001611
516648.000000	-0.001050
516681.000000	-0.001709
516714.000000	-0.000952
516748.000000	-0.001465
516781.000000	-0.001294
516814.000000	-0.001709
516848.000000	-0.000879
516881.000000	-0.001392
516914.000000	-0.001172
516948.000000	-0.001660
516981.000000	-0.001025
517014.000000	-0.001465
517047.000000	-0.001074
517081.000000	-0.001001
517114.000000	-0.001147
517147.000000	-0.001440
517181.000000	-0.001880
517214.000000	-0.000854
517247.000000	-0.001123
517281.000000	-0.001245
517314.000000	-0.001782
517347.000000	-0.001050
517380.000000	-0.000928
517414.000000	-0.000952
517447.000000	-0.001855
517480.000000	-0.001196
517514.000000	-0.001733
517547.000000	-0.000830
517580.000000	-0.001685
517614.000000	-0.001001
517647.000000	-0.001587
517680.000000	-0.000903
517713.000000	-0.001538
517747.000000	-0.001392
517780.000000	-0.001489
517813.000000	-0.001709
517847.000000	-0.001196
517880.000000	-0.001294
517913.000000	-0.001221
517947.000000	-0.001636
517980.000000	-0.001367
518013.000000	-0.001587
518046.000000	-0.001001
518080.000000	0.000830
518113.000000	0.000073
518146.000000	-0.001123
518180.000000	-0.000366
518213.000000	-0.001343
518246.000000	-0.001392
518280.000000	-0.001465
518313.000000	-0.000781
518346.000000	-0.001196
518379.000000	-0.000391
518413.000000	-0.001050
518446.000000	-0.000854
518479.000000	-0.000952
518513.000000	-0.000513
518546.000000	-0.000781
518579.000000	-0.001196
518613.000000	-0.000928
518646.000000	-0.001074
518679.000000	-0.000537
518712.000000	-0.001221
518746.000000	-0.000977
518779.000000	-0.001514
518812.000000	-0.000635
518846.000000	-0.001172
518879.000000	-0.000684
518912.000000	-0.001270
518946.000000	-0.000952
518979.000000	-0.001245
519012.000000	-0.000513
519045.000000	-0.001270
519079.000000	-0.000610
519112.000000	-0.001489
519145.000000	-0.000586
519179.000000	-0.000952
519212.000000	-0.000952
519245.000000	-0.001050
519279.000000	-0.001074
519312.000000	-0.000659
519345.000000	-0.001099
519378.000000	-0.000928
519412.000000	-0.001294
519445.000000	-0.000879
519478.000000	-0.000830
519512.000000	-0.000635
519545.000000	-0.001270
519578.000000	-0.001001
519612.000000	-0.001270
519645.000000	-0.000317
519678.000000	-0.001172
519711.000000	-0.001001
519745.000000	-0.001465
519778.000000	-0.000415
519811.000000	-0.001074
519845.000000	-0.000708
519878.000000	-0.001221
519911.000000	-0.000879
519945.000000	-0.000977
519978.000000	-0.000757
520011.000000	-0.000977
520044.000000	-0.000928
520078.000000	-0.000781
520111.000000	-0.001196
520144.000000	-0.000610
520178.000000	-0.001050
520211.000000	-0.000952
520244.000000	0.002222
520278.000000	0.000220
520311.000000	-0.001074
520344.000000	-0.001001
520377.000000	-0.002417
520411.000000	-0.001611
520444.000000	-0.001563
520477.000000	-0.001270
520511.000000	-0.002100
520544.000000	-0.001514
520577.000000	-0.002100
520611.000000	-0.001025
520644.000000	-0.001709
520677.000000	-0.001807
520710.000000	-0.002026
520744.000000	-0.001099
520777.000000	-0.000757
520810.000000	-0.000879
520844.000000	-0.000806
520877.000000	-0.001465
520910.000000	-0.001001
520944.000000	-0.000854
520977.000000	-0.001050
521010.000000	-0.001587
521043.000000	-0.000732
521077.000000	-0.001270
521110.000000	-0.000684
521143.000000	-0.001465
521177.000000	-0.000757
521210.000000	-0.002222
521243.000000	-0.001831
521277.000000	-0.001611
521310.000000	-0.000806
521343.000000	-0.001440
521376.000000	-0.001318
521410.000000	-0.001465
521443.000000	-0.000732
521476.000000	-0.000830
521510.000000	-0.001294
521543.000000	-0.001172
521576.000000	-0.001099
521610.000000	-0.000708
521643.000000	-0.001465
521676.000000	-0.001147
521709.000000	-0.001392
521743.000000	-0.000537
521776.000000	-0.001416
521809.000000	-0.001050
521843.000000	-0.001636
521876.000000	-0.000977
521909.000000	-0.001270
521943.000000	-0.000684
521976.000000	-0.001489
522009.000000	-0.001050
522042.000000	-0.001611
522076.000000	-0.001001
522109.000000	-0.001953
522142.000000	-0.001099
522176.000000	-0.000903
522209.000000	-0.001416
522242.000000	-0.000879
522276.000000	-0.001221
522309.000000	-0.000830
522342.000000	-0.001050
522375.000000	-0.000757
522409.000000	0.001367
522442.000000	0.000220
522475.000000	-0.000903
522509.000000	-0.000439
522542.000000	-0.000513
522575.000000	0.000610
522609.000000	-0.000610
522642.000000	-0.000220
522675.000000	-0.000903
522708.000000	0.000195
522742.000000	-0.000293
522775.000000	-0.000098
522808.000000	-0.000806
522842.000000	-0.000513
522875.000000	-0.000244
522908.000000	-0.000513
522942.000000	-0.000488
522975.000000	-0.000684
523008.000000	-0.000488
523041.000000	-0.000513
523075.000000	-0.000317
523108.000000	-0.000513
523141.000000	-0.000366
523175.000000	-0.001099
523208.000000	-0.000171
523241.000000	-0.000806
523275.000000	-0.000391
523308.000000	-0.001147
523341.000000	-0.000513
523374.000000	-0.000562
523408.000000	-0.000293
523441.000000	-0.000903
523474.000000	-0.000415
523508.000000	-0.001001
523541.000000	-0.000317
523574.000000	-0.000635
523608.000000	-0.000635
523641.000000	-0.000854
523674.000000	-0.000830
523707.000000	-0.000269
523741.000000	-0.000732
523774.000000	-0.000757
523807.000000	-0.001074
523841.000000	-0.000171
523874.000000	-0.000781
523907.000000	-0.000635
523941.000000	-0.001147
523974.000000	-0.000513
524007.000000	-0.000635
524040.000000	-0.000488
524074.000000	-0.001196
524107.000000	-0.000439
524140.000000	-0.001025
524174.000000	-0.000171
524207.000000	-0.001221
524240.000000	-0.000977
524274.000000	-0.001416
524307.000000	-0.000757
524340.000000	-0.000610
524373.000000	-0.000537
524407.000000	-0.000342
524440.000000	-0.000830
524473.000000	-0.000610
524507.000000	-0.000366
524540.000000	-0.000366
524573.000000	-0.013232
524607.000000	-0.005469
524640.000000	-0.002856
524673.000000	-0.001367
524706.000000	-0.001709
524740.000000	-0.000952
524773.000000	-0.001563
524806.000000	-0.000806
524840.000000	-0.001318
524873.000000	-0.000952
524906.000000	-0.001660
524940.000000	-0.001050
524973.000000	-0.001221
525006.000000	-0.000781
525039.000000	-0.001270
525073.000000	-0.001294
525106.000000	-0.001294
525139.000000	-0.000830
525173.000000	-0.001025
525206.000000	-0.001587
525239.000000	-0.000928
525273.000000	-0.001392
525306.000000	-0.000854
525339.000000	-0.001440
525372.000000	-0.000879
525406.000000	-0.001416
525439.000000	-0.001050
525472.000000	-0.001392
525506.000000	-0.000781
525539.000000	-0.001392
525572.000000	-0.001221
525606.000000	-0.001636
525639.000000	-0.000366
525672.000000	-0.001294
525705.000000	-0.001245
525739.000000	-0.001685
525772.000000	-0.000928
525805.000000	-0.000854
525839.000000	-0.001099
525872.000000	-0.001270
525905.000000	-0.001465
525939.000000	-0.000757
525972.000000	-0.001221
526005.000000	-0.000977
526038.000000	-0.001416
526072.000000	-0.001123
526105.000000	-0.001245
526138.000000	-0.000781
526172.000000	-0.001538
526205.000000	-0.001221
526238.000000	-0.002173
526272.000000	-0.000903
526305.000000	-0.001416
526338.000000	-0.001147
526371.000000	-0.001733
526405.000000	-0.000830
526438.000000	-0.000977
526471.000000	-0.000854
526505.000000	-0.001099
526538.000000	-0.001074
526571.000000	-0.001221
526605.000000	-0.000977
526638.000000	-0.000732
526671.000000	-0.001025
526704.000000	-0.001318
526738.000000	-0.001465
526771.000000	-0.004102
526804.000000	-0.002124
526838.000000	-0.000977
526871.000000	-0.001343
526904.000000	-0.000024
526938.000000	-0.000464
526971.000000	-0.000439
527004.000000	-0.001392
527037.000000	-0.000415
527071.000000	-0.000562
527104.000000	-0.000342
527137.000000	-0.001147
527171.000000	-0.000439
527204.000000	-0.000732
527237.000000	-0.000488
527271.000000	-0.000708
527304.000000	-0.000684
527337.000000	-0.000562
527370.000000	-0.001001
527404.000000	-0.000269
527437.000000	-0.000732
527470.000000	-0.000464
527504.000000	-0.000854
527537.000000	-0.000415
527570.000000	-0.000659
527604.000000	-0.000342
527637.000000	-0.000977
527670.000000	-0.000562
527703.000000	-0.000024
527737.000000	0.000317
527770.000000	-0.000562
527803.000000	-0.000342
527837.000000	-0.001221
527870.000000	-0.000220
527903.000000	-0.000513
527937.000000	-0.000488
527970.000000	-0.000732
528003.000000	-0.001001
528036.000000	-0.000513
528070.000000	-0.000439
528103.000000	-0.000415
528136.000000	-0.000903
528170.000000	-0.000488
528203.000000	-0.000610
528236.000000	-0.000391
528270.000000	-0.001904
528303.000000	-0.001343
528336.000000	-0.001367
528369.000000	-0.000122
528403.000000	-0.000879
528436.000000	-0.000391
528469.000000	-0.000708
528503.000000	-0.000122
528536.000000	-0.000439
528569.000000	0.000049
528603.000000	-0.000781
528636.000000	-0.000659
528669.000000	-0.000879
528702.000000	-0.000171
528736.000000	-0.000513
528769.000000	-0.000464
528802.000000	-0.000586
528836.000000	-0.000806
528869.000000	-0.000220
528902.000000	-0.000757
528936.000000	0.007812
528969.000000	0.001880
529002.000000	0.000635
529035.000000	-0.000562
529069.000000	-0.000562
529102.000000	-0.001270
529135.000000	-0.001025
529169.000000	-0.001099
529202.000000	-0.000562
529235.000000	-0.001685
529269.000000	-0.000928
529302.000000	-0.001489
529335.000000	-0.000244
529368.000000	-0.000854
529402.000000	-0.000806
529435.000000	-0.001099
529468.000000	-0.000879
529502.000000	-0.000732
529535.000000	-0.001196
529568.000000	-0.000928
529602.000000	-0.001074
529635.000000	-0.000830
529668.000000	-0.000830
529701.000000	-0.000732
529735.000000	-0.001221
529768.000000	-0.000928
529801.000000	-0.001465
529835.000000	-0.000562
529868.000000	-0.001123
529901.000000	-0.000684
529935.000000	-0.001465
529968.000000	-0.000562
530001.000000	-0.001001
530034.000000	-0.000610
530068.000000	-0.001440
530101.000000	-0.000977
530134.000000	-0.001123
530168.000000	-0.000757
530201.000000	-0.001221
530234.000000	-0.001440
530268.000000	-0.001807
530301.000000	-0.001758
530334.000000	-0.001294
530367.000000	-0.001880
530401.000000	-0.001489
530434.000000	-0.001465
530467.000000	-0.000586
530501.000000	-0.001172
530534.000000	-0.000732
530567.000000	-0.001343
530601.000000	-0.000928
530634.000000	-0.001318
530667.000000	-0.001099
530700.000000	-0.001782
530734.000000	-0.001099
530767.000000	-0.001807
530800.000000	-0.001025
530834.000000	-0.001782
530867.000000	-0.001196
530900.000000	-0.001514
530934.000000	-0.001660
530967.000000	-0.001196
531000.000000	-0.001343
531033.000000	-0.001465
531067.000000	-0.001880
531100.000000	0.009863
531133.000000	0.003076
531167.000000	0.000635
531200.000000	-0.001123
531233.000000	-0.001123
531267.000000	-0.001782
531300.000000	-0.000708
531333.000000	-0.001563
531366.000000	-0.001099
531400.000000	-0.001563
531433.000000	-0.000464
531466.000000	-0.001367
531500.000000	-0.000830
531533.000000	-0.001489
531566.000000	-0.000879
531600.000000	-0.001025
531633.000000	-0.000952
531666.000000	-0.001294
531699.000000	-0.001563
531733.000000	-0.001294
531766.000000	-0.001001
531799.000000	-0.001099
531833.000000	-0.001416
531866.000000	-0.001001
531899.000000	-0.001587
531933.000000	-0.000903
531966.000000	-0.001538
531999.000000	-0.000879
532032.000000	-0.001489
532066.000000	-0.000977
532099.000000	-0.001270
532132.000000	-0.000732
532166.000000	-0.001538
532199.000000	-0.001392
532232.000000	-0.001733
532266.000000	-0.001001
532299.000000	-0.001758
532332.000000	-0.001538
532365.000000	-0.001392
532399.000000	-0.000854
532432.000000	-0.000732
532465.000000	-0.001221
532499.000000	-0.001074
532532.000000	-0.001099
532565.000000	-0.000610
532599.000000	-0.001318
532632.000000	-0.000928
532665.000000	-0.001245
532698.000000	-0.000903
532732.000000	-0.001123
532765.000000	-0.000928
532798.000000	-0.001416
532832.000000	-0.000757
532865.000000	-0.001587
532898.000000	-0.000415
532932.000000	-0.001270
532965.000000	-0.000806
532998.000000	-0.001563
533031.000000	-0.000879
533065.000000	-0.000928
533098.000000	-0.000806
533131.000000	-0.001099
533165.000000	-0.001294
533198.000000	-0.001050
533231.000000	-0.001221
533265.000000	-0.015161
533298.000000	-0.007202
533331.000000	-0.003735
533364.000000	-0.002515
533398.000000	-0.001147
533431.000000	-0.001611
533464.000000	-0.001440
533498.000000	-0.001929
533531.000000	-0.000781
533564.000000	-0.001587
533598.000000	-0.001465
533631.000000	-0.001880
533664.000000	-0.001147
533697.000000	-0.001855
533731.000000	-0.001855
533764.000000	-0.002197
533797.000000	-0.001855
533831.000000	-0.001782
533864.000000	-0.001343
533897.000000	-0.001514
533931.000000	-0.001318
533964.000000	-0.001147
533997.000000	-0.001685
534030.000000	-0.000977
534064.000000	-0.001318
534097.000000	-0.001050
534130.000000	-0.001709
534164.000000	-0.001440
534197.000000	-0.001147
534230.000000	-0.001221
534264.000000	-0.002368
534297.000000	-0.001636
534330.000000	-0.001733
534363.000000	-0.000464
534397.000000	-0.001563
534430.000000	-0.001099
534463.000000	-0.001733
534497.000000	-0.001025
534530.000000	-0.000854
534563.000000	-0.001050
534597.000000	-0.001343
534630.000000	-0.001489
534663.000000	-0.001025
534696.000000	-0.000952
534730.000000	-0.001367
534763.000000	-0.001709
534796.000000	-0.001343
534830.000000	-0.001196
534863.000000	-0.001074
534896.000000	-0.001685
534930.000000	-0.000854
534963.000000	-0.001465
534996.000000	-0.001147
535029.000000	-0.001611
535063.000000	-0.000854
535096.000000	-0.001514
535129.000000	-0.001270
535163.000000	-0.001538
535196.000000	-0.000684
535229.000000	-0.001416
535263.000000	-0.001660
535296.000000	-0.001636
535329.000000	-0.000708
535362.000000	-0.001025
535396.000000	-0.001489
535429.000000	-0.001611
535462.000000	-0.009375
535496.000000	-0.003442
535529.000000	-0.002222
535562.000000	-0.001270
535596.000000	-0.001172
535629.000000	-0.000635
535662.000000	-0.000928
535695.000000	-0.000391
535729.000000	-0.001050
535762.000000	-0.000684
535795.000000	-0.001025
535829.000000	-0.000146
535862.000000	-0.001147
535895.000000	-0.000708
535929.000000	-0.001440
535962.000000	-0.000464
535995.000000	-0.000708
536028.000000	-0.000854
536062.000000	-0.001245
536095.000000	-0.000928
536128.000000	-0.000537
536162.000000	-0.000928
536195.000000	-0.000488
536228.000000	-0.001270
536262.000000	-0.001514
536295.000000	-0.001709
536328.000000	-0.000610
536361.000000	-0.000732
536395.000000	-0.000830
536428.000000	-0.001489
536461.000000	-0.000024
536495.000000	-0.000806
536528.000000	-0.000635
536561.000000	-0.001440
536595.000000	-0.000513
536628.000000	-0.000781
536661.000000	-0.000757
536694.000000	-0.001416
536728.000000	-0.000732
536761.000000	-0.000781
536794.000000	-0.000781
536828.000000	-0.000903
536861.000000	-0.001001
536894.000000	-0.001001
536928.000000	-0.000903
536961.000000	-0.000586
536994.000000	-0.000903
537027.000000	-0.000806
537061.000000	-0.001367
537094.000000	-0.000537
537127.000000	-0.000952
537161.000000	-0.000586
537194.000000	-0.001294
537227.000000	-0.000903
537261.000000	-0.001123
537294.000000	-0.000366
537327.000000	-0.001025
537360.000000	-0.000635
537394.000000	-0.001294
537427.000000	-0.000537
537460.000000	-0.000928
537494.000000	-0.001001
537527.000000	-0.001147
537560.000000	-0.001221
537594.000000	-0.000293
537627.000000	0.005933
537660.000000	0.001416
537693.000000	-0.000537
537727.000000	-0.000586
537760.000000	-0.001147
537793.000000	-0.001196
537827.000000	-0.001782
537860.000000	-0.001147
537893.000000	-0.001685
537927.000000	-0.001050
537960.000000	-0.001758
537993.000000	-0.000977
538026.000000	-0.001709
538060.000000	-0.001099
538093.000000	-0.001855
538126.000000	-0.001196
538160.000000	-0.001587
538193.000000	-0.001587
538226.000000	-0.001831
538260.000000	-0.002026
538293.000000	-0.002026
538326.000000	-0.001904
538359.000000	-0.001440
538393.000000	-0.001123
538426.000000	-0.001074
538459.000000	-0.001660
538493.000000	-0.001294
538526.000000	-0.001733
538559.000000	-0.000684
538593.000000	-0.001514
538626.000000	-0.001196
538659.000000	-0.001807
538692.000000	-0.001074
538726.000000	-0.001440
538759.000000	-0.001123
538792.000000	-0.001978
538826.000000	-0.001270
538859.000000	-0.001514
538892.000000	-0.000952
538926.000000	-0.001611
538959.000000	-0.001685
538992.000000	-0.001367
539025.000000	-0.001343
539059.000000	-0.001343
539092.000000	-0.001782
539125.000000	-0.001660
539159.000000	-0.001855
539192.000000	-0.001172
539225.000000	-0.001807
539259.000000	-0.001147
539292.000000	-0.001611
539325.000000	-0.001514
539358.000000	-0.001636
539392.000000	-0.001001
539425.000000	-0.001636
539458.000000	-0.001392
539492.000000	-0.001978
539525.000000	-0.000610
539558.000000	-0.001440
539592.000000	-0.001245
539625.000000	-0.002100
539658.000000	-0.001416
539691.000000	-0.000952
539725.000000	-0.001465
539758.000000	-0.001733
539791.000000	0.012671
539825.000000	0.004956
539858.000000	0.001465
539891.000000	0.000244
539925.000000	-0.000928
539958.000000	-0.000781
539991.000000	-0.000928
540024.000000	-0.000610
540058.000000	-0.001196
540091.000000	-0.000635
540124.000000	-0.001245
540158.000000	-0.000342
540191.000000	-0.001050
540224.000000	-0.000610
540258.000000	-0.001807
540291.000000	-0.001440
540324.000000	-0.001123
540357.000000	-0.000391
540391.000000	-0.001025
540424.000000	-0.000684
540457.000000	-0.000635
540491.000000	-0.000244
540524.000000	-0.000342
540557.000000	-0.000806
540591.000000	-0.000659
540624.000000	-0.001074
540657.000000	-0.000098
540690.000000	-0.000659
540724.000000	-0.000537
540757.000000	-0.001147
540790.000000	-0.000293
540824.000000	-0.000244
540857.000000	-0.000366
540890.000000	-0.001196
540924.000000	-0.000342
540957.000000	-0.000708
540990.000000	0.000000
541023.000000	-0.001123
541057.000000	-0.000171
541090.000000	-0.000537
541123.000000	-0.000098
541157.000000	-0.000464
541190.000000	-0.000537
541223.000000	-0.000659
541257.000000	-0.001221
541290.000000	-0.000513
541323.000000	-0.000439
541356.000000	-0.000244
541390.000000	-0.000806
541423.000000	-0.000220
541456.000000	-0.000146
541490.000000	0.000146
541523.000000	-0.000610
541556.000000	-0.000293
541590.000000	-0.000854
541623.000000	0.000220
541656.000000	-0.000513
541689.000000	-0.000024
541723.000000	-0.001025
541756.000000	-0.000342
541789.000000	-0.000366
541823.000000	0.000073
541856.000000	-0.001025
541889.000000	-0.000903
541923.000000	-0.000513
541989.000000	-0.003638
542022.000000	-0.002588
542056.000000	-0.001416
542089.000000	-0.001123
542122.000000	-0.000513
542156.000000	-0.001221
542189.000000	-0.000879
542222.000000	-0.001245
542256.000000	-0.001196
542289.000000	-0.001807
542322.000000	-0.000732
542355.000000	-0.000757
542389.000000	-0.000928
542422.000000	-0.001343
542455.000000	-0.000146
542489.000000	-0.000854
542522.000000	-0.000586
542555.000000	-0.001147
542589.000000	-0.000586
542622.000000	-0.000781
542655.000000	-0.000879
542688.000000	-0.001172
542722.000000	-0.001221
542755.000000	-0.000391
542788.000000	-0.000854
542822.000000	-0.000879
542855.000000	-0.001343
542888.000000	-0.001001
542922.000000	-0.000830
542955.000000	-0.000513
542988.000000	-0.001270
543021.000000	-0.000830
543055.000000	-0.001245
543088.000000	-0.000195
543121.000000	-0.001270
543155.000000	-0.000708
543188.000000	-0.001465
543221.000000	-0.000684
543255.000000	-0.001172
543288.000000	-0.000952
543321.000000	-0.001099
543354.000000	-0.001001
543388.000000	-0.000928
543421.000000	-0.000903
543454.000000	-0.000854
543488.000000	-0.001025
543521.000000	-0.001172
543554.000000	-0.001147
543588.000000	-0.000610
543621.000000	-0.001074
543654.000000	-0.000977
543687.000000	-0.001685
543721.000000	-0.000610
543754.000000	-0.001196
543787.000000	-0.000806
543821.000000	-0.002197
543854.000000	-0.001636
543887.000000	-0.001440
543921.000000	-0.000464
543954.000000	-0.001514
543987.000000	-0.001025
544020.000000	-0.001050
544054.000000	-0.000562
544087.000000	-0.001172
544120.000000	-0.001074
544154.000000	-0.008374
544187.000000	-0.003882
544220.000000	-0.001563
544254.000000	-0.001538
544287.000000	-0.001367
544320.000000	-0.001904
544353.000000	-0.000586
544387.000000	-0.000635
544420.000000	-0.000513
544453.000000	-0.000977
544487.000000	-0.000366
544520.000000	-0.000806
544553.000000	-0.000098
544587.000000	-0.000928
544620.000000	-0.000122
544653.000000	-0.001099
544686.000000	-0.000562
544720.000000	-0.000732
544753.000000	-0.000293
544786.000000	-0.000781
544820.000000	-0.001025
544853.000000	-0.000342
544886.000000	-0.000317
544920.000000	-0.000610
544953.000000	-0.001123
544986.000000	-0.000635
545019.000000	-0.000342
545053.000000	-0.000464
545086.000000	-0.001318
545119.000000	-0.000684
545153.000000	-0.001050
545186.000000	-0.000195
545219.000000	-0.001025
545253.000000	-0.000464
545286.000000	-0.001196
545319.000000	-0.000635
545352.000000	-0.000903
545386.000000	-0.000366
545419.000000	-0.000928
545452.000000	-0.000562
545486.000000	-0.000928
545519.000000	-0.000195
545552.000000	-0.000586
545586.000000	-0.000830
545619.000000	-0.000757
545652.000000	-0.000684
545685.000000	-0.000269
545719.000000	-0.000781
545752.000000	-0.000537
545785.000000	-0.000928
545819.000000	-0.000464
545852.000000	-0.000806
545885.000000	-0.000293
545919.000000	-0.001074
545952.000000	-0.000830
545985.000000	-0.001001
546018.000000	0.000049
546052.000000	-0.000928
546085.000000	-0.000757
546118.000000	-0.001245
546152.000000	0.000098
546185.000000	-0.000806
546218.000000	-0.000684
546252.000000	-0.000757
546285.000000	-0.000659
546318.000000	-0.001392
546351.000000	-0.001709