389877.000000	-0.001880
389910.000000	-0.001660
389944.000000	-0.002075
389977.000000	-0.001587
390010.000000	-0.001538
390044.000000	-0.000635
390077.000000	-0.001855
390110.000000	-0.001929
390144.000000	-0.002319
390177.000000	-0.001538
390210.000000	-0.001953
390243.000000	-0.001514
390277.000000	-0.002100
390310.000000	-0.001416
390343.000000	-0.002393
390377.000000	-0.001440
390410.000000	-0.001807
390443.000000	-0.000586
390477.000000	-0.001489
390510.000000	-0.001465
390543.000000	-0.000977
390576.000000	-0.000977
390610.000000	-0.001416
390643.000000	-0.001953
390676.000000	-0.001318
390710.000000	-0.001196
390743.000000	-0.001343
390776.000000	-0.002295
390810.000000	-0.002075
390843.000000	-0.002026
390876.000000	-0.001563
390909.000000	-0.001904
390943.000000	-0.001074
390976.000000	-0.001636
391009.000000	-0.000439
391043.000000	-0.001636
391076.000000	-0.001172
391109.000000	-0.001440
391143.000000	-0.000635
391176.000000	-0.000879
391209.000000	-0.001001
391242.000000	-0.001563
391276.000000	-0.001611
391309.000000	-0.001367
391342.000000	-0.001074
391376.000000	-0.000806
391409.000000	-0.001563
391442.000000	-0.001660
391476.000000	-0.001831
391509.000000	-0.000757
391542.000000	-0.001611
391575.000000	-0.000977
391609.000000	-0.001709
391642.000000	-0.001416
391675.000000	-0.001099
391709.000000	0.000098
391742.000000	-0.001245
391775.000000	-0.000928
391809.000000	-0.001270
391842.000000	-0.000293
391875.000000	-0.001367
391908.000000	-0.001172
391942.000000	-0.001733
391975.000000	-0.001465
392008.000000	-0.001367
392042.000000	-0.001807
392075.000000	-0.001538
392108.000000	-0.001831
392142.000000	-0.001001
392175.000000	-0.001416
392208.000000	-0.001294
392241.000000	-0.001416
392275.000000	-0.000439
392308.000000	-0.000586
392341.000000	-0.000439
392375.000000	-0.001367
392408.000000	-0.001025
392441.000000	-0.001709
392475.000000	-0.000562
392508.000000	-0.001514
392541.000000	-0.001245
392574.000000	-0.002148
392608.000000	-0.001416
392641.000000	-0.001318
392674.000000	-0.001489
392708.000000	-0.001587
392741.000000	-0.001807
392774.000000	-0.001440
392808.000000	-0.001074
392841.000000	-0.000635
392874.000000	-0.000854
392907.000000	-0.000708
392941.000000	-0.001172
392974.000000	-0.000513
393007.000000	-0.001489
393041.000000	-0.001196
393074.000000	-0.002368
393107.000000	-0.001318
393141.000000	-0.002393
393174.000000	-0.002173
393207.000000	-0.002930
393240.000000	-0.001660
393274.000000	-0.002100
393307.000000	-0.001953
393340.000000	-0.002441
393374.000000	-0.002124
393407.000000	-0.002148
393440.000000	-0.001807
393474.000000	-0.001831
393507.000000	-0.001978
393540.000000	-0.002026
393573.000000	-0.002441
393607.000000	-0.001733
393640.000000	-0.002173
393673.000000	-0.001221
393707.000000	-0.001440
393740.000000	-0.000757
393773.000000	-0.001196
393807.000000	-0.000708
393840.000000	-0.001709
393873.000000	-0.001025
393906.000000	-0.001392
393940.000000	-0.000757
393973.000000	-0.001733
394006.000000	-0.001147
394040.000000	-0.001709
394073.000000	-0.001001
394106.000000	-0.001147
394140.000000	-0.001294
394173.000000	-0.001563
394206.000000	-0.001831
394239.000000	-0.000806
394273.000000	-0.001270
394306.000000	-0.001074
394339.000000	-0.001514
394373.000000	-0.000903
394406.000000	-0.001099
394439.000000	-0.000903
394473.000000	-0.001343
394506.000000	-0.000708
394539.000000	-0.001270
394572.000000	-0.000732
394606.000000	-0.001318
394639.000000	-0.000586
394672.000000	-0.001294
394706.000000	-0.000732
394739.000000	-0.001123
394772.000000	-0.000610
394806.000000	-0.000903
394839.000000	-0.001270
394872.000000	-0.001025
394905.000000	-0.000562
394939.000000	-0.000635
394972.000000	-0.001440
395005.000000	-0.001001
395039.000000	-0.000830
395072.000000	-0.000342
395105.000000	-0.001074
395139.000000	-0.000879
395172.000000	-0.001416
395205.000000	-0.000562
395238.000000	-0.001245
395272.000000	-0.000122
395305.000000	-0.000903
395338.000000	-0.000122
395372.000000	-0.000439
395405.000000	0.000098
395438.000000	-0.000635
395472.000000	-0.000244
395505.000000	-0.000366
395538.000000	0.000122
395571.000000	-0.000464
395605.000000	-0.000635
395638.000000	-0.000391
395671.000000	-0.000464
395705.000000	-0.000073
395738.000000	-0.000659
395771.000000	-0.000269
395805.000000	-0.001001
395838.000000	-0.000146
395871.000000	-0.000635
395904.000000	0.000146
395938.000000	-0.000854
395971.000000	-0.000513
396004.000000	-0.000708
396038.000000	0.000195
396071.000000	-0.000708
396104.000000	-0.000317
396138.000000	-0.001099
396171.000000	0.000195
396204.000000	-0.000586
396237.000000	-0.001221
396271.000000	-0.001392
396304.000000	-0.001050
396337.000000	-0.000391
396371.000000	-0.000830
396404.000000	-0.000464
396437.000000	-0.000708
396471.000000	-0.000317
396504.000000	-0.000488
396537.000000	-0.000537
396570.000000	-0.001294
396604.000000	-0.000806
396637.000000	-0.001196
396670.000000	-0.000195
396704.000000	-0.001123
396737.000000	-0.000586
396770.000000	-0.001147
396804.000000	-0.000122
396837.000000	-0.000830
396870.000000	-0.000366
396903.000000	-0.001465
396937.000000	-0.001270
396970.000000	-0.000708
397003.000000	-0.000562
397037.000000	-0.000293
397070.000000	-0.000806
397103.000000	-0.000586
397137.000000	-0.000269
397170.000000	0.000171
397203.000000	-0.000830
397236.000000	-0.001099
397270.000000	-0.001025
397303.000000	0.000146
397336.000000	-0.000806
397370.000000	-0.000562
397403.000000	-0.001636
397436.000000	-0.000684
397470.000000	-0.000952
397503.000000	-0.000757
397536.000000	-0.001514
397569.000000	-0.000659
397603.000000	-0.001172
397636.000000	-0.000708
397669.000000	-0.001221
397703.000000	-0.001123
397736.000000	-0.001001
397769.000000	-0.001172
397803.000000	-0.000684
397836.000000	-0.001221
397869.000000	-0.001001
397902.000000	-0.001489
397936.000000	-0.000684
397969.000000	-0.001147
398002.000000	-0.000708
398036.000000	-0.001538
398069.000000	-0.000854
398102.000000	-0.001245
398136.000000	-0.000586
398169.000000	-0.001489
398202.000000	-0.000903
398235.000000	-0.001831
398269.000000	-0.000635
398302.000000	-0.001147
398335.000000	-0.000806
398369.000000	-0.001392
398402.000000	-0.001343
398435.000000	-0.000732
398469.000000	-0.001001
398502.000000	-0.001294
398535.000000	-0.001563
398568.000000	-0.000879
398602.000000	-0.000781
398635.000000	-0.000977
398668.000000	-0.001636
398702.000000	-0.000903
398735.000000	-0.001294
398768.000000	-0.000757
398802.000000	-0.001563
398835.000000	-0.000952
398868.000000	-0.001538
398901.000000	-0.000781
398935.000000	-0.001489
398968.000000	-0.000659
399001.000000	-0.001416
399035.000000	-0.001318
399068.000000	-0.001172
399101.000000	-0.000732
399135.000000	-0.000928
399168.000000	-0.001318
399201.000000	-0.001270
399234.000000	-0.001611
399268.000000	-0.000903
399301.000000	-0.001367
399334.000000	-0.001147
399368.000000	-0.001611
399401.000000	-0.000415
399434.000000	-0.001245
399468.000000	-0.000830
399501.000000	-0.001587
399534.000000	-0.000757
399567.000000	-0.000928
399601.000000	-0.000122
399634.000000	-0.001343
399667.000000	-0.000610
399701.000000	-0.001050
399734.000000	-0.000049
399767.000000	-0.000854
399801.000000	-0.000781
399834.000000	-0.000781
399867.000000	-0.000537
399900.000000	-0.000513
399934.000000	-0.000952
399967.000000	-0.000488
400000.000000	-0.000854
400034.000000	-0.000366
400067.000000	-0.000879
400100.000000	-0.000293
400134.000000	-0.000879
400167.000000	-0.000635
400200.000000	-0.000903
400233.000000	0.000000
400267.000000	-0.001001
400300.000000	-0.000513
400333.000000	-0.001245
400367.000000	0.000220
400400.000000	-0.000708
400433.000000	-0.000635
400467.000000	-0.001416
400500.000000	-0.000488
400533.000000	-0.000317
400566.000000	-0.000659
400600.000000	-0.000562
400633.000000	-0.000952
400666.000000	-0.000610
400700.000000	-0.000684
400733.000000	-0.000342
400766.000000	-0.001025
400800.000000	-0.000537
400833.000000	-0.000854
400866.000000	-0.000098
400899.000000	-0.001123
400933.000000	-0.000903
400966.000000	-0.001978
400999.000000	-0.000879
401033.000000	-0.001807
401066.000000	-0.001196
401099.000000	-0.001758
401133.000000	-0.000806
401166.000000	-0.001440
401199.000000	-0.001367
401232.000000	-0.001538
401266.000000	-0.001147
401299.000000	-0.001758
401332.000000	-0.000977
401366.000000	-0.000244
401399.000000	-0.000415
401432.000000	-0.000610
401466.000000	-0.001245
401499.000000	-0.000244
401532.000000	-0.000830
401565.000000	-0.000757
401599.000000	-0.001514
401632.000000	-0.000562
401665.000000	-0.000635
401699.000000	-0.000708
401732.000000	-0.001343
401765.000000	-0.000977
401799.000000	-0.001733
401832.000000	-0.000635
401865.000000	-0.001611
401898.000000	-0.001147
401932.000000	-0.001538
401965.000000	-0.001465
401998.000000	-0.001245
402032.000000	-0.001465
402065.000000	-0.001367
402098.000000	-0.001514
402132.000000	-0.001050
402165.000000	-0.001416
402198.000000	-0.001172
402231.000000	-0.001538
402265.000000	-0.001221
402298.000000	-0.001489
402331.000000	-0.000806
402365.000000	-0.001636
402398.000000	-0.001123
402431.000000	-0.001758
402465.000000	-0.000732
402498.000000	-0.001440
402531.000000	-0.000830
402564.000000	-0.001953
402598.000000	-0.001367
402631.000000	-0.000903
402664.000000	-0.001025
402698.000000	-0.001465
402731.000000	-0.001245
402764.000000	-0.001025
402798.000000	-0.000537
402831.000000	-0.000610
402864.000000	-0.001221
402897.000000	-0.000684
402931.000000	-0.000879
402964.000000	-0.000342
402997.000000	-0.001294
403031.000000	-0.000562
403064.000000	-0.001221
403097.000000	-0.000488
403131.000000	-0.001172
403164.000000	-0.000659
403197.000000	-0.001489
403230.000000	-0.001270
403264.000000	-0.001733
403297.000000	-0.000806
403330.000000	-0.001050
403364.000000	-0.000806
403397.000000	-0.001538
403430.000000	-0.000732
403464.000000	-0.000562
403497.000000	-0.000830
403530.000000	-0.000830
403563.000000	-0.001245
403597.000000	-0.000464
403630.000000	-0.001025
403663.000000	-0.000757
403697.000000	-0.001416
403730.000000	-0.000903
403763.000000	-0.000977
403797.000000	-0.000684
403830.000000	-0.001587
403863.000000	-0.000977
403896.000000	-0.001416
403930.000000	0.000049
403963.000000	-0.001196
403996.000000	-0.000732
404030.000000	-0.001221
404063.000000	-0.000317
404096.000000	-0.000488
404130.000000	-0.000977
404163.000000	-0.000977
404196.000000	-0.000977
404229.000000	-0.000586
404263.000000	-0.001001
404296.000000	-0.000732
404329.000000	-0.001123
404363.000000	-0.000952
404396.000000	-0.001025
404429.000000	-0.000562
404463.000000	-0.001074
404496.000000	-0.000830
404529.000000	-0.001587
404562.000000	-0.000537
404596.000000	-0.001196
404629.000000	-0.000757
404662.000000	-0.001758
404696.000000	-0.000879
404729.000000	-0.000977
404762.000000	-0.000928
404796.000000	-0.001440
404829.000000	-0.001392
404862.000000	-0.000952
404895.000000	-0.000928
404929.000000	-0.001270
404962.000000	-0.001563
404995.000000	-0.001172
405029.000000	-0.001343
405062.000000	-0.000781
405095.000000	-0.001416
405129.000000	-0.001172
405162.000000	-0.001709
405195.000000	-0.000610
405228.000000	-0.001978
405262.000000	-0.001343
405295.000000	-0.001782
405328.000000	-0.000879
405362.000000	-0.001318
405395.000000	-0.001050
405428.000000	-0.001660
405462.000000	-0.000830
405495.000000	-0.001221
405528.000000	-0.000854
405561.000000	-0.001123
405595.000000	-0.001172
405628.000000	-0.001318
405661.000000	-0.001636
405695.000000	-0.000732
405728.000000	-0.001221
405761.000000	-0.001074
405795.000000	-0.001758
405828.000000	-0.000977
405861.000000	-0.001099
405894.000000	-0.000879
405928.000000	-0.001782
405961.000000	-0.001001
405994.000000	-0.001147
406028.000000	-0.000708
406061.000000	-0.001733
406094.000000	-0.002759
406128.000000	-0.001953
406161.000000	-0.000977
406194.000000	-0.001636
406227.000000	-0.001636
406261.000000	-0.001782
406294.000000	-0.001563
406327.000000	-0.001123
406361.000000	-0.001563
406394.000000	-0.001416
406427.000000	-0.001953
406461.000000	-0.001440
406494.000000	-0.001392
406527.000000	-0.001416
406560.000000	-0.001880
406594.000000	-0.001318
406627.000000	-0.001831
406660.000000	-0.001318
406694.000000	-0.002002
406727.000000	-0.001196
406760.000000	-0.002075
406794.000000	-0.001294
406827.000000	-0.001855
406860.000000	-0.001099
406893.000000	-0.001636
406927.000000	-0.001782
406960.000000	-0.001367
406993.000000	-0.001196
407027.000000	-0.001514
407060.000000	-0.002075
407093.000000	-0.001416
407127.000000	-0.001147
407160.000000	-0.001123
407193.000000	-0.001953
407226.000000	-0.001733
407260.000000	-0.002295
407293.000000	-0.001245
407326.000000	-0.001880
407360.000000	-0.001147
407393.000000	-0.002002
407426.000000	-0.001123
407460.000000	-0.001440
407493.000000	-0.000854
407526.000000	-0.001758
407559.000000	-0.001099
407593.000000	-0.001660
407626.000000	-0.000928
407659.000000	-0.001440
407693.000000	-0.001416
407726.000000	-0.001440
407759.000000	-0.001270
407793.000000	-0.001099
407826.000000	-0.001685
407859.000000	-0.001221
407892.000000	-0.001611
407926.000000	-0.001001
407959.000000	-0.001416
407992.000000	-0.000903
408026.000000	-0.001855
408059.000000	-0.001367
408092.000000	-0.001440
408126.000000	-0.000659
408159.000000	-0.001587
408192.000000	-0.001514
408225.000000	-0.002026
408259.000000	-0.000562
408292.000000	-0.001025
408325.000000	-0.000854
408359.000000	-0.001245
408392.000000	-0.000806
408425.000000	-0.000806
408459.000000	-0.001196
408492.000000	-0.000830
408525.000000	-0.001025
408558.000000	-0.000488
408592.000000	-0.000854
408625.000000	-0.000830
408658.000000	-0.001123
408692.000000	-0.000659
408725.000000	-0.001221
408758.000000	-0.000342
408792.000000	-0.001074
408825.000000	-0.000781
408858.000000	-0.001489
408891.000000	-0.000195
408925.000000	-0.001099
408958.000000	-0.000513
408991.000000	-0.001416
409025.000000	-0.000684
409058.000000	-0.000708
409091.000000	-0.000659
409125.000000	-0.000977
409158.000000	-0.001001
409191.000000	-0.000977
409224.000000	-0.000830
409258.000000	-0.000903
409291.000000	-0.001685
409324.000000	-0.001367
409358.000000	-0.000903
409391.000000	-0.000122
409424.000000	-0.001196
409458.000000	-0.000879
409491.000000	-0.001318
409524.000000	-0.000195
409557.000000	-0.000732
409591.000000	-0.000708
409624.000000	-0.001465
409657.000000	-0.000513
409691.000000	-0.000977
409724.000000	-0.000610
409757.000000	-0.001270
409791.000000	-0.000659
409824.000000	-0.001196
409857.000000	-0.000806
409890.000000	-0.000732
409924.000000	-0.001050
409957.000000	-0.000806
409990.000000	-0.001318
410024.000000	-0.000513
410057.000000	-0.001001
410090.000000	-0.000635
410124.000000	-0.001611
410157.000000	-0.000757
410190.000000	-0.000806
410223.000000	-0.000562
410257.000000	-0.001416
410290.000000	-0.001025
410323.000000	-0.001367
410357.000000	-0.000171
410390.000000	-0.001245
410423.000000	-0.000684
410457.000000	-0.001782
410490.000000	-0.001001
410523.000000	-0.000928
410556.000000	-0.001196
410590.000000	-0.001416
410623.000000	-0.001807
410656.000000	-0.000879
410690.000000	-0.001147
410723.000000	-0.001440
410756.000000	-0.001685
410790.000000	-0.000977
410823.000000	-0.001392
410856.000000	-0.001099
410889.000000	-0.001611
410923.000000	-0.000830
410956.000000	-0.001587
410989.000000	-0.000659
411023.000000	-0.001929
411056.000000	-0.000854
411089.000000	-0.001685
411123.000000	-0.001172
411156.000000	-0.001465
411189.000000	-0.000903
411222.000000	-0.001392
411256.000000	-0.001782
411289.000000	-0.002319
411322.000000	-0.001294
411356.000000	-0.000806
411389.000000	-0.001685
411422.000000	-0.001685
411456.000000	-0.001465
411489.000000	-0.000586
411522.000000	-0.001489
411555.000000	-0.001099
411589.000000	-0.001733
411622.000000	-0.000952
411655.000000	-0.001416
411689.000000	-0.001074
411722.000000	-0.001855
411755.000000	-0.001099
411789.000000	-0.001636
411822.000000	-0.000830
411855.000000	-0.001807
411888.000000	-0.001221
411922.000000	-0.001489
411955.000000	-0.001001
411988.000000	-0.001392
412022.000000	-0.001709
412055.000000	-0.001367
412088.000000	-0.001514
412122.000000	-0.000977
412155.000000	-0.001563
412188.000000	-0.001099
412221.000000	-0.001904
412255.000000	-0.001440
412288.000000	-0.001245
412321.000000	-0.000854
412355.000000	-0.001660
412388.000000	-0.001440
412421.000000	-0.001904
412455.000000	-0.000610
412488.000000	-0.001611
412521.000000	-0.001294
412554.000000	-0.002026
412588.000000	-0.000903
412621.000000	-0.000122
412654.000000	-0.000977
412688.000000	-0.001221
412721.000000	-0.001172
412754.000000	-0.000610
412788.000000	-0.000952
412821.000000	-0.001074
412854.000000	-0.001367
412887.000000	-0.000806
412921.000000	-0.001025
412954.000000	-0.000562
412987.000000	-0.001245
413021.000000	-0.000928
413054.000000	-0.001392
413087.000000	-0.000171
413121.000000	-0.001270
413154.000000	-0.000586
413187.000000	-0.001367
413220.000000	-0.000732
413254.000000	-0.001147
413287.000000	-0.001074
413320.000000	-0.001611
413354.000000	-0.001074
413387.000000	-0.001074
413420.000000	-0.000635
413454.000000	-0.001074
413487.000000	-0.000903
413520.000000	-0.000928
413553.000000	-0.000903
413587.000000	-0.000146
413620.000000	-0.001050
413653.000000	-0.000903
413687.000000	-0.001367
413720.000000	-0.000439
413753.000000	-0.000830
413787.000000	-0.000635
413820.000000	-0.001587
413853.000000	-0.000610
413886.000000	-0.000854
413920.000000	-0.000366
413953.000000	-0.001392
413986.000000	-0.000513
414020.000000	-0.001147
414053.000000	-0.000366
414086.000000	-0.000903
414120.000000	-0.000684
414153.000000	-0.000732
414186.000000	-0.000903
414219.000000	-0.000439
414253.000000	-0.001489
414286.000000	-0.001294
414319.000000	-0.001807
414353.000000	-0.000952
414386.000000	-0.001221
414419.000000	-0.000562
414453.000000	-0.000781
414486.000000	-0.000488
414519.000000	-0.000830
414552.000000	-0.000024
414586.000000	-0.000684
414619.000000	-0.000122
414652.000000	-0.001465
414686.000000	-0.000464
414719.000000	-0.000464
414752.000000	0.000024
414786.000000	-0.000952
414819.000000	-0.001343
414852.000000	-0.000635
414885.000000	-0.000464
414919.000000	-0.001099
414952.000000	-0.001196
414985.000000	-0.000610
415019.000000	-0.000635
415052.000000	-0.000488
415085.000000	-0.001123
415119.000000	-0.000391
415152.000000	-0.001074
415185.000000	-0.000269
415218.000000	-0.001099
415252.000000	-0.000366
415285.000000	-0.001636
415318.000000	-0.001489
415352.000000	-0.001294
415385.000000	-0.000024
415418.000000	-0.000928
415452.000000	-0.000732
415485.000000	-0.001318
415518.000000	-0.000098
415551.000000	-0.000317
415585.000000	-0.000732
415618.000000	-0.000830
415651.000000	-0.000781
415685.000000	-0.000195
415718.000000	-0.001001
415751.000000	-0.000806
415785.000000	-0.001196
415818.000000	-0.000488
415851.000000	-0.000659
415884.000000	-0.000488
415918.000000	-0.001123
415951.000000	-0.000732
415984.000000	-0.000952
416018.000000	-0.000122
416051.000000	-0.001123
416084.000000	-0.000537
416118.000000	-0.001294
416151.000000	-0.000366
416184.000000	-0.000854
416217.000000	-0.000806
416251.000000	-0.000854
416284.000000	-0.000806
416317.000000	-0.000488
416351.000000	-0.001001
416384.000000	-0.000854
416417.000000	-0.000903
416451.000000	-0.000684
416484.000000	-0.000928
416517.000000	-0.000391
416550.000000	-0.000977
416584.000000	-0.000806
416617.000000	-0.001538
416650.000000	0.000024
416684.000000	-0.000854
416717.000000	-0.000684
416750.000000	-0.001660
416784.000000	-0.000537
416817.000000	-0.000781
416850.000000	-0.000586
416883.000000	-0.001440
416917.000000	-0.000903
416950.000000	-0.000830
416983.000000	-0.000293
417017.000000	-0.000513
417050.000000	-0.000757
417083.000000	-0.000439
417117.000000	-0.000537
417150.000000	-0.000317
417183.000000	-0.000708
417216.000000	-0.000415
417250.000000	-0.000977
417283.000000	-0.000537
417316.000000	-0.001392
417350.000000	-0.000366
417383.000000	-0.001123
417416.000000	-0.000391
417450.000000	-0.000708
417483.000000	-0.000317
417516.000000	-0.000928
417549.000000	-0.000171
417583.000000	-0.000928
417616.000000	-0.000122
417649.000000	-0.000610
417683.000000	-0.000537
417716.000000	-0.000659
417749.000000	-0.001099
417783.000000	-0.000146
417816.000000	-0.000439
417849.000000	-0.000757
417882.000000	-0.001465
417916.000000	-0.000293
417949.000000	-0.000488
417982.000000	-0.000513
418016.000000	-0.001245
418049.000000	-0.000537
418082.000000	-0.000684
418116.000000	-0.000171
418149.000000	-0.001392
418182.000000	-0.000366
418215.000000	-0.001074
418249.000000	-0.000220
418282.000000	-0.001123
418315.000000	-0.000293
418349.000000	-0.000732
418382.000000	-0.000586
418415.000000	-0.000464
418449.000000	-0.000537
418482.000000	-0.000537
418515.000000	-0.000903
418548.000000	-0.000659
418582.000000	-0.000415
418615.000000	-0.000415
418648.000000	-0.001074
418682.000000	-0.000610
418715.000000	-0.001172
418748.000000	-0.000195
418782.000000	-0.001001
418815.000000	-0.000464
418848.000000	-0.001367
418881.000000	-0.000342
418915.000000	-0.000757
418948.000000	-0.000146
418981.000000	-0.001270
419015.000000	-0.000854
419048.000000	-0.000757
419081.000000	-0.000171
419115.000000	-0.000708
419148.000000	-0.001343
419181.000000	-0.001270
419214.000000	-0.000781
419248.000000	-0.000952
419281.000000	-0.001831
419314.000000	-0.001587
419348.000000	-0.002173
419381.000000	-0.000830
419414.000000	-0.001343
419448.000000	-0.000903
419481.000000	-0.001489
419514.000000	-0.000903
419547.000000	-0.001196
419581.000000	-0.000586
419614.000000	-0.001367
419647.000000	-0.000977
419681.000000	-0.001611
419714.000000	-0.000439
419747.000000	-0.001245
419781.000000	-0.001050
419814.000000	-0.001489
419847.000000	-0.001172
419880.000000	-0.000757
419914.000000	-0.001196
419947.000000	-0.001172
419980.000000	-0.001489
420014.000000	-0.000757
420047.000000	-0.001440
420080.000000	-0.000903
420114.000000	-0.001587
420147.000000	-0.001099
420180.000000	-0.001123
420213.000000	-0.000537
420247.000000	-0.001685
420280.000000	-0.001221
420313.000000	-0.001782
420347.000000	-0.000220
420380.000000	-0.001563
420413.000000	-0.001025
420447.000000	-0.001758
420480.000000	-0.000708
420513.000000	-0.000757
420546.000000	-0.001147
420580.000000	-0.001221
420613.000000	-0.001172
420646.000000	-0.001147
420680.000000	-0.001196
420713.000000	-0.000928
420746.000000	-0.001147
420780.000000	-0.001221
420813.000000	-0.001440
420846.000000	-0.000635
420879.000000	-0.001245
420913.000000	-0.000854
420946.000000	-0.001758
420979.000000	-0.000610
421013.000000	-0.001172
421046.000000	-0.000854
421079.000000	-0.001733
421113.000000	-0.000830
421146.000000	-0.000977
421179.000000	-0.000879
421212.000000	-0.001318
421246.000000	-0.001270
421279.000000	-0.001294
421312.000000	-0.000879
421346.000000	-0.001123
421379.000000	-0.001733
421412.000000	-0.000903
421446.000000	-0.000537
421479.000000	-0.000146
421512.000000	-0.000781
421545.000000	-0.000244
421579.000000	-0.000977
421612.000000	0.000024
421645.000000	-0.000610
421679.000000	-0.000317
421712.000000	-0.000854
421745.000000	-0.000220
421779.000000	-0.000928
421812.000000	-0.000220
421845.000000	-0.000903
421878.000000	-0.000220
421912.000000	-0.000806
421945.000000	-0.000537
421978.000000	-0.000439
422012.000000	-0.000391
422045.000000	-0.000513
422078.000000	-0.001123
422112.000000	0.000000
422145.000000	-0.000537
422178.000000	-0.000635
422211.000000	-0.001025
422245.000000	-0.000391
422278.000000	-0.000391
422311.000000	-0.000171
422345.000000	-0.001172
422378.000000	-0.000488
422411.000000	-0.000854
422445.000000	0.000317
422478.000000	-0.001001
422511.000000	-0.000293
422544.000000	-0.001050
422578.000000	-0.000146
422611.000000	-0.000488
422644.000000	-0.000439
422678.000000	-0.000684
422711.000000	-0.000586
422744.000000	-0.000586
422778.000000	-0.000562
422811.000000	-0.000439
422844.000000	-0.000830
422877.000000	-0.000415
422911.000000	-0.000635
422944.000000	-0.000269
422977.000000	-0.000708
423011.000000	-0.000195
423044.000000	-0.001025
423077.000000	0.000000
423111.000000	-0.000830
423144.000000	-0.000220
423177.000000	-0.001050
423210.000000	-0.000439
423244.000000	-0.000586
423277.000000	-0.000073
423310.000000	-0.001025
423344.000000	-0.001440
423377.000000	-0.001440
423410.000000	-0.000488
423444.000000	-0.000732
423477.000000	-0.000854
423510.000000	-0.001099
423543.000000	-0.000879
423577.000000	-0.000195
423610.000000	-0.001099
423643.000000	-0.000854
423677.000000	-0.001318
423710.000000	-0.000537
423743.000000	-0.001172
423777.000000	-0.000830
423810.000000	-0.001514
423843.000000	-0.000854
423876.000000	-0.001196
423910.000000	-0.000732
423943.000000	-0.001392
423976.000000	-0.000854
424010.000000	-0.001611
424043.000000	-0.000635
424076.000000	-0.001123
424110.000000	-0.001099
424143.000000	-0.001196
424176.000000	-0.001538
424209.000000	-0.000903
424243.000000	-0.001367
424276.000000	-0.000928
424309.000000	-0.001685
424343.000000	-0.001416
424376.000000	-0.001440
424409.000000	-0.000830
424443.000000	-0.001782
424476.000000	-0.001465
424509.000000	-0.001782
424542.000000	-0.000488
424576.000000	-0.001758
424609.000000	-0.001538
424642.000000	-0.001953
424676.000000	-0.000708
424709.000000	-0.001538
424742.000000	-0.001563
424776.000000	-0.001978
424809.000000	-0.001465
424842.000000	-0.001245
424875.000000	-0.001563
424909.000000	-0.001636
424942.000000	-0.001758
424975.000000	-0.001489
425009.000000	-0.001880
425042.000000	-0.001294
425075.000000	-0.001733
425109.000000	-0.001563
425142.000000	-0.002271
425175.000000	-0.000903
425208.000000	-0.001880
425242.000000	-0.001270
425275.000000	-0.002344
425308.000000	-0.001733
425342.000000	-0.002148
425375.000000	-0.001636
425408.000000	-0.002026
425442.000000	-0.001416
425475.000000	-0.002075
425508.000000	-0.001318
425541.000000	-0.001440
425575.000000	-0.001611
425608.000000	-0.001636
425641.000000	-0.001563
425675.000000	-0.000757
425708.000000	-0.001294
425741.000000	-0.001172
425775.000000	-0.001563
425808.000000	-0.000439
425841.000000	-0.001343
425874.000000	-0.001123
425908.000000	-0.001709
425941.000000	-0.000781
425974.000000	-0.001074
426008.000000	-0.001099
426041.000000	-0.001758
426074.000000	-0.000806
426108.000000	-0.001660
426141.000000	-0.000562
426174.000000	-0.001489
426207.000000	-0.000928
426241.000000	-0.001270
426274.000000	-0.001343
426307.000000	-0.000854
426341.000000	-0.001050
426374.000000	-0.001050
426407.000000	-0.001636
426441.000000	-0.001074
426474.000000	-0.001001
426507.000000	-0.000732
426540.000000	-0.001465
426574.000000	-0.000903
426607.000000	-0.001099
426640.000000	-0.000806
426674.000000	-0.001538
426707.000000	-0.000903
426740.000000	-0.001440
426774.000000	-0.000488
426807.000000	-0.001392
426840.000000	-0.000757
426873.000000	-0.001538
426907.000000	-0.000977
426940.000000	-0.000684
426973.000000	-0.000757
427007.000000	-0.001123
427040.000000	-0.001392
427073.000000	-0.000903
427107.000000	-0.000684
427140.000000	-0.000757
427173.000000	-0.001440
427206.000000	-0.000854
427240.000000	-0.001318
427273.000000	-0.000610
427306.000000	-0.001270
427340.000000	-0.000562
427373.000000	-0.001855
427406.000000	-0.001855
427440.000000	-0.001929
427473.000000	-0.000537
427506.000000	-0.001074
427539.000000	-0.000952
427573.000000	-0.001196
427606.000000	-0.000781
427639.000000	-0.001392
427673.000000	-0.001318
427706.000000	-0.000977
427739.000000	-0.000684
427773.000000	-0.000708
427806.000000	-0.001416
427839.000000	-0.001294
427872.000000	-0.001563
427906.000000	-0.000757
427939.000000	-0.001465
427972.000000	-0.001099
428006.000000	-0.001807
428039.000000	-0.001221
428072.000000	-0.001538
428106.000000	-0.000684
428139.000000	-0.001611
428172.000000	-0.001074
428205.000000	-0.001807
428239.000000	-0.000464
428272.000000	-0.001514
428305.000000	-0.001099
428339.000000	-0.001636
428372.000000	-0.001294
428405.000000	-0.001099
428439.000000	-0.001392
428472.000000	-0.001172
428505.000000	-0.001367
428538.000000	-0.001318
428572.000000	-0.001099
428605.000000	-0.000879
428638.000000	-0.001465
428672.000000	-0.001392
428705.000000	-0.001538
428738.000000	-0.000488
428772.000000	-0.001392
428805.000000	-0.001343
428838.000000	-0.002051
428871.000000	-0.000488
428905.000000	-0.001147
428938.000000	-0.001123
428971.000000	-0.001953
429005.000000	-0.000952
429038.000000	-0.001025
429071.000000	-0.001147
429105.000000	-0.001636
429138.000000	-0.001245
429171.000000	-0.001196
429204.000000	-0.001294
429238.000000	-0.001147
429271.000000	-0.001270
429304.000000	-0.001074
429338.000000	-0.001685
429371.000000	-0.000781
429404.000000	-0.001953
429438.000000	-0.001904
429471.000000	-0.002246
429504.000000	-0.000830
429537.000000	-0.001074
429571.000000	-0.001099
429604.000000	-0.001611
429637.000000	-0.000806
429671.000000	-0.001392
429704.000000	-0.000635
429737.000000	-0.001538
429771.000000	-0.001123
429804.000000	-0.001489
429837.000000	-0.001245
429870.000000	-0.000854
429904.000000	-0.001221
429937.000000	-0.001440
429970.000000	-0.001807
430004.000000	-0.000757
430037.000000	-0.000879
430070.000000	-0.000684
430104.000000	-0.001416
430137.000000	-0.000635
430170.000000	-0.000684
430203.000000	-0.000562
430237.000000	-0.001440
430270.000000	-0.000562
430303.000000	-0.001123
430337.000000	-0.000391
430370.000000	-0.001367
430403.000000	-0.000610
430437.000000	-0.001172
430470.000000	-0.000781
430503.000000	-0.000952
430536.000000	-0.000952
430570.000000	-0.001099
430603.000000	-0.001099
430636.000000	-0.000757
430670.000000	-0.000635
430703.000000	-0.000659
430736.000000	-0.001172
430770.000000	-0.000757
430803.000000	-0.000830
430836.000000	-0.000439
430869.000000	-0.001050
430903.000000	-0.000684
430936.000000	-0.001318
430969.000000	-0.000293
431003.000000	-0.000928
431036.000000	-0.000488
431069.000000	-0.001807
431103.000000	-0.000757
431136.000000	-0.000708
431169.000000	-0.000439
431202.000000	-0.001099
431236.000000	-0.001147
431269.000000	-0.000952
431302.000000	-0.000659
431336.000000	-0.000781
431369.000000	-0.001294
431402.000000	-0.001025
431436.000000	-0.001855
431469.000000	-0.001343
431502.000000	-0.001587
431535.000000	-0.000610
431569.000000	-0.001343
431602.000000	-0.000708
431635.000000	-0.001123
431669.000000	-0.000415
431702.000000	-0.001050
431735.000000	-0.000684
431769.000000	-0.001221
431802.000000	-0.000244
431835.000000	-0.001318
431868.000000	-0.001025
431902.000000	-0.001465
431935.000000	-0.000562
431968.000000	-0.000659
432002.000000	-0.000977
432035.000000	-0.001196
432068.000000	-0.001318
432102.000000	-0.000366
432135.000000	-0.001147
432168.000000	-0.000952
432201.000000	-0.001904
432235.000000	-0.001270
432268.000000	-0.001343
432301.000000	-0.001025
432335.000000	-0.001904
432368.000000	-0.001636
432401.000000	-0.002222
432435.000000	-0.000732
432468.000000	-0.002002
432501.000000	-0.001196
432534.000000	-0.001782
432568.000000	-0.000659
432601.000000	-0.001685
432634.000000	-0.001367
432668.000000	-0.001440
432701.000000	-0.001489
432734.000000	-0.001294
432768.000000	-0.001392
432801.000000	-0.001245
432834.000000	-0.001685
432867.000000	-0.001440
432901.000000	-0.001440
432934.000000	-0.001050
432967.000000	-0.001611
433001.000000	-0.001514
433034.000000	-0.002075
433067.000000	-0.000708
433101.000000	-0.001440
433134.000000	-0.001196
433167.000000	-0.002100
433200.000000	-0.001099
433234.000000	-0.001392
433267.000000	-0.001221
433300.000000	-0.001831
433334.000000	-0.001367
433367.000000	-0.001221
433400.000000	-0.001294
433434.000000	-0.002075
433467.000000	-0.002246
433500.000000	-0.001392
433533.000000	-0.001245
433567.000000	-0.001147
433600.000000	-0.001782
433633.000000	-0.001172
433667.000000	-0.001514
433700.000000	-0.000684
433733.000000	-0.001514
433767.000000	-0.001050
433800.000000	-0.001685
433833.000000	-0.001099
433866.000000	-0.001392
433900.000000	-0.000830
433933.000000	-0.001660
433966.000000	-0.001050
434000.000000	-0.001855
434033.000000	-0.000806
434066.000000	-0.001147
434100.000000	-0.001025
434133.000000	-0.001489
434166.000000	-0.001440
434199.000000	-0.000586
434233.000000	-0.001074
434266.000000	-0.000928
434299.000000	-0.001709
434333.000000	-0.000952
434366.000000	-0.000537
434399.000000	-0.000391
434433.000000	-0.001270
434466.000000	-0.000366
434499.000000	-0.000659
434532.000000	-0.000098
434566.000000	-0.001001
434599.000000	-0.000073
434632.000000	-0.000830
434666.000000	0.000073
434699.000000	-0.000757
434732.000000	-0.000220
434766.000000	-0.000635
434799.000000	-0.000464
434832.000000	-0.000244
434865.000000	-0.000391
434899.000000	-0.000317
434932.000000	-0.000757
434965.000000	-0.000342
434999.000000	-0.000269
435032.000000	0.000000
435065.000000	-0.000586
435099.000000	-0.000244
435132.000000	-0.000879
435165.000000	0.000293
435198.000000	-0.000537
435232.000000	0.000049
435265.000000	-0.000952
435298.000000	-0.000122
435332.000000	-0.000415
435398.000000	-0.000830
435432.000000	-0.000977
435465.000000	-0.000928
435498.000000	0.000000
435531.000000	-0.000342
435565.000000	-0.000610
435598.000000	-0.000439
435631.000000	0.000024
435665.000000	0.000073
435698.000000	-0.000659
435731.000000	-0.000220
435765.000000	-0.000513
435798.000000	0.000098
435831.000000	-0.000562
435864.000000	-0.000171
435898.000000	-0.000732
435931.000000	-0.000220
435964.000000	-0.000513
435998.000000	0.000073
436031.000000	-0.000659
436064.000000	-0.000317
436098.000000	-0.001123
436131.000000	0.000244
436164.000000	-0.000464
436197.000000	-0.000269
436231.000000	-0.000732
436264.000000	-0.000610
436297.000000	-0.000098
436331.000000	-0.000610
436364.000000	-0.000488
436397.000000	-0.000879
436431.000000	-0.000708
436464.000000	-0.001025
436497.000000	-0.000610
436530.000000	-0.001318
436564.000000	-0.000806
436597.000000	-0.001050
436630.000000	-0.000024
436664.000000	-0.001172
436697.000000	-0.000757
436730.000000	-0.001294
436764.000000	-0.000195
436797.000000	-0.001123
436830.000000	-0.000806
436863.000000	-0.001514
436897.000000	-0.000757
436930.000000	-0.000708
436963.000000	-0.000977
436997.000000	-0.000952
437030.000000	-0.000952
437063.000000	-0.001001
437097.000000	-0.001074
437130.000000	-0.000684
437163.000000	-0.001099
437196.000000	-0.000806
437230.000000	-0.001563
437263.000000	-0.000342
437296.000000	-0.001245
437330.000000	-0.000830
437363.000000	-0.001660
437396.000000	-0.000854
437430.000000	-0.001538
437463.000000	-0.001367
437496.000000	-0.001636
437529.000000	-0.000464
437563.000000	-0.001440
437596.000000	-0.000317
437629.000000	-0.000952
437663.000000	-0.000928
437696.000000	-0.001050
437729.000000	-0.000830
437763.000000	-0.000562
437796.000000	-0.001001
437829.000000	-0.001147
437862.000000	-0.001587
437896.000000	-0.000586
437929.000000	-0.001123
437962.000000	-0.001001
437996.000000	-0.001465
438029.000000	-0.000684
438062.000000	-0.001172
438096.000000	-0.001050
438129.000000	-0.001440
438162.000000	-0.000659
438195.000000	-0.001587
438229.000000	-0.000732
438262.000000	-0.001514
438295.000000	-0.000537
438329.000000	-0.001440
438362.000000	-0.001367
438395.000000	-0.000806
438429.000000	-0.001123
438462.000000	-0.001416
438495.000000	-0.001685
438528.000000	-0.000977
438562.000000	-0.000757
438595.000000	-0.000806
438628.000000	-0.001660
438662.000000	-0.001099
438695.000000	-0.001074
438728.000000	-0.000098
438762.000000	-0.001074
438795.000000	-0.000635
438828.000000	-0.001123
438861.000000	-0.000269
438895.000000	-0.000952
438928.000000	-0.000342
438961.000000	-0.001172
438995.000000	-0.000513
439028.000000	-0.000684
439061.000000	-0.000391
439095.000000	-0.000781
439128.000000	-0.000879
439161.000000	-0.000635
439194.000000	-0.000317
439228.000000	-0.000586
439261.000000	-0.001099
439294.000000	-0.000586
439328.000000	-0.001025
439361.000000	-0.000220
439394.000000	-0.000879
439428.000000	-0.000903
439461.000000	-0.001978
439494.000000	-0.000928
439527.000000	-0.000830
439561.000000	-0.000098
439594.000000	-0.001123
439627.000000	-0.000659
439661.000000	-0.000928
439694.000000	0.000391
439727.000000	-0.000684
439761.000000	-0.000684
439794.000000	-0.000977