0.000000	132.362608
0.000000	276.473633
0.000000	280.636619
0.010373	276.129429
0.135057	193.965780
0.425947	79.693954
0.748057	40.431053
1.101298	25.087299
1.458013	17.963740
1.818068	15.464149
2.183931	12.873532
2.557794	10.821514
2.919828	9.190854
3.303342	8.111857
3.667299	7.242816
4.043203	6.555328
4.420935	6.050874
4.789312	5.692681
5.173288	5.302482
5.547706	4.879071
5.921709	4.578359
6.302002	4.337610
6.674374	4.001552
7.054101	3.846829
7.436035	3.680055
7.811082	3.568782
8.186809	3.460746
8.564053	3.285493
8.944897	3.193054
9.329346	3.065507
9.703291	2.950722
10.085756	2.858587
10.471617	2.774993
10.836145	2.707158
11.225872	2.618950
11.594706	2.504495
11.986037	2.427931
12.362954	2.347436
12.736868	2.313190
13.121577	2.226953
13.495283	2.205021
13.882210	2.184500
14.264145	2.132349
14.637976	2.085220
14.637472	2.088829
14.630849	2.025342
14.627665	2.018215
14.627660	2.012540
14.624226	2.018088
14.617447	2.030231