0.000000	81.737405
0.000000	96.470687
0.000000	97.777633
0.000000	98.152912
0.000000	97.713171
0.000000	96.764976
0.000000	97.120925
0.000005	96.061333
0.040673	96.178085
0.290891	94.728443
0.645705	88.968102
1.028757	81.441520
1.423293	74.347262
1.819242	67.578309
2.229186	61.413235
2.639311	56.166075
3.054386	50.706737
3.469914	46.351036
3.877675	43.247742
4.290657	39.536722
4.713223	37.431931
5.132148	35.215939
5.548615	33.924425
5.963265	32.504041
6.388287	30.584966
6.804771	28.648412
7.230058	27.153741
7.635888	25.596586
8.061835	24.395449
8.487777	23.446256
8.905549	22.821675
9.331247	21.888392
9.744847	21.008491
10.167106	20.366889
10.593927	19.736886
11.012301	19.197148
11.438248	18.579470
11.853807	18.147573
12.273313	17.576389
12.695541	17.005244
13.124023	16.487943
13.547296	16.204617
13.963924	15.885610
14.388812	15.403838
14.637358	15.117247
14.631857	15.067735
14.627691	15.023287
14.627654	15.047163
14.624101	14.993354
14.617286	14.931907
