4.550885	6.951158
4.799701	6.628240
5.049036	5.993035
5.298371	5.789017
5.558095	5.488565
5.807430	5.319851
6.056765	5.332414
6.306100	5.207871
6.556604	5.011326
6.804771	4.751390
7.057996	4.624103
7.313180	4.492859
7.562136	4.456280
7.812505	4.307154
8.061840	4.222161
8.312386	4.054324
8.570863	3.976369
8.830608	3.869955
9.080135	3.738952
9.337870	3.688479
9.580146	3.594456
9.838348	3.533183
10.087683	3.420418
10.337402	3.337424
10.596597	3.288113
10.845849	3.227557
11.095417	3.134329
11.350124	3.197783
11.604082	3.131532
11.853843	3.055454
12.113531	2.979346
12.371390	2.920764
12.622590	2.880955
12.871925	2.815576
13.129130	2.770724
13.380942	2.742772
13.630340	2.694903
13.889976	2.664576
14.139378	2.615537
14.390360	2.580889
14.629145	2.530304
14.628792	2.523782
14.627701	2.539824
14.627660	2.540395
14.627660	2.549580
14.626969	2.546938
14.619572	2.546487
14.617297	2.548094
14.617271	2.569419
14.617255	2.597708
