26.067400	 -0.043945
26.072400	 -0.044189
26.077400	 -0.045166
26.082400	 -0.048828
26.087400	 -0.046143
26.092400	 -0.047607
26.097400	 -0.050049
26.102400	 -0.047119
26.107400	 -0.049072
26.112400	 -0.051758
26.117400	 -0.050049
26.122400	 -0.050293
26.127400	 -0.053223
26.132400	 -0.052002
26.137400	 -0.052002
26.142400	 -0.053711
26.147400	 -0.054932
26.152400	 -0.054443
26.157400	 -0.055420
26.162400	 -0.056396
26.167400	 -0.057129
26.172400	 -0.058594
26.177400	 -0.058350
26.182400	 -0.058105
26.187400	 -0.059570
26.192400	 -0.059814
26.197400	 -0.059570
26.202400	 -0.059570
26.207400	 -0.063477
26.212400	 -0.062012
26.217400	 -0.062500
26.222400	 -0.062744
26.227400	 -0.064209
26.232400	 -0.064453
26.237400	 -0.065674
26.242400	 -0.063965
26.247400	 -0.066406
26.252400	 -0.068359
26.257400	 -0.068115
26.262400	 -0.068359
26.267400	 -0.068604
26.272400	 -0.070312
26.277400	 -0.069580
26.282400	 -0.071045
26.287400	 -0.070801
26.292400	 -0.072021
26.297400	 -0.071289
26.302400	 -0.072754
26.307400	 -0.072998
26.312400	 -0.074463
26.317400	 -0.072998
26.322400	 -0.076416
26.327400	 -0.074951
26.332400	 -0.076172
26.337400	 -0.077393
26.342400	 -0.076172
26.347400	 -0.078125
26.352400	 -0.080322
26.357400	 -0.077148
26.362400	 -0.081055
26.367400	 -0.079346
26.372400	 -0.080078
26.377400	 -0.080811
26.382400	 -0.080811
26.387400	 -0.081299
26.392400	 -0.082031
26.397400	 -0.081543
26.402400	 -0.081787
26.407400	 -0.083252
26.412400	 -0.083984
26.417400	 -0.084473
26.422400	 -0.082764
26.427400	 -0.085693
26.432400	 -0.084717
26.437400	 -0.084961
26.442400	 -0.085205
26.447400	 -0.085693
26.452400	 -0.084229
26.457400	 -0.087891
26.462400	 -0.084473
26.467400	 -0.086426
26.472400	 -0.086914
26.477400	 -0.087402
26.482400	 -0.087158
26.487400	 -0.087646
26.492400	 -0.087402
26.497400	 -0.087646
26.502400	 -0.087158
26.507400	 -0.087402
26.512400	 -0.085937
26.517400	 -0.089111
26.522400	 -0.087158
26.527400	 -0.087646
26.532400	 -0.088135
26.537400	 -0.088867
26.542400	 -0.086914
26.547400	 -0.091064
26.552400	 -0.086914
26.557400	 -0.087891
26.562400	 -0.088623
26.567400	 -0.087402
26.572400	 -0.085693
26.577400	 -0.090576
26.582400	 -0.087158
26.587400	 -0.087646
26.592400	 -0.087891
26.597400	 -0.087646
26.602400	 -0.086426
26.607400	 -0.088623
26.612400	 -0.087402
26.617400	 -0.087891
26.622400	 -0.086670
26.627400	 -0.086426
26.632400	 -0.086182
26.637400	 -0.086670
26.642400	 -0.085937
26.647400	 -0.085693
26.652400	 -0.086670
26.657400	 -0.086914
26.662400	 -0.083008
26.667400	 -0.085449
26.672400	 -0.085205
26.677400	 -0.082764
26.682400	 -0.086914
26.687400	 -0.083008
26.692400	 -0.084229
26.697400	 -0.082764
26.702400	 -0.081787
26.707400	 -0.082520
26.712400	 -0.082031
26.717400	 -0.080811
26.722400	 -0.082520
26.727400	 -0.079346
26.732400	 -0.079590
26.737400	 -0.079590
26.742400	 -0.080322
26.747400	 -0.077637
26.752400	 -0.078369
26.757400	 -0.076172
26.762400	 -0.079102
26.767400	 -0.075684
26.772400	 -0.074951
26.777400	 -0.075684
26.782400	 -0.075195
26.787400	 -0.074219
26.792400	 -0.074707
26.797400	 -0.072510
26.802400	 -0.071777
26.807400	 -0.072266
26.812400	 -0.072754
26.817400	 -0.070312
26.822400	 -0.068359
26.827400	 -0.068848
26.832400	 -0.068359
26.837400	 -0.067139
26.842400	 -0.066406
26.847400	 -0.065918
26.852400	 -0.064941
26.857400	 -0.063232
26.862400	 -0.064697
26.867400	 -0.062012
26.872400	 -0.061035
26.877400	 -0.062012
26.882400	 -0.058350
26.887400	 -0.060059
26.892400	 -0.056396
26.897400	 -0.057129
26.902400	 -0.054687
26.907400	 -0.054199
26.912400	 -0.053223
26.917400	 -0.052246
26.922400	 -0.050781
26.927400	 -0.049561
26.932400	 -0.048340
26.937400	 -0.046387
26.942400	 -0.045166
26.947400	 -0.045654
26.952400	 -0.042480
26.957400	 -0.041016
26.962400	 -0.040527
26.967400	 -0.037842
26.972400	 -0.037842
26.977400	 -0.037109
26.982400	 -0.035156
26.987400	 -0.036377
26.992400	 -0.034424
26.997400	 -0.035889
27.002400	 -0.035156
27.007400	 -0.034668
27.012400	 -0.034668
27.017400	 -0.039062
27.022400	 -0.037598
27.027400	 -0.038330
27.032400	 -0.041748
27.037400	 -0.040771
27.042400	 -0.043701
27.047400	 -0.041016
27.052400	 -0.042480
27.057400	 -0.042480
27.062400	 -0.043945
27.067400	 -0.042725
27.072400	 -0.045410
27.077400	 -0.046143
27.082400	 -0.045898
27.087400	 -0.048096
27.092400	 -0.047852
27.097400	 -0.046631
27.102400	 -0.050049
27.107400	 -0.048340
27.112400	 -0.051025
27.117400	 -0.049561
27.122400	 -0.050537
27.127400	 -0.054199
27.132400	 -0.052734
27.137400	 -0.052002
27.142400	 -0.053223
27.147400	 -0.055664
27.152400	 -0.054932
27.157400	 -0.054687
27.162400	 -0.057129
27.167400	 -0.055664
27.172400	 -0.057617
27.177400	 -0.058838
27.182400	 -0.057861
27.187400	 -0.058838
27.192400	 -0.058838
27.197400	 -0.058594
27.202400	 -0.061279
27.207400	 -0.061279
27.212400	 -0.060059
27.217400	 -0.063477
27.222400	 -0.062256
27.227400	 -0.062744
27.232400	 -0.064209
27.237400	 -0.064941
27.242400	 -0.065186
27.247400	 -0.066895
27.252400	 -0.065430
27.257400	 -0.068848
27.262400	 -0.065674
27.267400	 -0.069336
27.272400	 -0.070557
27.277400	 -0.067383
27.282400	 -0.072266
27.287400	 -0.070801
27.292400	 -0.069580
27.297400	 -0.072266
27.302400	 -0.073730
27.307400	 -0.071533
27.312400	 -0.074463
27.317400	 -0.073975
27.322400	 -0.074463
27.327400	 -0.076172
27.332400	 -0.075195
27.337400	 -0.074951
27.342400	 -0.079102
27.347400	 -0.076416
27.352400	 -0.076904
27.357400	 -0.079346
27.362400	 -0.080322
27.367400	 -0.078857
27.372400	 -0.081055
27.377400	 -0.080811
27.382400	 -0.079102
27.387400	 -0.080322
27.392400	 -0.083252
27.397400	 -0.082520
27.402400	 -0.083008
27.407400	 -0.082275
27.412400	 -0.083496
27.417400	 -0.083984
27.422400	 -0.085449
27.427400	 -0.083496
27.432400	 -0.083984
27.437400	 -0.085205
27.442400	 -0.086426
27.447400	 -0.085205
27.452400	 -0.085937
27.457400	 -0.085449
27.462400	 -0.085449
27.467400	 -0.086426
27.472400	 -0.088623
27.477400	 -0.085449
27.482400	 -0.087402
27.487400	 -0.087891
27.492400	 -0.087158
27.497400	 -0.085449
27.502400	 -0.087158
27.507400	 -0.089600
27.512400	 -0.086426
27.517400	 -0.087891
27.522400	 -0.085449
27.527400	 -0.089355
27.532400	 -0.084717
27.537400	 -0.089111
27.542400	 -0.087158
27.547400	 -0.086670
27.552400	 -0.089111
27.557400	 -0.087646
27.562400	 -0.086670
27.567400	 -0.085937
27.572400	 -0.088135
27.577400	 -0.086914
27.582400	 -0.086182
27.587400	 -0.087646
27.592400	 -0.087158
27.597400	 -0.088379
27.602400	 -0.085205
27.607400	 -0.088623
27.612400	 -0.086182
27.617400	 -0.088135
27.622400	 -0.085449
27.627400	 -0.087402
27.632400	 -0.085205
27.637400	 -0.087646
27.642400	 -0.083252
27.647400	 -0.086670
27.652400	 -0.085205
27.657400	 -0.086670
27.662400	 -0.082031
27.667400	 -0.087646
27.672400	 -0.083252
27.677400	 -0.083252
27.682400	 -0.085205
27.687400	 -0.081055
27.692400	 -0.081543
27.697400	 -0.083984
27.702400	 -0.080811
27.707400	 -0.080322
27.712400	 -0.082764
27.717400	 -0.080566
27.722400	 -0.079834
27.727400	 -0.080078
27.732400	 -0.080322
27.737400	 -0.077393
27.742400	 -0.079590
27.747400	 -0.076904
27.752400	 -0.078857
27.757400	 -0.076904
27.762400	 -0.075439
27.767400	 -0.076416
27.772400	 -0.076172
27.777400	 -0.072754
27.782400	 -0.075684
27.787400	 -0.072266
27.792400	 -0.073242
27.797400	 -0.072266
27.802400	 -0.072998
27.807400	 -0.069824
27.812400	 -0.071533
27.817400	 -0.070312
27.822400	 -0.067139
27.827400	 -0.068115
27.832400	 -0.069092
27.837400	 -0.065430
27.842400	 -0.065186
27.847400	 -0.064697
27.852400	 -0.063965
27.857400	 -0.063965
27.862400	 -0.061768
27.867400	 -0.060059
27.872400	 -0.061768
27.877400	 -0.058594
27.882400	 -0.059814
27.887400	 -0.058350
27.892400	 -0.054932
27.897400	 -0.057861
27.902400	 -0.054443
27.907400	 -0.052490
27.912400	 -0.051514
27.917400	 -0.052490
27.922400	 -0.049316
27.927400	 -0.047119
27.932400	 -0.046143
27.937400	 -0.046143
27.942400	 -0.042480
27.947400	 -0.042969
27.952400	 -0.041260
27.957400	 -0.040283
27.962400	 -0.038330
27.967400	 -0.038086
27.972400	 -0.036621
27.977400	 -0.036621
27.982400	 -0.034180
27.987400	 -0.035156
27.992400	 -0.036133
27.997400	 -0.035400
28.002400	 -0.035400
28.007400	 -0.034668
28.012400	 -0.037354
28.017400	 -0.038574
28.022400	 -0.035889
28.027400	 -0.039307
28.032400	 -0.042480
28.037400	 -0.040039
28.042400	 -0.042725
28.047400	 -0.041992
28.052400	 -0.043701
28.057400	 -0.042480
28.062400	 -0.042969
28.067400	 -0.045410
28.072400	 -0.045654
28.077400	 -0.045166
28.082400	 -0.045898
28.087400	 -0.046631
28.092400	 -0.048584
28.097400	 -0.049072
28.102400	 -0.047119
28.107400	 -0.050781
28.112400	 -0.051025
28.117400	 -0.049072
28.122400	 -0.052246
28.127400	 -0.051758
28.132400	 -0.054199
28.137400	 -0.053467
28.142400	 -0.053955
28.147400	 -0.053467
28.152400	 -0.056885
28.157400	 -0.055664
28.162400	 -0.055420
28.167400	 -0.058105
28.172400	 -0.056885
28.177400	 -0.057617
28.182400	 -0.059570
28.187400	 -0.058594
28.192400	 -0.059082
28.197400	 -0.062012
28.202400	 -0.060791
28.207400	 -0.061279
28.212400	 -0.062012
28.217400	 -0.062256
28.222400	 -0.062256
28.227400	 -0.065918
28.232400	 -0.063721
28.237400	 -0.064453
28.242400	 -0.066162
28.247400	 -0.066406
28.252400	 -0.066162
28.257400	 -0.067871
28.262400	 -0.067383
28.267400	 -0.069336
28.272400	 -0.069336
28.277400	 -0.068604
28.282400	 -0.071777
28.287400	 -0.071045
28.292400	 -0.070068
28.297400	 -0.073242
28.302400	 -0.072510
28.307400	 -0.073975
28.312400	 -0.074463
28.317400	 -0.075439
28.322400	 -0.073730
28.327400	 -0.076416
28.332400	 -0.077393
28.337400	 -0.075928
28.342400	 -0.078613
28.347400	 -0.077881
28.352400	 -0.077881
28.357400	 -0.079346
28.362400	 -0.080566
28.367400	 -0.078857
28.372400	 -0.081543
28.377400	 -0.079590
28.382400	 -0.081299
28.387400	 -0.080566
28.392400	 -0.083740
28.397400	 -0.081055
28.402400	 -0.083740
28.407400	 -0.083496
28.412400	 -0.084473
28.417400	 -0.083008
28.422400	 -0.085205
28.427400	 -0.083740
28.432400	 -0.085937
28.437400	 -0.084961
28.442400	 -0.086426
28.447400	 -0.084961
28.452400	 -0.086426
28.457400	 -0.085693
28.462400	 -0.086914
28.467400	 -0.087891
28.472400	 -0.087158
28.477400	 -0.085937
28.482400	 -0.086914
28.487400	 -0.087158
28.492400	 -0.087891
28.497400	 -0.085937
28.502400	 -0.087891
28.507400	 -0.087402
28.512400	 -0.088623
28.517400	 -0.088379
28.522400	 -0.087402
28.527400	 -0.089355
28.532400	 -0.087646
28.537400	 -0.086914
28.542400	 -0.087891
28.547400	 -0.087402
28.552400	 -0.088379
28.557400	 -0.089111
28.562400	 -0.086426
28.567400	 -0.088379
28.572400	 -0.088623
28.577400	 -0.086182
28.582400	 -0.088135
28.587400	 -0.088867
28.592400	 -0.086914
28.597400	 -0.087646
28.602400	 -0.088379
28.607400	 -0.087402
28.612400	 -0.084473
28.617400	 -0.088867
28.622400	 -0.086182
28.627400	 -0.087158
28.632400	 -0.086914
28.637400	 -0.085937
28.642400	 -0.085937
28.647400	 -0.086426
28.652400	 -0.083496
28.657400	 -0.087646
28.662400	 -0.086182
28.667400	 -0.084229
28.672400	 -0.085205
28.677400	 -0.085205
28.682400	 -0.081299
28.687400	 -0.085449
28.692400	 -0.083496
28.697400	 -0.081055
28.702400	 -0.082764
28.707400	 -0.083252
28.712400	 -0.080566
28.717400	 -0.081299
28.722400	 -0.081299
28.727400	 -0.079346
28.732400	 -0.079834
28.737400	 -0.079590
28.742400	 -0.078369
28.747400	 -0.078613
28.752400	 -0.078613
28.757400	 -0.077393
28.762400	 -0.077148
28.767400	 -0.076416
28.772400	 -0.075439
28.777400	 -0.075195
28.782400	 -0.074707
28.787400	 -0.073242
28.792400	 -0.074463
28.797400	 -0.072510
28.802400	 -0.071777
28.807400	 -0.072510
28.812400	 -0.070557
28.817400	 -0.069580
28.822400	 -0.071045
28.827400	 -0.068115
28.832400	 -0.068115
28.837400	 -0.067871
28.842400	 -0.066895
28.847400	 -0.065674
28.852400	 -0.064697
28.857400	 -0.065186
28.862400	 -0.062500
28.867400	 -0.060547
28.872400	 -0.062988
28.877400	 -0.057617
28.882400	 -0.061523
28.887400	 -0.058350
28.892400	 -0.056152
28.897400	 -0.058350
28.902400	 -0.054687
28.907400	 -0.052002
28.912400	 -0.053223
28.917400	 -0.053223
28.922400	 -0.049561
28.927400	 -0.048828
28.932400	 -0.047852
28.937400	 -0.046143
28.942400	 -0.044434
28.947400	 -0.044434
28.952400	 -0.040527
28.957400	 -0.042725
28.962400	 -0.039551
28.967400	 -0.037842
28.972400	 -0.037842
28.977400	 -0.037109
28.982400	 -0.035889
28.987400	 -0.034668
28.992400	 -0.034912
28.997400	 -0.035400
29.002400	 -0.034180
29.007400	 -0.036133
29.012400	 -0.036133
29.017400	 -0.038086
29.022400	 -0.039062
29.027400	 -0.038330
29.032400	 -0.039307
29.037400	 -0.042480
29.042400	 -0.041504
29.047400	 -0.043457
29.052400	 -0.043945
29.057400	 -0.041748
29.062400	 -0.043457
29.067400	 -0.045166
29.072400	 -0.044922
29.077400	 -0.045410
29.082400	 -0.048096
29.087400	 -0.047119
29.092400	 -0.046875
29.097400	 -0.048340
29.102400	 -0.050293
29.107400	 -0.046875
29.112400	 -0.050781
29.117400	 -0.051758
29.122400	 -0.051270
29.127400	 -0.051514
29.132400	 -0.052490
29.137400	 -0.052246
29.142400	 -0.053711
29.147400	 -0.054443
29.152400	 -0.056885
29.157400	 -0.053711
29.162400	 -0.056152
29.167400	 -0.056641
29.172400	 -0.057617
29.177400	 -0.058838
29.182400	 -0.058594
29.187400	 -0.059326
29.192400	 -0.060547
29.197400	 -0.060303
29.202400	 -0.061035
29.207400	 -0.061523
29.212400	 -0.062012
29.217400	 -0.062012
29.222400	 -0.062988
29.227400	 -0.064453
29.232400	 -0.064697
29.237400	 -0.063477
29.242400	 -0.064941
29.247400	 -0.066162
29.252400	 -0.065430
29.257400	 -0.067871
29.262400	 -0.068604
29.267400	 -0.068115
29.272400	 -0.067627
29.277400	 -0.071777
29.282400	 -0.067139
29.287400	 -0.072510
29.292400	 -0.071289
29.297400	 -0.071289
29.302400	 -0.073242
29.307400	 -0.073242
29.312400	 -0.072998
29.317400	 -0.075684
29.322400	 -0.074707
29.327400	 -0.075195
29.332400	 -0.075195
29.337400	 -0.078613
29.342400	 -0.076904
29.347400	 -0.078613
29.352400	 -0.078125
29.357400	 -0.079346
29.362400	 -0.079590
29.367400	 -0.078613
29.372400	 -0.080811
29.377400	 -0.080811
29.382400	 -0.082764
29.387400	 -0.078857
29.392400	 -0.082764
29.397400	 -0.082764
29.402400	 -0.082031
29.407400	 -0.083496
29.412400	 -0.083496
29.417400	 -0.083496
29.422400	 -0.084961
29.427400	 -0.083496
29.432400	 -0.086670
29.437400	 -0.083984
29.442400	 -0.086182
29.447400	 -0.085693
29.452400	 -0.088623
29.457400	 -0.083496
29.462400	 -0.089111
29.467400	 -0.083984
29.472400	 -0.087402
29.477400	 -0.085449
29.482400	 -0.087402
29.487400	 -0.086914
29.492400	 -0.087158
29.497400	 -0.087158
29.502400	 -0.086426
29.507400	 -0.088135
29.512400	 -0.086914
29.517400	 -0.085937
29.522400	 -0.090576
29.527400	 -0.086914
29.532400	 -0.086426
29.537400	 -0.089844
29.542400	 -0.086914
29.547400	 -0.085449
29.552400	 -0.088379
29.557400	 -0.086426
29.562400	 -0.089355
29.567400	 -0.086182
29.572400	 -0.088135
29.577400	 -0.086914
29.582400	 -0.087158
29.587400	 -0.087646
29.592400	 -0.086426
29.597400	 -0.087646
29.602400	 -0.088379
29.607400	 -0.085693
29.612400	 -0.088135
29.617400	 -0.088379
29.622400	 -0.084473
29.627400	 -0.087646
29.632400	 -0.085693
29.637400	 -0.086426
29.642400	 -0.084473
29.647400	 -0.086670
29.652400	 -0.085205
29.657400	 -0.085449
29.662400	 -0.084229
29.667400	 -0.085693
29.672400	 -0.082764
29.677400	 -0.083252
29.682400	 -0.084229
29.687400	 -0.082520
29.692400	 -0.082764
29.697400	 -0.082520
29.702400	 -0.080322
29.707400	 -0.082275
29.712400	 -0.080811
29.717400	 -0.081299
29.722400	 -0.077637
29.727400	 -0.081543
29.732400	 -0.079102
29.737400	 -0.077881
29.742400	 -0.078369
29.747400	 -0.078857
29.752400	 -0.075928
29.757400	 -0.077881
29.762400	 -0.076660
29.767400	 -0.076416
29.772400	 -0.074219
29.777400	 -0.075928
29.782400	 -0.074707
29.787400	 -0.072510
29.792400	 -0.071777
29.797400	 -0.071777
29.802400	 -0.072021
29.807400	 -0.070068
29.812400	 -0.070557
29.817400	 -0.068604
29.822400	 -0.069580
29.827400	 -0.067139
29.832400	 -0.066650
29.837400	 -0.067139
29.842400	 -0.066650
29.847400	 -0.063965
29.852400	 -0.064209
29.857400	 -0.062744
29.862400	 -0.063721
29.867400	 -0.060547
29.872400	 -0.060303
29.877400	 -0.060059
29.882400	 -0.058594
29.887400	 -0.057861
29.892400	 -0.055420
29.897400	 -0.055176
29.902400	 -0.055176
29.907400	 -0.052002
29.912400	 -0.052246
29.917400	 -0.049561
29.922400	 -0.049316
29.927400	 -0.047363
29.932400	 -0.047119
29.937400	 -0.044678
29.942400	 -0.044434
29.947400	 -0.042236
29.952400	 -0.041992
29.957400	 -0.040039
29.962400	 -0.037598
29.967400	 -0.037598
29.972400	 -0.036865
29.977400	 -0.033691
29.982400	 -0.035645
29.987400	 -0.035645
29.992400	 -0.033447
29.997400	 -0.036133
30.002400	 -0.034668
30.007400	 -0.036133
30.012400	 -0.038086
30.017400	 -0.038086
30.022400	 -0.037598
30.027400	 -0.040283
30.032400	 -0.040771
30.037400	 -0.041992
30.042400	 -0.041748
30.047400	 -0.042480
30.052400	 -0.043457
30.057400	 -0.043213
30.062400	 -0.043701
30.067400	 -0.044189
30.072400	 -0.045410
30.077400	 -0.046631
30.082400	 -0.046875
30.087400	 -0.046875
30.092400	 -0.046631
30.097400	 -0.049561
30.102400	 -0.049072
30.107400	 -0.050781
30.112400	 -0.051270
30.117400	 -0.049316
30.122400	 -0.051758
30.127400	 -0.052979
30.132400	 -0.052246
30.137400	 -0.053955
30.142400	 -0.055176
30.147400	 -0.053223
30.152400	 -0.055908
30.157400	 -0.056152
30.162400	 -0.057373
30.167400	 -0.056885
30.172400	 -0.058838
30.177400	 -0.057617
30.182400	 -0.060059
30.187400	 -0.058838
30.192400	 -0.060059
30.197400	 -0.060547
30.202400	 -0.062012
30.207400	 -0.060303
30.212400	 -0.063477
30.217400	 -0.062988
30.222400	 -0.062988
30.227400	 -0.063477
30.232400	 -0.064697
30.237400	 -0.066650
30.242400	 -0.066406
30.247400	 -0.065186
30.252400	 -0.067871
30.257400	 -0.067383
30.262400	 -0.067871
30.267400	 -0.069336
30.272400	 -0.069092
30.277400	 -0.071289
30.282400	 -0.069824
30.287400	 -0.072998
30.292400	 -0.069824
30.297400	 -0.073975
30.302400	 -0.072266
30.307400	 -0.074951
30.312400	 -0.075195
30.317400	 -0.074951
30.322400	 -0.075195
30.327400	 -0.077637
30.332400	 -0.074951
30.337400	 -0.077881
30.342400	 -0.077637
30.347400	 -0.078613
30.352400	 -0.076416
30.357400	 -0.081055
30.362400	 -0.080566
30.367400	 -0.079590
30.372400	 -0.080322
30.377400	 -0.082031
30.382400	 -0.082031
30.387400	 -0.081543
30.392400	 -0.082275
30.397400	 -0.083984
30.402400	 -0.083496
30.407400	 -0.083008
30.412400	 -0.084961
30.417400	 -0.083252
30.422400	 -0.084229
30.427400	 -0.086182
30.432400	 -0.083740
30.437400	 -0.086670
30.442400	 -0.086182
30.447400	 -0.084473
30.452400	 -0.087646
30.457400	 -0.085449
30.462400	 -0.087158
30.467400	 -0.087158
30.472400	 -0.086426
30.477400	 -0.086182
30.482400	 -0.088135
30.487400	 -0.085937
30.492400	 -0.088135
30.497400	 -0.086670
30.502400	 -0.089844
30.507400	 -0.086182
30.512400	 -0.087891
30.517400	 -0.087891
30.522400	 -0.087158
30.527400	 -0.087402
30.532400	 -0.089111
30.537400	 -0.087158
30.542400	 -0.088623
30.547400	 -0.087402
30.552400	 -0.089600
30.557400	 -0.086426
30.562400	 -0.088867
30.567400	 -0.087646
30.572400	 -0.087891
30.577400	 -0.087158
30.582400	 -0.087402
30.587400	 -0.087158
30.592400	 -0.087646
30.597400	 -0.087158
30.602400	 -0.087646
30.607400	 -0.086426
30.612400	 -0.087646
30.617400	 -0.086670
30.622400	 -0.086670
30.627400	 -0.086670
30.632400	 -0.087891
30.637400	 -0.084229
30.642400	 -0.086914
30.647400	 -0.086914
30.652400	 -0.085449
30.657400	 -0.086670
30.662400	 -0.084229
30.667400	 -0.084717
30.672400	 -0.083496
30.677400	 -0.083496
30.682400	 -0.083252
30.687400	 -0.082031
30.692400	 -0.084717
30.697400	 -0.083496
30.702400	 -0.080811
30.707400	 -0.082275
30.712400	 -0.080322
30.717400	 -0.081787
30.722400	 -0.081055
30.727400	 -0.079590
30.732400	 -0.080566
30.737400	 -0.080078
30.742400	 -0.079590
30.747400	 -0.079102
30.752400	 -0.075928
30.757400	 -0.079590
30.762400	 -0.076416
30.767400	 -0.076416
30.772400	 -0.076660
30.777400	 -0.074463
30.782400	 -0.074463
30.787400	 -0.076416
30.792400	 -0.071777
30.797400	 -0.073242
30.802400	 -0.071777
30.807400	 -0.071777
30.812400	 -0.072266
30.817400	 -0.070801
30.822400	 -0.067871
30.827400	 -0.070312
30.832400	 -0.067627
30.837400	 -0.066895
30.842400	 -0.066162
30.847400	 -0.066162
30.852400	 -0.063965
30.857400	 -0.063721
30.862400	 -0.062256
30.867400	 -0.061768
30.872400	 -0.060791
30.877400	 -0.059570
30.882400	 -0.058105
30.887400	 -0.058594
30.892400	 -0.058105
30.897400	 -0.054199
30.902400	 -0.053955
30.907400	 -0.055176
30.912400	 -0.052734
30.917400	 -0.050049
30.922400	 -0.051025
30.927400	 -0.049316
30.932400	 -0.046875
30.937400	 -0.046387
30.942400	 -0.044434
30.947400	 -0.042725
30.952400	 -0.041992
30.957400	 -0.041016
30.962400	 -0.039062
30.967400	 -0.038086
30.972400	 -0.038330
30.977400	 -0.035889
30.982400	 -0.034912
30.987400	 -0.035645
30.992400	 -0.034668
30.997400	 -0.034912
31.002400	 -0.034180
31.007400	 -0.036133
31.012400	 -0.037109
31.017400	 -0.038330
31.022400	 -0.037842
31.027400	 -0.039062
31.032400	 -0.041016
31.037400	 -0.041016
31.042400	 -0.041260
31.047400	 -0.043701
31.052400	 -0.042236
31.057400	 -0.043457
31.062400	 -0.044434
