10.356300	-9.458008
10.358300	-9.467773
10.360300	-9.472656
10.362300	-9.453125
10.364300	-9.482422
10.366300	-9.467773
10.368300	-9.453125
10.370300	-9.487305
10.372300	-9.467773
10.374300	-9.462891
10.376300	-9.472656
10.378300	-9.462891
10.380300	-9.482422
10.382300	-9.453125
10.384300	-9.482422
10.386300	-9.467773
10.388300	-9.448242
10.390300	-9.487305
10.392300	-9.467773
10.394300	-9.458008
10.396300	-9.477539
10.398300	-9.453125
10.400300	-9.472656
10.402300	-9.462891
10.404300	-9.462891
10.406300	-9.487305
10.408300	-9.453125
10.410300	-9.472656
10.412300	-9.487305
10.414300	-9.453125
10.416300	-9.482422
10.418300	-9.467773
10.420300	-9.462891
10.422300	-9.467773
10.424300	-9.472656
10.426300	-9.472656
10.428300	-9.448242
10.430300	-9.482422
10.432300	-9.472656
10.434300	-9.453125
10.436300	-9.482422
10.438300	-9.462891
10.440300	-9.462891
10.442300	-9.477539
10.444300	-9.453125
10.446300	-9.497070
10.448300	-9.453125
10.450300	-9.458008
10.452300	-9.482422
10.454300	-9.458008
10.456300	-9.467773
10.458300	-9.482422
10.460300	-9.448242
10.462300	-9.472656
10.464300	-9.482422
10.466300	-9.453125
10.468300	-9.472656
10.470300	-9.482422
10.472300	-9.453125
10.474300	-9.472656
10.476300	-9.472656
10.478300	-9.458008
10.480300	-9.467773
10.482300	-9.467773
10.484300	-9.462891
10.486300	-9.467773
10.488300	-9.482422
10.490300	-9.462891
10.492300	-9.467773
10.494300	-9.472656
10.496300	-9.458008
10.498300	-9.472656
10.500300	-9.462891
10.502300	-9.462891
10.504300	-9.477539
10.506300	-9.453125
10.508300	-9.472656
10.510300	-9.467773
10.512300	-9.462891
10.514300	-9.462891
10.516300	-9.458008
10.518300	-9.487305
10.520300	-9.467773
10.522300	-9.448242
10.524300	-9.482422
10.526300	-9.462891
10.528300	-9.462891
10.530300	-9.482422
10.532300	-9.448242
10.534300	-9.472656
10.536300	-9.482422
10.538300	-9.462891
10.540300	-9.462891
10.542300	-9.458008
10.544300	-9.477539
10.546300	-9.462891
10.548300	-9.458008
10.550300	-9.462891
10.552300	-9.472656
10.554300	-9.467773
10.556300	-9.462891
10.558300	-9.472656
10.560300	-9.472656
10.562300	-9.458008
10.564300	-9.477539
10.566300	-9.462891
10.568300	-9.462891
10.570300	-9.472656
10.572300	-9.458008
10.574300	-9.477539
10.576300	-9.467773
10.578300	-9.462891
10.580300	-9.467773
10.582300	-9.482422
10.584300	-9.477539
10.586300	-9.453125
10.588300	-9.482422
10.590300	-9.467773
10.592300	-9.448242
10.594300	-9.492187
10.596300	-9.467773
10.598300	-9.448242
10.600300	-9.497070
10.602300	-9.448242
10.604300	-9.467773
10.606300	-9.482422
10.608300	-9.438477
10.610300	-9.472656
10.612300	-9.492187
10.614300	-9.443359
10.616300	-9.492187
10.618300	-9.462891
10.620300	-9.443359
10.622300	-9.482422
10.624300	-9.462891
10.626300	-9.462891
10.628300	-9.467773
10.630300	-9.467773
10.632300	-9.462891
10.634300	-9.462891
10.636300	-9.477539
10.638300	-9.462891
10.640300	-9.467773
10.642300	-9.462891
10.644300	-9.458008
10.646300	-9.477539
10.648300	-9.462891
10.650300	-9.462891
10.652300	-9.477539
10.654300	-9.448242
10.656300	-9.467773
10.658300	-9.477539
10.660300	-9.453125
10.662300	-9.462891
10.664300	-9.472656
10.666300	-9.462891
10.668300	-9.467773
10.670300	-9.462891
10.672300	-9.467773
10.674300	-9.462891
10.676300	-9.477539
10.678300	-9.458008
10.680300	-9.467773
10.682300	-9.477539
10.684300	-9.448242
10.686300	-9.477539
10.688300	-9.467773
10.690300	-9.458008
10.692300	-9.482422
10.694300	-9.458008
10.696300	-9.458008
10.698300	-9.492187
10.700300	-9.462891
10.702300	-9.472656
10.704300	-9.467773
10.706300	-9.467773
10.708300	-9.472656
10.710300	-9.448242
10.712300	-9.487305
10.714300	-9.453125
10.716300	-9.462891
10.718300	-9.482422
10.720300	-9.453125
10.722300	-9.467773
10.724300	-9.477539
10.726300	-9.458008
10.728300	-9.462891
10.730300	-9.472656
10.732300	-9.467773
10.734300	-9.458008
10.736300	-9.462891
10.738300	-9.467773
10.740300	-9.462891
10.742300	-9.462891
10.744300	-9.482422
10.746300	-9.458008
10.748300	-9.458008
10.750300	-9.472656
10.752300	-9.462891
10.754300	-9.467773
10.756300	-9.462891
10.758300	-9.467773
10.760300	-9.462891
10.762300	-9.462891
10.764300	-9.472656
10.766300	-9.462891
10.768300	-9.467773
10.770300	-9.467773
10.772300	-9.448242
10.774300	-9.482422
10.776300	-9.462891
10.778300	-9.453125
10.780300	-9.477539
10.782300	-9.438477
10.784300	-9.477539
10.786300	-9.472656
10.788300	-9.462891
10.790300	-9.472656
10.792300	-9.467773
10.794300	-9.472656
10.796300	-9.477539
10.798300	-9.472656
10.800300	-9.472656
10.802300	-9.467773
10.804300	-9.467773
10.806300	-9.477539
10.808300	-9.458008
10.810300	-9.467773
10.812300	-9.472656
10.814300	-9.462891
10.816300	-9.472656
10.818300	-9.477539
10.820300	-9.453125
10.822300	-9.467773
10.824300	-9.472656
10.826300	-9.453125
10.828300	-9.472656
10.830300	-9.482422
10.832300	-9.443359
10.834300	-9.477539
10.836300	-9.467773
10.838300	-9.458008
10.840300	-9.472656
10.842300	-9.462891
10.844300	-9.458008
10.846300	-9.472656
10.848300	-9.462891
10.850300	-9.472656
10.852300	-9.462891
10.854300	-9.472656
10.856300	-9.458008
10.858300	-9.462891
10.860300	-9.467773
10.862300	-9.458008
10.864300	-9.462891
10.866300	-9.462891
10.868300	-9.458008
10.870300	-9.467773
10.872300	-9.472656
10.874300	-9.448242
10.876300	-9.477539
10.878300	-9.472656
10.880300	-9.462891
10.882300	-9.472656
10.884300	-9.448242
10.886300	-9.467773
10.888300	-9.472656
10.890300	-9.448242
10.892300	-9.477539
10.894300	-9.467773
10.896300	-9.448242
10.898300	-9.467773
10.900300	-9.462891
10.902300	-9.467773
10.904300	-9.467773
10.906300	-9.458008
10.908300	-9.467773
10.910300	-9.458008
10.912300	-9.467773
10.914300	-9.453125
10.916300	-9.472656
10.918300	-9.467773
10.920300	-9.453125
10.922300	-9.472656
10.924300	-9.472656
10.926300	-9.453125
10.928300	-9.477539
10.930300	-9.448242
10.932300	-9.472656
10.934300	-9.472656
10.936300	-9.462891
10.938300	-9.472656
10.940300	-9.453125
10.942300	-9.472656
10.944300	-9.482422
10.946300	-9.448242
10.948300	-9.482422
10.950300	-9.462891
10.952300	-9.458008
10.954300	-9.487305
10.956300	-9.458008
10.958300	-9.482422
10.960300	-9.467773
10.962300	-9.458008
10.964300	-9.477539
10.966300	-9.462891
10.968300	-9.467773
10.970300	-9.458008
10.972300	-9.458008
10.974300	-9.477539
10.976300	-9.458008
10.978300	-9.472656
10.980300	-9.482422
10.982300	-9.448242
10.984300	-9.477539
10.986300	-9.472656
10.988300	-9.467773
10.990300	-9.467773
10.992300	-9.467773
10.994300	-9.472656
10.996300	-9.453125
10.998300	-9.482422
11.000300	-9.467773
11.002300	-9.448242
11.004300	-9.482422
11.006300	-9.472656
11.008300	-9.453125
11.010300	-9.487305
11.012300	-9.448242
11.014300	-9.458008
11.016300	-9.482422
11.018300	-9.438477
11.020300	-9.472656
11.022300	-9.462891
11.024300	-9.453125
11.026300	-9.472656
11.028300	-9.472656
11.030300	-9.453125
11.032300	-9.462891
11.034300	-9.472656
11.036300	-9.462891
11.038300	-9.458008
11.040300	-9.492187
11.042300	-9.453125
11.044300	-9.458008
11.046300	-9.472656
11.048300	-9.443359
11.050300	-9.482422
11.052300	-9.467773
11.054300	-9.453125
11.056300	-9.472656
11.058300	-9.467773
11.060300	-9.458008
11.062300	-9.462891
11.064300	-9.462891
11.066300	-9.462891
11.068300	-9.462891
11.070300	-9.472656
11.072300	-9.462891
11.074300	-9.462891
11.076300	-9.477539
11.078300	-9.458008
11.080300	-9.467773
11.082300	-9.462891
11.084300	-9.458008
11.086300	-9.477539
11.088300	-9.462891
11.090300	-9.467773
11.092300	-9.472656
11.094300	-9.462891
11.096300	-9.477539
11.098300	-9.472656
11.100300	-9.443359
11.102300	-9.482422
11.104300	-9.462891
11.106300	-9.462891
11.108300	-9.472656
11.110300	-9.462891
11.112300	-9.467773
11.114300	-9.453125
11.116300	-9.472656
11.118300	-9.462891
11.120300	-9.462891
11.122300	-9.453125
11.124300	-9.467773
11.126300	-9.458008
11.128300	-9.467773
11.130300	-9.477539
11.132300	-9.462891
11.134300	-9.477539
11.136300	-9.462891
11.138300	-9.472656
11.140300	-9.462891
11.142300	-9.467773
11.144300	-9.453125
11.146300	-9.477539
11.148300	-9.467773
11.150300	-9.443359
11.152300	-9.482422
11.154300	-9.458008
11.156300	-9.448242
11.158300	-9.487305
11.160300	-9.462891
11.162300	-9.462891
11.164300	-9.477539
11.166300	-9.458008
11.168300	-9.467773
11.170300	-9.482422
11.172300	-9.462891
11.176300	-9.462891
11.178300	-9.482422
11.180300	-9.462891
11.182300	-9.462891
11.184300	-9.487305
11.186300	-9.438477
11.188300	-9.477539
11.190300	-9.487305
11.192300	-9.453125
11.194300	-9.472656
11.196300	-9.477539
11.198300	-9.462891
11.200300	-9.472656
11.202300	-9.477539
11.204300	-9.458008
11.206300	-9.467773
11.208300	-9.477539
11.210300	-9.448242
11.212300	-9.467773
11.214300	-9.477539
11.216300	-9.448242
11.218300	-9.482422
11.220300	-9.467773
11.222300	-9.453125
11.224300	-9.482422
11.226300	-9.453125
11.228300	-9.462891
11.230300	-9.467773
11.232300	-9.458008
11.234300	-9.472656
11.236300	-9.458008
11.238300	-9.458008
11.240300	-9.472656
11.242300	-9.462891
11.244300	-9.487305
11.246300	-9.467773
11.248300	-9.458008
11.250300	-9.477539
11.252300	-9.472656
11.254300	-9.462891
11.256300	-9.477539
11.258300	-9.467773
11.260300	-9.458008
11.262300	-9.462891
11.264300	-9.477539
11.266300	-9.462891
11.268300	-9.472656
11.270300	-9.482422
11.272300	-9.448242
11.274300	-9.477539
11.276300	-9.472656
11.278300	-9.448242
11.280300	-9.477539
11.282300	-9.462891
11.284300	-9.448242
11.286300	-9.492187
11.288300	-9.453125
11.290300	-9.458008
11.292300	-9.487305
11.294300	-9.448242
11.296300	-9.462891
11.298300	-9.477539
11.300300	-9.448242
11.302300	-9.472656
11.304300	-9.467773
11.306300	-9.467773
11.308300	-9.472656
11.310300	-9.458008
11.312300	-9.462891
11.314300	-9.462891
11.316300	-9.472656
11.318300	-9.467773
11.320300	-9.472656
11.322300	-9.453125
11.324300	-9.462891
11.326300	-9.477539
11.328300	-9.472656
11.330300	-9.458008
11.332300	-9.487305
11.334300	-9.453125
11.336300	-9.482422
11.338300	-9.477539
11.340300	-9.458008
11.342300	-9.467773
11.344300	-9.472656
11.346300	-9.453125
11.348300	-9.477539
11.350300	-9.472656
11.352300	-9.462891
11.354300	-9.467773