-0.000044	-0.000225
-0.000011	-0.000229
-0.000022	-0.000230
0.004383	-0.000236
0.284923	-0.000240
0.888528	-0.000314
1.598156	-0.000438
2.354614	-0.000614
3.129439	-0.000805
3.889449	-0.001037
4.683061	-0.001218
5.482067	-0.001411
6.281072	-0.001661
7.095115	-0.001912
7.901278	-0.002281
8.678089	-0.002410
9.499290	-0.002638
10.299927	-0.002869
11.119540	-0.003165
11.940407	-0.003574
12.761552	-0.003961
13.546120	-0.004099
14.359908	-0.004342
15.181119	-0.004431
16.002308	-0.004599
16.823509	-0.004912
17.644687	-0.005020
18.465909	-0.005229
19.264915	-0.005391
20.084206	-0.005509
