0.000000	0.000021
0.000000	0.000022
0.000000	0.000022
0.020131	0.000031
0.288530	0.000012
0.905218	-0.000046
1.614569	-0.000140
2.373191	-0.000253
3.129439	-0.000400
3.905828	-0.000567
4.683239	-0.000732
5.485418	-0.000918
6.283691	-0.001092
7.102251	-0.001276
7.901278	-0.001482
8.678778	-0.001670
9.499290	-0.001872
10.317927	-0.002053
11.134200	-0.002271
11.940696	-0.002474
12.761896	-0.002671
13.560902	-0.002854
14.362194	-0.003038
15.189242	-0.003265
16.002519	-0.003465
16.826993	-0.003663
17.644753	-0.003866
18.471846	-0.004052
19.266990	-0.004247
20.086115	-0.004440
