13.688094	-0.001275
13.916016	-0.001302
14.126864	-0.001326
14.350591	-0.001344
14.559687	-0.001367
14.792702	-0.001391
15.025113	-0.001421
15.234092	-0.001440
15.464006	-0.001462
15.672596	-0.001478
15.902327	-0.001500
16.135409	-0.001524
16.346186	-0.001543
16.568370	-0.001562
16.779946	-0.001579
17.012163	-0.001600
17.223000	-0.001620
17.456021	-0.001628
17.689070	-0.001647
17.895208	-0.001664
18.126676	-0.001681
18.341003	-0.001706
18.565785	-0.001729
18.798828	-0.001752
19.009677	-0.001771
19.242526	-0.001792
19.453458	-0.001809
19.686596	-0.001835
19.919295	-0.001855
20.125028	-0.001877
