260674.000000	 260724.000000
260774.000000	 260824.000000
260874.000000	 260924.000000
260974.000000	 261024.000000
261074.000000	 261124.000000
261174.000000	 261224.000000
261274.000000	 261324.000000
261374.000000	 261424.000000
261474.000000	 261524.000000
261574.000000	 261624.000000
261674.000000	 261724.000000
261774.000000	 261824.000000
261874.000000	 261924.000000
261974.000000	 262024.000000
262074.000000	 262124.000000
262174.000000	 262224.000000
262274.000000	 262324.000000
262374.000000	 262424.000000
262474.000000	 262524.000000
262574.000000	 262624.000000
262674.000000	 262724.000000
262774.000000	 262824.000000
262874.000000	 262924.000000
262974.000000	 263024.000000
263074.000000	 263124.000000
263174.000000	 263224.000000
263274.000000	 263324.000000
263374.000000	 263424.000000
263474.000000	 263524.000000
263574.000000	 263624.000000
263674.000000	 263724.000000
263774.000000	 263824.000000
263874.000000	 263924.000000
263974.000000	 264024.000000
264074.000000	 264124.000000
264174.000000	 264224.000000
264274.000000	 264324.000000
264374.000000	 264424.000000
264474.000000	 264524.000000
264574.000000	 264624.000000
264674.000000	 264724.000000
264774.000000	 264824.000000
264874.000000	 264924.000000
264974.000000	 265024.000000
265074.000000	 265124.000000
265174.000000	 265224.000000
265274.000000	 265324.000000
265374.000000	 265424.000000
265474.000000	 265524.000000
265574.000000	 265624.000000
265674.000000	 265724.000000
265774.000000	 265824.000000
265874.000000	 265924.000000
265974.000000	 266024.000000
266074.000000	 266124.000000
266174.000000	 266224.000000
266274.000000	 266324.000000
266374.000000	 266424.000000
266474.000000	 266524.000000
266574.000000	 266624.000000
266674.000000	 266724.000000
266774.000000	 266824.000000
266874.000000	 266924.000000
266974.000000	 267024.000000
267074.000000	 267124.000000
267174.000000	 267224.000000
267274.000000	 267324.000000
267374.000000	 267424.000000
267474.000000	 267524.000000
267574.000000	 267624.000000
267674.000000	 267724.000000
267774.000000	 267824.000000
267874.000000	 267924.000000
267974.000000	 268024.000000
268074.000000	 268124.000000
268174.000000	 268224.000000
268274.000000	 268324.000000
268374.000000	 268424.000000
268474.000000	 268524.000000
268574.000000	 268624.000000
268674.000000	 268724.000000
268774.000000	 268824.000000
268874.000000	 268924.000000
268974.000000	 269024.000000
269074.000000	 269124.000000
269174.000000	 269224.000000
269274.000000	 269324.000000
269374.000000	 269424.000000
269474.000000	 269524.000000
269574.000000	 269624.000000
269674.000000	 269724.000000
269774.000000	 269824.000000
269874.000000	 269924.000000
269974.000000	 270024.000000
270074.000000	 270124.000000
270174.000000	 270224.000000
270274.000000	 270324.000000
270374.000000	 270424.000000
270474.000000	 270524.000000
270574.000000	 270624.000000
270674.000000	 270724.000000
270774.000000	 270824.000000
270874.000000	 270924.000000
270974.000000	 271024.000000
271074.000000	 271124.000000
271174.000000	 271224.000000
271274.000000	 271324.000000
271374.000000	 271424.000000
271474.000000	 271524.000000
271574.000000	 271624.000000
271674.000000	 271724.000000
271774.000000	 271824.000000
271874.000000	 271924.000000
271974.000000	 272024.000000
272074.000000	 272124.000000
272174.000000	 272224.000000
272274.000000	 272324.000000
272374.000000	 272424.000000
272474.000000	 272524.000000
272574.000000	 272624.000000
272674.000000	 272724.000000
272774.000000	 272824.000000
272874.000000	 272924.000000
272974.000000	 273024.000000
273074.000000	 273124.000000
273174.000000	 273224.000000
273274.000000	 273324.000000
273374.000000	 273424.000000
273474.000000	 273524.000000
273574.000000	 273624.000000
273674.000000	 273724.000000
273774.000000	 273824.000000
273874.000000	 273924.000000
273974.000000	 274024.000000
274074.000000	 274124.000000
274174.000000	 274224.000000
274274.000000	 274324.000000
274374.000000	 274424.000000
274474.000000	 274524.000000
274574.000000	 274624.000000
274674.000000	 274724.000000
274774.000000	 274824.000000
274874.000000	 274924.000000
274974.000000	 275024.000000
275074.000000	 275124.000000
275174.000000	 275224.000000
275274.000000	 275324.000000
275374.000000	 275424.000000
275474.000000	 275524.000000
275574.000000	 275624.000000
275674.000000	 275724.000000
275774.000000	 275824.000000
275874.000000	 275924.000000
275974.000000	 276024.000000
276074.000000	 276124.000000
276174.000000	 276224.000000
276274.000000	 276324.000000
276374.000000	 276424.000000
276474.000000	 276524.000000
276574.000000	 276624.000000
276674.000000	 276724.000000
276774.000000	 276824.000000
276874.000000	 276924.000000
276974.000000	 277024.000000
277074.000000	 277124.000000
277174.000000	 277224.000000
277274.000000	 277324.000000
277374.000000	 277424.000000
277474.000000	 277524.000000
277574.000000	 277624.000000
277674.000000	 277724.000000
277774.000000	 277824.000000
277874.000000	 277924.000000
277974.000000	 278024.000000
278074.000000	 278124.000000
278174.000000	 278224.000000
278274.000000	 278324.000000
278374.000000	 278424.000000
278474.000000	 278524.000000
278574.000000	 278624.000000
278674.000000	 278724.000000
278774.000000	 278824.000000
278874.000000	 278924.000000
278974.000000	 279024.000000
279074.000000	 279124.000000
279174.000000	 279224.000000
279274.000000	 279324.000000
279374.000000	 279424.000000
279474.000000	 279524.000000
279574.000000	 279624.000000
279674.000000	 279724.000000
279774.000000	 279824.000000
279874.000000	 279924.000000
279974.000000	 280024.000000
280074.000000	 280124.000000
280174.000000	 280224.000000
280274.000000	 280324.000000
280374.000000	 280424.000000
280474.000000	 280524.000000
280574.000000	 280624.000000
280674.000000	 280724.000000
280774.000000	 280824.000000
280874.000000	 280924.000000
280974.000000	 281024.000000
281074.000000	 281124.000000
281174.000000	 281224.000000
281274.000000	 281324.000000
281374.000000	 281424.000000
281474.000000	 281524.000000
281574.000000	 281624.000000
281674.000000	 281724.000000
281774.000000	 281824.000000
281874.000000	 281924.000000
281974.000000	 282024.000000
282074.000000	 282124.000000
282174.000000	 282224.000000
282274.000000	 282324.000000
282374.000000	 282424.000000
282474.000000	 282524.000000
282574.000000	 282624.000000
282674.000000	 282724.000000
282774.000000	 282824.000000
282874.000000	 282924.000000
282974.000000	 283024.000000
283074.000000	 283124.000000
283174.000000	 283224.000000
283274.000000	 283324.000000
283374.000000	 283424.000000
283474.000000	 283524.000000
283574.000000	 283624.000000
283674.000000	 283724.000000
283774.000000	 283824.000000
283874.000000	 283924.000000
283974.000000	 284024.000000
284074.000000	 284124.000000
284174.000000	 284224.000000
284274.000000	 284324.000000
284374.000000	 284424.000000
284474.000000	 284524.000000
284574.000000	 284624.000000
284674.000000	 284724.000000
284774.000000	 284824.000000
284874.000000	 284924.000000
284974.000000	 285024.000000
285074.000000	 285124.000000
285174.000000	 285224.000000
285274.000000	 285324.000000
285374.000000	 285424.000000
285474.000000	 285524.000000
285574.000000	 285624.000000
285674.000000	 285724.000000
285774.000000	 285824.000000
285874.000000	 285924.000000
285974.000000	 286024.000000
286074.000000	 286124.000000
286174.000000	 286224.000000
286274.000000	 286324.000000
286374.000000	 286424.000000
286474.000000	 286524.000000
286574.000000	 286624.000000
286674.000000	 286724.000000
286774.000000	 286824.000000
286874.000000	 286924.000000
286974.000000	 287024.000000
287074.000000	 287124.000000
287174.000000	 287224.000000
287274.000000	 287324.000000
287374.000000	 287424.000000
287474.000000	 287524.000000
287574.000000	 287624.000000
287674.000000	 287724.000000
287774.000000	 287824.000000
287874.000000	 287924.000000
287974.000000	 288024.000000
288074.000000	 288124.000000
288174.000000	 288224.000000
288274.000000	 288324.000000
288374.000000	 288424.000000
288474.000000	 288524.000000
288574.000000	 288624.000000
288674.000000	 288724.000000
288774.000000	 288824.000000
288874.000000	 288924.000000
288974.000000	 289024.000000
289074.000000	 289124.000000
289174.000000	 289224.000000
289274.000000	 289324.000000
289374.000000	 289424.000000
289474.000000	 289524.000000
289574.000000	 289624.000000
289674.000000	 289724.000000
289774.000000	 289824.000000
289874.000000	 289924.000000
289974.000000	 290024.000000
290074.000000	 290124.000000
290174.000000	 290224.000000
290274.000000	 290324.000000
290374.000000	 290424.000000
290474.000000	 290524.000000
290574.000000	 290624.000000
290674.000000	 290724.000000
290774.000000	 290824.000000
290874.000000	 290924.000000
290974.000000	 291024.000000
291074.000000	 291124.000000
291174.000000	 291224.000000
291274.000000	 291324.000000
291374.000000	 291424.000000
291474.000000	 291524.000000
291574.000000	 291624.000000
291674.000000	 291724.000000
291774.000000	 291824.000000
291874.000000	 291924.000000
291974.000000	 292024.000000
292074.000000	 292124.000000
292174.000000	 292224.000000
292274.000000	 292324.000000
292374.000000	 292424.000000
292474.000000	 292524.000000
292574.000000	 292624.000000
292674.000000	 292724.000000
292774.000000	 292824.000000
292874.000000	 292924.000000
292974.000000	 293024.000000
293074.000000	 293124.000000
293174.000000	 293224.000000
293274.000000	 293324.000000
293374.000000	 293424.000000
293474.000000	 293524.000000
293574.000000	 293624.000000
293674.000000	 293724.000000
293774.000000	 293824.000000
293874.000000	 293924.000000
293974.000000	 294024.000000
294074.000000	 294124.000000
294174.000000	 294224.000000
294274.000000	 294324.000000
294374.000000	 294424.000000
294474.000000	 294524.000000
294574.000000	 294624.000000
294674.000000	 294724.000000
294774.000000	 294824.000000
294874.000000	 294924.000000
294974.000000	 295024.000000
295074.000000	 295124.000000
295174.000000	 295224.000000
295274.000000	 295324.000000
295374.000000	 295424.000000
295474.000000	 295524.000000
295574.000000	 295624.000000
295674.000000	 295724.000000
295774.000000	 295824.000000
295874.000000	 295924.000000
295974.000000	 296024.000000
296074.000000	 296124.000000
296174.000000	 296224.000000
296274.000000	 296324.000000
296374.000000	 296424.000000
296474.000000	 296524.000000
296574.000000	 296624.000000
296674.000000	 296724.000000
296774.000000	 296824.000000
296874.000000	 296924.000000
296974.000000	 297024.000000
297074.000000	 297124.000000
297174.000000	 297224.000000
297274.000000	 297324.000000
297374.000000	 297424.000000
297474.000000	 297524.000000
297574.000000	 297624.000000
297674.000000	 297724.000000
297774.000000	 297824.000000
297874.000000	 297924.000000
297974.000000	 298024.000000
298074.000000	 298124.000000
298174.000000	 298224.000000
298274.000000	 298324.000000
298374.000000	 298424.000000
298474.000000	 298524.000000
298574.000000	 298624.000000
298674.000000	 298724.000000
298774.000000	 298824.000000
298874.000000	 298924.000000
298974.000000	 299024.000000
299074.000000	 299124.000000
299174.000000	 299224.000000
299274.000000	 299324.000000
299374.000000	 299424.000000
299474.000000	 299524.000000
299574.000000	 299624.000000
299674.000000	 299724.000000
299774.000000	 299824.000000
299874.000000	 299924.000000
299974.000000	 300024.000000
300074.000000	 300124.000000
300174.000000	 300224.000000
300274.000000	 300324.000000
300374.000000	 300424.000000
300474.000000	 300524.000000
300574.000000	 300624.000000
300674.000000	 300724.000000
300774.000000	 300824.000000
300874.000000	 300924.000000
300974.000000	 301024.000000
301074.000000	 301124.000000
301174.000000	 301224.000000
301274.000000	 301324.000000
301374.000000	 301424.000000
301474.000000	 301524.000000
301574.000000	 301624.000000
301674.000000	 301724.000000
301774.000000	 301824.000000
301874.000000	 301924.000000
301974.000000	 302024.000000
302074.000000	 302124.000000
302174.000000	 302224.000000
302274.000000	 302324.000000
302374.000000	 302424.000000
302474.000000	 302524.000000
302574.000000	 302624.000000
302674.000000	 302724.000000
302774.000000	 302824.000000
302874.000000	 302924.000000
302974.000000	 303024.000000
303074.000000	 303124.000000
303174.000000	 303224.000000
303274.000000	 303324.000000
303374.000000	 303424.000000
303474.000000	 303524.000000
303574.000000	 303624.000000
303674.000000	 303724.000000
303774.000000	 303824.000000
303874.000000	 303924.000000
303974.000000	 304024.000000
304074.000000	 304124.000000
304174.000000	 304224.000000
304274.000000	 304324.000000
304374.000000	 304424.000000
304474.000000	 304524.000000
304574.000000	 304624.000000
304674.000000	 304724.000000
304774.000000	 304824.000000
304874.000000	 304924.000000
304974.000000	 305024.000000
305074.000000	 305124.000000
305174.000000	 305224.000000
305274.000000	 305324.000000
305374.000000	 305424.000000
305474.000000	 305524.000000
305574.000000	 305624.000000
305674.000000	 305724.000000
305774.000000	 305824.000000
305874.000000	 305924.000000
305974.000000	 306024.000000
306074.000000	 306124.000000
306174.000000	 306224.000000
306274.000000	 306324.000000
306374.000000	 306424.000000
306474.000000	 306524.000000
306574.000000	 306624.000000
306674.000000	 306724.000000
306774.000000	 306824.000000
306874.000000	 306924.000000
306974.000000	 307024.000000
307074.000000	 307124.000000
307174.000000	 307224.000000
307274.000000	 307324.000000
307374.000000	 307424.000000
307474.000000	 307524.000000
307574.000000	 307624.000000
307674.000000	 307724.000000
307774.000000	 307824.000000
307874.000000	 307924.000000
307974.000000	 308024.000000
308074.000000	 308124.000000
308174.000000	 308224.000000
308274.000000	 308324.000000
308374.000000	 308424.000000
308474.000000	 308524.000000
308574.000000	 308624.000000
308674.000000	 308724.000000
308774.000000	 308824.000000
308874.000000	 308924.000000
308974.000000	 309024.000000
309074.000000	 309124.000000
309174.000000	 309224.000000
309274.000000	 309324.000000
309374.000000	 309424.000000
309474.000000	 309524.000000
309574.000000	 309624.000000
309674.000000	 309724.000000
309774.000000	 309824.000000
309874.000000	 309924.000000
309974.000000	 310024.000000
310074.000000	 310124.000000
310174.000000	 310224.000000
310274.000000	 310324.000000
310374.000000	 310424.000000
310474.000000	 310524.000000
310574.000000	 310624.000000
-0.043945	 -0.044189
-0.045166	 -0.048828
-0.046143	 -0.047607
-0.050049	 -0.047119
-0.049072	 -0.051758
-0.050049	 -0.050293
-0.053223	 -0.052002
-0.052002	 -0.053711
-0.054932	 -0.054443
-0.055420	 -0.056396
-0.057129	 -0.058594
-0.058350	 -0.058105
-0.059570	 -0.059814
-0.059570	 -0.059570
-0.063477	 -0.062012
-0.062500	 -0.062744
-0.064209	 -0.064453
-0.065674	 -0.063965
-0.066406	 -0.068359
-0.068115	 -0.068359
-0.068604	 -0.070312
-0.069580	 -0.071045
-0.070801	 -0.072021
-0.071289	 -0.072754
-0.072998	 -0.074463
-0.072998	 -0.076416
-0.074951	 -0.076172
-0.077393	 -0.076172
-0.078125	 -0.080322
-0.077148	 -0.081055
-0.079346	 -0.080078
-0.080811	 -0.080811
-0.081299	 -0.082031
-0.081543	 -0.081787
-0.083252	 -0.083984
-0.084473	 -0.082764
-0.085693	 -0.084717
-0.084961	 -0.085205
-0.085693	 -0.084229
-0.087891	 -0.084473
-0.086426	 -0.086914
-0.087402	 -0.087158
-0.087646	 -0.087402
-0.087646	 -0.087158
-0.087402	 -0.085937
-0.089111	 -0.087158
-0.087646	 -0.088135
-0.088867	 -0.086914
-0.091064	 -0.086914
-0.087891	 -0.088623
-0.087402	 -0.085693
-0.090576	 -0.087158
-0.087646	 -0.087891
-0.087646	 -0.086426
-0.088623	 -0.087402
-0.087891	 -0.086670
-0.086426	 -0.086182
-0.086670	 -0.085937
-0.085693	 -0.086670
-0.086914	 -0.083008
-0.085449	 -0.085205
-0.082764	 -0.086914
-0.083008	 -0.084229
-0.082764	 -0.081787
-0.082520	 -0.082031
-0.080811	 -0.082520
-0.079346	 -0.079590
-0.079590	 -0.080322
-0.077637	 -0.078369
-0.076172	 -0.079102
-0.075684	 -0.074951
-0.075684	 -0.075195
-0.074219	 -0.074707
-0.072510	 -0.071777
-0.072266	 -0.072754
-0.070312	 -0.068359
-0.068848	 -0.068359
-0.067139	 -0.066406
-0.065918	 -0.064941
-0.063232	 -0.064697
-0.062012	 -0.061035
-0.062012	 -0.058350
-0.060059	 -0.056396
-0.057129	 -0.054687
-0.054199	 -0.053223
-0.052246	 -0.050781
-0.049561	 -0.048340
-0.046387	 -0.045166
-0.045654	 -0.042480
-0.041016	 -0.040527
-0.037842	 -0.037842
-0.037109	 -0.035156
-0.036377	 -0.034424
-0.035889	 -0.035156
-0.034668	 -0.034668
-0.039062	 -0.037598
-0.038330	 -0.041748
-0.040771	 -0.043701
-0.041016	 -0.042480
-0.042480	 -0.043945
-0.042725	 -0.045410
-0.046143	 -0.045898
-0.048096	 -0.047852
-0.046631	 -0.050049
-0.048340	 -0.051025
-0.049561	 -0.050537
-0.054199	 -0.052734
-0.052002	 -0.053223
-0.055664	 -0.054932
-0.054687	 -0.057129
-0.055664	 -0.057617
-0.058838	 -0.057861
-0.058838	 -0.058838
-0.058594	 -0.061279
-0.061279	 -0.060059
-0.063477	 -0.062256
-0.062744	 -0.064209
-0.064941	 -0.065186
-0.066895	 -0.065430
-0.068848	 -0.065674
-0.069336	 -0.070557
-0.067383	 -0.072266
-0.070801	 -0.069580
-0.072266	 -0.073730
-0.071533	 -0.074463
-0.073975	 -0.074463
-0.076172	 -0.075195
-0.074951	 -0.079102
-0.076416	 -0.076904
-0.079346	 -0.080322
-0.078857	 -0.081055
-0.080811	 -0.079102
-0.080322	 -0.083252
-0.082520	 -0.083008
-0.082275	 -0.083496
-0.083984	 -0.085449
-0.083496	 -0.083984
-0.085205	 -0.086426
-0.085205	 -0.085937
-0.085449	 -0.085449
-0.086426	 -0.088623
-0.085449	 -0.087402
-0.087891	 -0.087158
-0.085449	 -0.087158
-0.089600	 -0.086426
-0.087891	 -0.085449
-0.089355	 -0.084717
-0.089111	 -0.087158
-0.086670	 -0.089111
-0.087646	 -0.086670
-0.085937	 -0.088135
-0.086914	 -0.086182
-0.087646	 -0.087158
-0.088379	 -0.085205
-0.088623	 -0.086182
-0.088135	 -0.085449
-0.087402	 -0.085205
-0.087646	 -0.083252
-0.086670	 -0.085205
-0.086670	 -0.082031
-0.087646	 -0.083252
-0.083252	 -0.085205
-0.081055	 -0.081543
-0.083984	 -0.080811
-0.080322	 -0.082764
-0.080566	 -0.079834
-0.080078	 -0.080322
-0.077393	 -0.079590
-0.076904	 -0.078857
-0.076904	 -0.075439
-0.076416	 -0.076172
-0.072754	 -0.075684
-0.072266	 -0.073242
-0.072266	 -0.072998
-0.069824	 -0.071533
-0.070312	 -0.067139
-0.068115	 -0.069092
-0.065430	 -0.065186
-0.064697	 -0.063965
-0.063965	 -0.061768
-0.060059	 -0.061768
-0.058594	 -0.059814
-0.058350	 -0.054932
-0.057861	 -0.054443
-0.052490	 -0.051514
-0.052490	 -0.049316
-0.047119	 -0.046143
-0.046143	 -0.042480
-0.042969	 -0.041260
-0.040283	 -0.038330
-0.038086	 -0.036621
-0.036621	 -0.034180
-0.035156	 -0.036133
-0.035400	 -0.035400
-0.034668	 -0.037354
-0.038574	 -0.035889
-0.039307	 -0.042480
-0.040039	 -0.042725
-0.041992	 -0.043701
-0.042480	 -0.042969
-0.045410	 -0.045654
-0.045166	 -0.045898
-0.046631	 -0.048584
-0.049072	 -0.047119
-0.050781	 -0.051025
-0.049072	 -0.052246
-0.051758	 -0.054199
-0.053467	 -0.053955
-0.053467	 -0.056885
-0.055664	 -0.055420
-0.058105	 -0.056885
-0.057617	 -0.059570
-0.058594	 -0.059082
-0.062012	 -0.060791
-0.061279	 -0.062012
-0.062256	 -0.062256
-0.065918	 -0.063721
-0.064453	 -0.066162
-0.066406	 -0.066162
-0.067871	 -0.067383
-0.069336	 -0.069336
-0.068604	 -0.071777
-0.071045	 -0.070068
-0.073242	 -0.072510
-0.073975	 -0.074463
-0.075439	 -0.073730
-0.076416	 -0.077393
-0.075928	 -0.078613
-0.077881	 -0.077881
-0.079346	 -0.080566
-0.078857	 -0.081543
-0.079590	 -0.081299
-0.080566	 -0.083740
-0.081055	 -0.083740
-0.083496	 -0.084473
-0.083008	 -0.085205
-0.083740	 -0.085937
-0.084961	 -0.086426
-0.084961	 -0.086426
-0.085693	 -0.086914
-0.087891	 -0.087158
-0.085937	 -0.086914
-0.087158	 -0.087891
-0.085937	 -0.087891
-0.087402	 -0.088623
-0.088379	 -0.087402
-0.089355	 -0.087646
-0.086914	 -0.087891
-0.087402	 -0.088379
-0.089111	 -0.086426
-0.088379	 -0.088623
-0.086182	 -0.088135
-0.088867	 -0.086914
-0.087646	 -0.088379
-0.087402	 -0.084473
-0.088867	 -0.086182
-0.087158	 -0.086914
-0.085937	 -0.085937
-0.086426	 -0.083496
-0.087646	 -0.086182
-0.084229	 -0.085205
-0.085205	 -0.081299
-0.085449	 -0.083496
-0.081055	 -0.082764
-0.083252	 -0.080566
-0.081299	 -0.081299
-0.079346	 -0.079834
-0.079590	 -0.078369
-0.078613	 -0.078613
-0.077393	 -0.077148
-0.076416	 -0.075439
-0.075195	 -0.074707
-0.073242	 -0.074463
-0.072510	 -0.071777
-0.072510	 -0.070557
-0.069580	 -0.071045
-0.068115	 -0.068115
-0.067871	 -0.066895
-0.065674	 -0.064697
-0.065186	 -0.062500
-0.060547	 -0.062988
-0.057617	 -0.061523
-0.058350	 -0.056152
-0.058350	 -0.054687
-0.052002	 -0.053223
-0.053223	 -0.049561
-0.048828	 -0.047852
-0.046143	 -0.044434
-0.044434	 -0.040527
-0.042725	 -0.039551
-0.037842	 -0.037842
-0.037109	 -0.035889
-0.034668	 -0.034912
-0.035400	 -0.034180
-0.036133	 -0.036133
-0.038086	 -0.039062
-0.038330	 -0.039307
-0.042480	 -0.041504
-0.043457	 -0.043945
-0.041748	 -0.043457
-0.045166	 -0.044922
-0.045410	 -0.048096
-0.047119	 -0.046875
-0.048340	 -0.050293
-0.046875	 -0.050781
-0.051758	 -0.051270
-0.051514	 -0.052490
-0.052246	 -0.053711
-0.054443	 -0.056885
-0.053711	 -0.056152
-0.056641	 -0.057617
-0.058838	 -0.058594
-0.059326	 -0.060547
-0.060303	 -0.061035
-0.061523	 -0.062012
-0.062012	 -0.062988
-0.064453	 -0.064697
-0.063477	 -0.064941
-0.066162	 -0.065430
-0.067871	 -0.068604
-0.068115	 -0.067627
-0.071777	 -0.067139
-0.072510	 -0.071289
-0.071289	 -0.073242
-0.073242	 -0.072998
-0.075684	 -0.074707
-0.075195	 -0.075195
-0.078613	 -0.076904
-0.078613	 -0.078125
-0.079346	 -0.079590
-0.078613	 -0.080811
-0.080811	 -0.082764
-0.078857	 -0.082764
-0.082764	 -0.082031
-0.083496	 -0.083496
-0.083496	 -0.084961
-0.083496	 -0.086670
-0.083984	 -0.086182
-0.085693	 -0.088623
-0.083496	 -0.089111
-0.083984	 -0.087402
-0.085449	 -0.087402
-0.086914	 -0.087158
-0.087158	 -0.086426
-0.088135	 -0.086914
-0.085937	 -0.090576
-0.086914	 -0.086426
-0.089844	 -0.086914
-0.085449	 -0.088379
-0.086426	 -0.089355
-0.086182	 -0.088135
-0.086914	 -0.087158
-0.087646	 -0.086426
-0.087646	 -0.088379
-0.085693	 -0.088135
-0.088379	 -0.084473
-0.087646	 -0.085693
-0.086426	 -0.084473
-0.086670	 -0.085205
-0.085449	 -0.084229
-0.085693	 -0.082764
-0.083252	 -0.084229
-0.082520	 -0.082764
-0.082520	 -0.080322
-0.082275	 -0.080811
-0.081299	 -0.077637
-0.081543	 -0.079102
-0.077881	 -0.078369
-0.078857	 -0.075928
-0.077881	 -0.076660
-0.076416	 -0.074219
-0.075928	 -0.074707
-0.072510	 -0.071777
-0.071777	 -0.072021
-0.070068	 -0.070557
-0.068604	 -0.069580
-0.067139	 -0.066650
-0.067139	 -0.066650
-0.063965	 -0.064209
-0.062744	 -0.063721
-0.060547	 -0.060303
-0.060059	 -0.058594
-0.057861	 -0.055420
-0.055176	 -0.055176
-0.052002	 -0.052246
-0.049561	 -0.049316
-0.047363	 -0.047119
-0.044678	 -0.044434
-0.042236	 -0.041992
-0.040039	 -0.037598
-0.037598	 -0.036865
-0.033691	 -0.035645
-0.035645	 -0.033447
-0.036133	 -0.034668
-0.036133	 -0.038086
-0.038086	 -0.037598
-0.040283	 -0.040771
-0.041992	 -0.041748
-0.042480	 -0.043457
-0.043213	 -0.043701
-0.044189	 -0.045410
-0.046631	 -0.046875
-0.046875	 -0.046631
-0.049561	 -0.049072
-0.050781	 -0.051270
-0.049316	 -0.051758
-0.052979	 -0.052246
-0.053955	 -0.055176
-0.053223	 -0.055908
-0.056152	 -0.057373
-0.056885	 -0.058838
-0.057617	 -0.060059
-0.058838	 -0.060059
-0.060547	 -0.062012
-0.060303	 -0.063477
-0.062988	 -0.062988
-0.063477	 -0.064697
-0.066650	 -0.066406
-0.065186	 -0.067871
-0.067383	 -0.067871
-0.069336	 -0.069092
-0.071289	 -0.069824
-0.072998	 -0.069824
-0.073975	 -0.072266
-0.074951	 -0.075195
-0.074951	 -0.075195
-0.077637	 -0.074951
-0.077881	 -0.077637
-0.078613	 -0.076416
-0.081055	 -0.080566
-0.079590	 -0.080322
-0.082031	 -0.082031
-0.081543	 -0.082275
-0.083984	 -0.083496
-0.083008	 -0.084961
-0.083252	 -0.084229
-0.086182	 -0.083740
-0.086670	 -0.086182
-0.084473	 -0.087646
-0.085449	 -0.087158
-0.087158	 -0.086426
-0.086182	 -0.088135
-0.085937	 -0.088135
-0.086670	 -0.089844
-0.086182	 -0.087891
-0.087891	 -0.087158
-0.087402	 -0.089111
-0.087158	 -0.088623
-0.087402	 -0.089600
-0.086426	 -0.088867
-0.087646	 -0.087891
-0.087158	 -0.087402
-0.087158	 -0.087646
-0.087158	 -0.087646
-0.086426	 -0.087646
-0.086670	 -0.086670
-0.086670	 -0.087891
-0.084229	 -0.086914
-0.086914	 -0.085449
-0.086670	 -0.084229
-0.084717	 -0.083496
-0.083496	 -0.083252
-0.082031	 -0.084717
-0.083496	 -0.080811
-0.082275	 -0.080322
-0.081787	 -0.081055
-0.079590	 -0.080566
-0.080078	 -0.079590
-0.079102	 -0.075928
-0.079590	 -0.076416
-0.076416	 -0.076660
-0.074463	 -0.074463
-0.076416	 -0.071777
-0.073242	 -0.071777
-0.071777	 -0.072266
-0.070801	 -0.067871
-0.070312	 -0.067627
-0.066895	 -0.066162
-0.066162	 -0.063965
-0.063721	 -0.062256
-0.061768	 -0.060791
-0.059570	 -0.058105
-0.058594	 -0.058105
-0.054199	 -0.053955
-0.055176	 -0.052734
-0.050049	 -0.051025
-0.049316	 -0.046875
-0.046387	 -0.044434
-0.042725	 -0.041992
-0.041016	 -0.039062
-0.038086	 -0.038330
-0.035889	 -0.034912
-0.035645	 -0.034668
-0.034912	 -0.034180
-0.036133	 -0.037109
-0.038330	 -0.037842
-0.039062	 -0.041016
-0.041016	 -0.041260
-0.043701	 -0.042236
-0.043457	 -0.044434
