260674.000000	 -0.043945
260724.000000	 -0.044189
260774.000000	 -0.045166
260824.000000	 -0.048828
260874.000000	 -0.046143
260924.000000	 -0.047607
260974.000000	 -0.050049
261024.000000	 -0.047119
261074.000000	 -0.049072
261124.000000	 -0.051758
261174.000000	 -0.050049
261224.000000	 -0.050293
261274.000000	 -0.053223
261324.000000	 -0.052002
261374.000000	 -0.052002
261424.000000	 -0.053711
261474.000000	 -0.054932
261524.000000	 -0.054443
261574.000000	 -0.055420
261624.000000	 -0.056396
261674.000000	 -0.057129
261724.000000	 -0.058594
261774.000000	 -0.058350
261824.000000	 -0.058105
261874.000000	 -0.059570
261924.000000	 -0.059814
261974.000000	 -0.059570
262024.000000	 -0.059570
262074.000000	 -0.063477
262124.000000	 -0.062012
262174.000000	 -0.062500
262224.000000	 -0.062744
262274.000000	 -0.064209
262324.000000	 -0.064453
262374.000000	 -0.065674
262424.000000	 -0.063965
262474.000000	 -0.066406
262524.000000	 -0.068359
262574.000000	 -0.068115
262624.000000	 -0.068359
262674.000000	 -0.068604
262724.000000	 -0.070312
262774.000000	 -0.069580
262824.000000	 -0.071045
262874.000000	 -0.070801
262924.000000	 -0.072021
262974.000000	 -0.071289
263024.000000	 -0.072754
263074.000000	 -0.072998
263124.000000	 -0.074463
263174.000000	 -0.072998
263224.000000	 -0.076416
263274.000000	 -0.074951
263324.000000	 -0.076172
263374.000000	 -0.077393
263424.000000	 -0.076172
263474.000000	 -0.078125
263524.000000	 -0.080322
263574.000000	 -0.077148
263624.000000	 -0.081055
263674.000000	 -0.079346
263724.000000	 -0.080078
263774.000000	 -0.080811
263824.000000	 -0.080811
263874.000000	 -0.081299
263924.000000	 -0.082031
263974.000000	 -0.081543
264024.000000	 -0.081787
264074.000000	 -0.083252
264124.000000	 -0.083984
264174.000000	 -0.084473
264224.000000	 -0.082764
264274.000000	 -0.085693
264324.000000	 -0.084717
264374.000000	 -0.084961
264424.000000	 -0.085205
264474.000000	 -0.085693
264524.000000	 -0.084229
264574.000000	 -0.087891
264624.000000	 -0.084473
264674.000000	 -0.086426
264724.000000	 -0.086914
264774.000000	 -0.087402
264824.000000	 -0.087158
264874.000000	 -0.087646
264924.000000	 -0.087402
264974.000000	 -0.087646
265024.000000	 -0.087158
265074.000000	 -0.087402
265124.000000	 -0.085937
265174.000000	 -0.089111
265224.000000	 -0.087158
265274.000000	 -0.087646
265324.000000	 -0.088135
265374.000000	 -0.088867
265424.000000	 -0.086914
265474.000000	 -0.091064
265524.000000	 -0.086914
265574.000000	 -0.087891
265624.000000	 -0.088623
265674.000000	 -0.087402
265724.000000	 -0.085693
265774.000000	 -0.090576
265824.000000	 -0.087158
265874.000000	 -0.087646
265924.000000	 -0.087891
265974.000000	 -0.087646
266024.000000	 -0.086426
266074.000000	 -0.088623
266124.000000	 -0.087402
266174.000000	 -0.087891
266224.000000	 -0.086670
266274.000000	 -0.086426
266324.000000	 -0.086182
266374.000000	 -0.086670
266424.000000	 -0.085937
266474.000000	 -0.085693
266524.000000	 -0.086670
266574.000000	 -0.086914
266624.000000	 -0.083008
266674.000000	 -0.085449
266724.000000	 -0.085205
266774.000000	 -0.082764
266824.000000	 -0.086914
266874.000000	 -0.083008
266924.000000	 -0.084229
266974.000000	 -0.082764
267024.000000	 -0.081787
267074.000000	 -0.082520
267124.000000	 -0.082031
267174.000000	 -0.080811
267224.000000	 -0.082520
267274.000000	 -0.079346
267324.000000	 -0.079590
267374.000000	 -0.079590
267424.000000	 -0.080322
267474.000000	 -0.077637
267524.000000	 -0.078369
267574.000000	 -0.076172
267624.000000	 -0.079102
267674.000000	 -0.075684
267724.000000	 -0.074951
267774.000000	 -0.075684
267824.000000	 -0.075195
267874.000000	 -0.074219
267924.000000	 -0.074707
267974.000000	 -0.072510
268024.000000	 -0.071777
268074.000000	 -0.072266
268124.000000	 -0.072754
268174.000000	 -0.070312
268224.000000	 -0.068359
268274.000000	 -0.068848
268324.000000	 -0.068359
268374.000000	 -0.067139
268424.000000	 -0.066406
268474.000000	 -0.065918
268524.000000	 -0.064941
268574.000000	 -0.063232
268624.000000	 -0.064697
268674.000000	 -0.062012
268724.000000	 -0.061035
268774.000000	 -0.062012
268824.000000	 -0.058350
268874.000000	 -0.060059
268924.000000	 -0.056396
268974.000000	 -0.057129
269024.000000	 -0.054687
269074.000000	 -0.054199
269124.000000	 -0.053223
269174.000000	 -0.052246
269224.000000	 -0.050781
269274.000000	 -0.049561
269324.000000	 -0.048340
269374.000000	 -0.046387
269424.000000	 -0.045166
269474.000000	 -0.045654
269524.000000	 -0.042480
269574.000000	 -0.041016
269624.000000	 -0.040527
269674.000000	 -0.037842
269724.000000	 -0.037842
269774.000000	 -0.037109
269824.000000	 -0.035156
269874.000000	 -0.036377
269924.000000	 -0.034424
269974.000000	 -0.035889
270024.000000	 -0.035156
270074.000000	 -0.034668
270124.000000	 -0.034668
270174.000000	 -0.039062
270224.000000	 -0.037598
270274.000000	 -0.038330
270324.000000	 -0.041748
270374.000000	 -0.040771
270424.000000	 -0.043701
270474.000000	 -0.041016
270524.000000	 -0.042480
270574.000000	 -0.042480
270624.000000	 -0.043945
270674.000000	 -0.042725
270724.000000	 -0.045410
270774.000000	 -0.046143
270824.000000	 -0.045898
270874.000000	 -0.048096
270924.000000	 -0.047852
270974.000000	 -0.046631
271024.000000	 -0.050049
271074.000000	 -0.048340
271124.000000	 -0.051025
271174.000000	 -0.049561
271224.000000	 -0.050537
271274.000000	 -0.054199
271324.000000	 -0.052734
271374.000000	 -0.052002
271424.000000	 -0.053223
271474.000000	 -0.055664
271524.000000	 -0.054932
271574.000000	 -0.054687
271624.000000	 -0.057129
271674.000000	 -0.055664
271724.000000	 -0.057617
271774.000000	 -0.058838
271824.000000	 -0.057861
271874.000000	 -0.058838
271924.000000	 -0.058838
271974.000000	 -0.058594
272024.000000	 -0.061279
272074.000000	 -0.061279
272124.000000	 -0.060059
272174.000000	 -0.063477
272224.000000	 -0.062256
272274.000000	 -0.062744
272324.000000	 -0.064209
272374.000000	 -0.064941
272424.000000	 -0.065186
272474.000000	 -0.066895
272524.000000	 -0.065430
272574.000000	 -0.068848
272624.000000	 -0.065674
272674.000000	 -0.069336
272724.000000	 -0.070557
272774.000000	 -0.067383
272824.000000	 -0.072266
272874.000000	 -0.070801
272924.000000	 -0.069580
272974.000000	 -0.072266
273024.000000	 -0.073730
273074.000000	 -0.071533
273124.000000	 -0.074463
273174.000000	 -0.073975
273224.000000	 -0.074463
273274.000000	 -0.076172
273324.000000	 -0.075195
273374.000000	 -0.074951
273424.000000	 -0.079102
273474.000000	 -0.076416
273524.000000	 -0.076904
273574.000000	 -0.079346
273624.000000	 -0.080322
273674.000000	 -0.078857
273724.000000	 -0.081055
273774.000000	 -0.080811
273824.000000	 -0.079102
273874.000000	 -0.080322
273924.000000	 -0.083252
273974.000000	 -0.082520
274024.000000	 -0.083008
274074.000000	 -0.082275
274124.000000	 -0.083496
274174.000000	 -0.083984
274224.000000	 -0.085449
274274.000000	 -0.083496
274324.000000	 -0.083984
274374.000000	 -0.085205
274424.000000	 -0.086426
274474.000000	 -0.085205
274524.000000	 -0.085937
274574.000000	 -0.085449
274624.000000	 -0.085449
274674.000000	 -0.086426
274724.000000	 -0.088623
274774.000000	 -0.085449
274824.000000	 -0.087402
274874.000000	 -0.087891
274924.000000	 -0.087158
274974.000000	 -0.085449
275024.000000	 -0.087158
275074.000000	 -0.089600
275124.000000	 -0.086426
275174.000000	 -0.087891
275224.000000	 -0.085449
275274.000000	 -0.089355
275324.000000	 -0.084717
275374.000000	 -0.089111
275424.000000	 -0.087158
275474.000000	 -0.086670
275524.000000	 -0.089111
275574.000000	 -0.087646
275624.000000	 -0.086670
275674.000000	 -0.085937
275724.000000	 -0.088135
275774.000000	 -0.086914
275824.000000	 -0.086182
275874.000000	 -0.087646
275924.000000	 -0.087158
275974.000000	 -0.088379
276024.000000	 -0.085205
276074.000000	 -0.088623
276124.000000	 -0.086182
276174.000000	 -0.088135
276224.000000	 -0.085449
276274.000000	 -0.087402
276324.000000	 -0.085205
276374.000000	 -0.087646
276424.000000	 -0.083252
276474.000000	 -0.086670
276524.000000	 -0.085205
276574.000000	 -0.086670
276624.000000	 -0.082031
276674.000000	 -0.087646
276724.000000	 -0.083252
276774.000000	 -0.083252
276824.000000	 -0.085205
276874.000000	 -0.081055
276924.000000	 -0.081543
276974.000000	 -0.083984
277024.000000	 -0.080811
277074.000000	 -0.080322
277124.000000	 -0.082764
277174.000000	 -0.080566
277224.000000	 -0.079834
277274.000000	 -0.080078
277324.000000	 -0.080322
277374.000000	 -0.077393
277424.000000	 -0.079590
277474.000000	 -0.076904
277524.000000	 -0.078857
277574.000000	 -0.076904
277624.000000	 -0.075439
277674.000000	 -0.076416
277724.000000	 -0.076172
277774.000000	 -0.072754
277824.000000	 -0.075684
277874.000000	 -0.072266
277924.000000	 -0.073242
277974.000000	 -0.072266
278024.000000	 -0.072998
278074.000000	 -0.069824
278124.000000	 -0.071533
278174.000000	 -0.070312
278224.000000	 -0.067139
278274.000000	 -0.068115
278324.000000	 -0.069092
278374.000000	 -0.065430
278424.000000	 -0.065186
278474.000000	 -0.064697
278524.000000	 -0.063965
278574.000000	 -0.063965
278624.000000	 -0.061768
278674.000000	 -0.060059
278724.000000	 -0.061768
278774.000000	 -0.058594
278824.000000	 -0.059814
278874.000000	 -0.058350
278924.000000	 -0.054932
278974.000000	 -0.057861
279024.000000	 -0.054443
279074.000000	 -0.052490
279124.000000	 -0.051514
279174.000000	 -0.052490
279224.000000	 -0.049316
279274.000000	 -0.047119
279324.000000	 -0.046143
279374.000000	 -0.046143
279424.000000	 -0.042480
279474.000000	 -0.042969
279524.000000	 -0.041260
279574.000000	 -0.040283
279624.000000	 -0.038330
279674.000000	 -0.038086
279724.000000	 -0.036621
279774.000000	 -0.036621
279824.000000	 -0.034180
279874.000000	 -0.035156
279924.000000	 -0.036133
279974.000000	 -0.035400
280024.000000	 -0.035400
280074.000000	 -0.034668
280124.000000	 -0.037354
280174.000000	 -0.038574
280224.000000	 -0.035889
280274.000000	 -0.039307
280324.000000	 -0.042480
280374.000000	 -0.040039
280424.000000	 -0.042725
280474.000000	 -0.041992
280524.000000	 -0.043701
280574.000000	 -0.042480
280624.000000	 -0.042969
280674.000000	 -0.045410
280724.000000	 -0.045654
280774.000000	 -0.045166
280824.000000	 -0.045898
280874.000000	 -0.046631
280924.000000	 -0.048584
280974.000000	 -0.049072
281024.000000	 -0.047119
281074.000000	 -0.050781
281124.000000	 -0.051025
281174.000000	 -0.049072
281224.000000	 -0.052246
281274.000000	 -0.051758
281324.000000	 -0.054199
281374.000000	 -0.053467
281424.000000	 -0.053955
281474.000000	 -0.053467
281524.000000	 -0.056885
281574.000000	 -0.055664
281624.000000	 -0.055420
281674.000000	 -0.058105
281724.000000	 -0.056885
281774.000000	 -0.057617
281824.000000	 -0.059570
281874.000000	 -0.058594
281924.000000	 -0.059082
281974.000000	 -0.062012
282024.000000	 -0.060791
282074.000000	 -0.061279
282124.000000	 -0.062012
282174.000000	 -0.062256
282224.000000	 -0.062256
282274.000000	 -0.065918
282324.000000	 -0.063721
282374.000000	 -0.064453
282424.000000	 -0.066162
282474.000000	 -0.066406
282524.000000	 -0.066162
282574.000000	 -0.067871
282624.000000	 -0.067383
282674.000000	 -0.069336
282724.000000	 -0.069336
282774.000000	 -0.068604
282824.000000	 -0.071777
282874.000000	 -0.071045
282924.000000	 -0.070068
282974.000000	 -0.073242
283024.000000	 -0.072510
283074.000000	 -0.073975
283124.000000	 -0.074463
283174.000000	 -0.075439
283224.000000	 -0.073730
283274.000000	 -0.076416
283324.000000	 -0.077393
283374.000000	 -0.075928
283424.000000	 -0.078613
283474.000000	 -0.077881
283524.000000	 -0.077881
283574.000000	 -0.079346
283624.000000	 -0.080566
283674.000000	 -0.078857
283724.000000	 -0.081543
283774.000000	 -0.079590
283824.000000	 -0.081299
283874.000000	 -0.080566
283924.000000	 -0.083740
283974.000000	 -0.081055
284024.000000	 -0.083740
284074.000000	 -0.083496
284124.000000	 -0.084473
284174.000000	 -0.083008
284224.000000	 -0.085205
284274.000000	 -0.083740
284324.000000	 -0.085937
284374.000000	 -0.084961
284424.000000	 -0.086426
284474.000000	 -0.084961
284524.000000	 -0.086426
284574.000000	 -0.085693
284624.000000	 -0.086914
284674.000000	 -0.087891
284724.000000	 -0.087158
284774.000000	 -0.085937
284824.000000	 -0.086914
284874.000000	 -0.087158
284924.000000	 -0.087891
284974.000000	 -0.085937
285024.000000	 -0.087891
285074.000000	 -0.087402
285124.000000	 -0.088623
285174.000000	 -0.088379
285224.000000	 -0.087402
285274.000000	 -0.089355
285324.000000	 -0.087646
285374.000000	 -0.086914
285424.000000	 -0.087891
285474.000000	 -0.087402
285524.000000	 -0.088379
285574.000000	 -0.089111
285624.000000	 -0.086426
285674.000000	 -0.088379
285724.000000	 -0.088623
285774.000000	 -0.086182
285824.000000	 -0.088135
285874.000000	 -0.088867
285924.000000	 -0.086914
285974.000000	 -0.087646
286024.000000	 -0.088379
286074.000000	 -0.087402
286124.000000	 -0.084473
286174.000000	 -0.088867
286224.000000	 -0.086182
286274.000000	 -0.087158
286324.000000	 -0.086914
286374.000000	 -0.085937
286424.000000	 -0.085937
286474.000000	 -0.086426
286524.000000	 -0.083496
286574.000000	 -0.087646
286624.000000	 -0.086182
286674.000000	 -0.084229
286724.000000	 -0.085205
286774.000000	 -0.085205
286824.000000	 -0.081299
286874.000000	 -0.085449
286924.000000	 -0.083496
286974.000000	 -0.081055
287024.000000	 -0.082764
287074.000000	 -0.083252
287124.000000	 -0.080566
287174.000000	 -0.081299
287224.000000	 -0.081299
287274.000000	 -0.079346
287324.000000	 -0.079834
287374.000000	 -0.079590
287424.000000	 -0.078369
287474.000000	 -0.078613
287524.000000	 -0.078613
287574.000000	 -0.077393
287624.000000	 -0.077148
287674.000000	 -0.076416
287724.000000	 -0.075439
287774.000000	 -0.075195
287824.000000	 -0.074707
287874.000000	 -0.073242
287924.000000	 -0.074463
287974.000000	 -0.072510
288024.000000	 -0.071777
288074.000000	 -0.072510
288124.000000	 -0.070557
288174.000000	 -0.069580
288224.000000	 -0.071045
288274.000000	 -0.068115
288324.000000	 -0.068115
288374.000000	 -0.067871
288424.000000	 -0.066895
288474.000000	 -0.065674
288524.000000	 -0.064697
288574.000000	 -0.065186
288624.000000	 -0.062500
288674.000000	 -0.060547
288724.000000	 -0.062988
288774.000000	 -0.057617
288824.000000	 -0.061523
288874.000000	 -0.058350
288924.000000	 -0.056152
288974.000000	 -0.058350
289024.000000	 -0.054687
289074.000000	 -0.052002
289124.000000	 -0.053223
289174.000000	 -0.053223
289224.000000	 -0.049561
289274.000000	 -0.048828
289324.000000	 -0.047852
289374.000000	 -0.046143
289424.000000	 -0.044434
289474.000000	 -0.044434
289524.000000	 -0.040527
289574.000000	 -0.042725
289624.000000	 -0.039551
289674.000000	 -0.037842
289724.000000	 -0.037842
289774.000000	 -0.037109
289824.000000	 -0.035889
289874.000000	 -0.034668
289924.000000	 -0.034912
289974.000000	 -0.035400
290024.000000	 -0.034180
290074.000000	 -0.036133
290124.000000	 -0.036133
290174.000000	 -0.038086
290224.000000	 -0.039062
290274.000000	 -0.038330
290324.000000	 -0.039307
290374.000000	 -0.042480
290424.000000	 -0.041504
290474.000000	 -0.043457
290524.000000	 -0.043945
290574.000000	 -0.041748
290624.000000	 -0.043457
290674.000000	 -0.045166
290724.000000	 -0.044922
290774.000000	 -0.045410
290824.000000	 -0.048096
290874.000000	 -0.047119
290924.000000	 -0.046875
290974.000000	 -0.048340
291024.000000	 -0.050293
291074.000000	 -0.046875
291124.000000	 -0.050781
291174.000000	 -0.051758
291224.000000	 -0.051270
291274.000000	 -0.051514
291324.000000	 -0.052490
291374.000000	 -0.052246
291424.000000	 -0.053711
291474.000000	 -0.054443
291524.000000	 -0.056885
291574.000000	 -0.053711
291624.000000	 -0.056152
291674.000000	 -0.056641
291724.000000	 -0.057617
291774.000000	 -0.058838
291824.000000	 -0.058594
291874.000000	 -0.059326
291924.000000	 -0.060547
291974.000000	 -0.060303
292024.000000	 -0.061035
292074.000000	 -0.061523
292124.000000	 -0.062012
292174.000000	 -0.062012
292224.000000	 -0.062988
292274.000000	 -0.064453
292324.000000	 -0.064697
292374.000000	 -0.063477
292424.000000	 -0.064941
292474.000000	 -0.066162
292524.000000	 -0.065430
292574.000000	 -0.067871
292624.000000	 -0.068604
292674.000000	 -0.068115
292724.000000	 -0.067627
292774.000000	 -0.071777
292824.000000	 -0.067139
292874.000000	 -0.072510
292924.000000	 -0.071289
292974.000000	 -0.071289
293024.000000	 -0.073242
293074.000000	 -0.073242
293124.000000	 -0.072998
293174.000000	 -0.075684
293224.000000	 -0.074707
293274.000000	 -0.075195
293324.000000	 -0.075195
293374.000000	 -0.078613
293424.000000	 -0.076904
293474.000000	 -0.078613
293524.000000	 -0.078125
293574.000000	 -0.079346
293624.000000	 -0.079590
293674.000000	 -0.078613
293724.000000	 -0.080811
293774.000000	 -0.080811
293824.000000	 -0.082764
293874.000000	 -0.078857
293924.000000	 -0.082764
293974.000000	 -0.082764
294024.000000	 -0.082031
294074.000000	 -0.083496
294124.000000	 -0.083496
294174.000000	 -0.083496
294224.000000	 -0.084961
294274.000000	 -0.083496
294324.000000	 -0.086670
294374.000000	 -0.083984
294424.000000	 -0.086182
294474.000000	 -0.085693
294524.000000	 -0.088623
294574.000000	 -0.083496
294624.000000	 -0.089111
294674.000000	 -0.083984
294724.000000	 -0.087402
294774.000000	 -0.085449
294824.000000	 -0.087402
294874.000000	 -0.086914
294924.000000	 -0.087158
294974.000000	 -0.087158
295024.000000	 -0.086426
295074.000000	 -0.088135
295124.000000	 -0.086914
295174.000000	 -0.085937
295224.000000	 -0.090576
295274.000000	 -0.086914
295324.000000	 -0.086426
295374.000000	 -0.089844
295424.000000	 -0.086914
295474.000000	 -0.085449
295524.000000	 -0.088379
295574.000000	 -0.086426
295624.000000	 -0.089355
295674.000000	 -0.086182
295724.000000	 -0.088135
295774.000000	 -0.086914
295824.000000	 -0.087158
295874.000000	 -0.087646
295924.000000	 -0.086426
295974.000000	 -0.087646
296024.000000	 -0.088379
296074.000000	 -0.085693
296124.000000	 -0.088135
296174.000000	 -0.088379
296224.000000	 -0.084473
296274.000000	 -0.087646
296324.000000	 -0.085693
296374.000000	 -0.086426
296424.000000	 -0.084473
296474.000000	 -0.086670
296524.000000	 -0.085205
296574.000000	 -0.085449
296624.000000	 -0.084229
296674.000000	 -0.085693
296724.000000	 -0.082764
296774.000000	 -0.083252
296824.000000	 -0.084229
296874.000000	 -0.082520
296924.000000	 -0.082764
296974.000000	 -0.082520
297024.000000	 -0.080322
297074.000000	 -0.082275
297124.000000	 -0.080811
297174.000000	 -0.081299
297224.000000	 -0.077637
297274.000000	 -0.081543
297324.000000	 -0.079102
297374.000000	 -0.077881
297424.000000	 -0.078369
297474.000000	 -0.078857
297524.000000	 -0.075928
297574.000000	 -0.077881
297624.000000	 -0.076660
297674.000000	 -0.076416
297724.000000	 -0.074219
297774.000000	 -0.075928
297824.000000	 -0.074707
297874.000000	 -0.072510
297924.000000	 -0.071777
297974.000000	 -0.071777
298024.000000	 -0.072021
298074.000000	 -0.070068
298124.000000	 -0.070557
298174.000000	 -0.068604
298224.000000	 -0.069580
298274.000000	 -0.067139
298324.000000	 -0.066650
298374.000000	 -0.067139
298424.000000	 -0.066650
298474.000000	 -0.063965
298524.000000	 -0.064209
298574.000000	 -0.062744
298624.000000	 -0.063721
298674.000000	 -0.060547
298724.000000	 -0.060303
298774.000000	 -0.060059
298824.000000	 -0.058594
298874.000000	 -0.057861
298924.000000	 -0.055420
298974.000000	 -0.055176
299024.000000	 -0.055176
299074.000000	 -0.052002
299124.000000	 -0.052246
299174.000000	 -0.049561
299224.000000	 -0.049316
299274.000000	 -0.047363
299324.000000	 -0.047119
299374.000000	 -0.044678
299424.000000	 -0.044434
299474.000000	 -0.042236
299524.000000	 -0.041992
299574.000000	 -0.040039
299624.000000	 -0.037598
299674.000000	 -0.037598
299724.000000	 -0.036865
299774.000000	 -0.033691
299824.000000	 -0.035645
299874.000000	 -0.035645
299924.000000	 -0.033447
299974.000000	 -0.036133
300024.000000	 -0.034668
300074.000000	 -0.036133
300124.000000	 -0.038086
300174.000000	 -0.038086
300224.000000	 -0.037598
300274.000000	 -0.040283
300324.000000	 -0.040771
300374.000000	 -0.041992
300424.000000	 -0.041748
300474.000000	 -0.042480
300524.000000	 -0.043457
300574.000000	 -0.043213
300624.000000	 -0.043701
300674.000000	 -0.044189
300724.000000	 -0.045410
300774.000000	 -0.046631
300824.000000	 -0.046875
300874.000000	 -0.046875
300924.000000	 -0.046631
300974.000000	 -0.049561
301024.000000	 -0.049072
301074.000000	 -0.050781
301124.000000	 -0.051270
301174.000000	 -0.049316
301224.000000	 -0.051758
301274.000000	 -0.052979
301324.000000	 -0.052246
301374.000000	 -0.053955
301424.000000	 -0.055176
301474.000000	 -0.053223
301524.000000	 -0.055908
301574.000000	 -0.056152
301624.000000	 -0.057373
301674.000000	 -0.056885
301724.000000	 -0.058838
301774.000000	 -0.057617
301824.000000	 -0.060059
301874.000000	 -0.058838
301924.000000	 -0.060059
301974.000000	 -0.060547
302024.000000	 -0.062012
302074.000000	 -0.060303
302124.000000	 -0.063477
302174.000000	 -0.062988
302224.000000	 -0.062988
302274.000000	 -0.063477
302324.000000	 -0.064697
302374.000000	 -0.066650
302424.000000	 -0.066406
302474.000000	 -0.065186
302524.000000	 -0.067871
302574.000000	 -0.067383
302624.000000	 -0.067871
302674.000000	 -0.069336
302724.000000	 -0.069092
302774.000000	 -0.071289
302824.000000	 -0.069824
302874.000000	 -0.072998
302924.000000	 -0.069824
302974.000000	 -0.073975
303024.000000	 -0.072266
303074.000000	 -0.074951
303124.000000	 -0.075195
303174.000000	 -0.074951
303224.000000	 -0.075195
303274.000000	 -0.077637
303324.000000	 -0.074951
303374.000000	 -0.077881
303424.000000	 -0.077637
303474.000000	 -0.078613
303524.000000	 -0.076416
303574.000000	 -0.081055
303624.000000	 -0.080566
303674.000000	 -0.079590
303724.000000	 -0.080322
303774.000000	 -0.082031
303824.000000	 -0.082031
303874.000000	 -0.081543
303924.000000	 -0.082275
303974.000000	 -0.083984
304024.000000	 -0.083496
304074.000000	 -0.083008
304124.000000	 -0.084961
304174.000000	 -0.083252
304224.000000	 -0.084229
304274.000000	 -0.086182
304324.000000	 -0.083740
304374.000000	 -0.086670
304424.000000	 -0.086182
304474.000000	 -0.084473
304524.000000	 -0.087646
304574.000000	 -0.085449
304624.000000	 -0.087158
304674.000000	 -0.087158
304724.000000	 -0.086426
304774.000000	 -0.086182
304824.000000	 -0.088135
304874.000000	 -0.085937
304924.000000	 -0.088135
304974.000000	 -0.086670
305024.000000	 -0.089844
305074.000000	 -0.086182
305124.000000	 -0.087891
305174.000000	 -0.087891
305224.000000	 -0.087158
305274.000000	 -0.087402
305324.000000	 -0.089111
305374.000000	 -0.087158
305424.000000	 -0.088623
305474.000000	 -0.087402
305524.000000	 -0.089600
305574.000000	 -0.086426
305624.000000	 -0.088867
305674.000000	 -0.087646
305724.000000	 -0.087891
305774.000000	 -0.087158
305824.000000	 -0.087402
305874.000000	 -0.087158
305924.000000	 -0.087646
305974.000000	 -0.087158
306024.000000	 -0.087646
306074.000000	 -0.086426
306124.000000	 -0.087646
306174.000000	 -0.086670
306224.000000	 -0.086670
306274.000000	 -0.086670
306324.000000	 -0.087891
306374.000000	 -0.084229
306424.000000	 -0.086914
306474.000000	 -0.086914
306524.000000	 -0.085449
306574.000000	 -0.086670
306624.000000	 -0.084229
306674.000000	 -0.084717
306724.000000	 -0.083496
306774.000000	 -0.083496
306824.000000	 -0.083252
306874.000000	 -0.082031
306924.000000	 -0.084717
306974.000000	 -0.083496
307024.000000	 -0.080811
307074.000000	 -0.082275
307124.000000	 -0.080322
307174.000000	 -0.081787
307224.000000	 -0.081055
307274.000000	 -0.079590
307324.000000	 -0.080566
307374.000000	 -0.080078
307424.000000	 -0.079590
307474.000000	 -0.079102
307524.000000	 -0.075928
307574.000000	 -0.079590
307624.000000	 -0.076416
307674.000000	 -0.076416
307724.000000	 -0.076660
307774.000000	 -0.074463
307824.000000	 -0.074463
307874.000000	 -0.076416
307924.000000	 -0.071777
307974.000000	 -0.073242
308024.000000	 -0.071777
308074.000000	 -0.071777
308124.000000	 -0.072266
308174.000000	 -0.070801
308224.000000	 -0.067871
308274.000000	 -0.070312
308324.000000	 -0.067627
308374.000000	 -0.066895
308424.000000	 -0.066162
308474.000000	 -0.066162
308524.000000	 -0.063965
308574.000000	 -0.063721
308624.000000	 -0.062256
308674.000000	 -0.061768
308724.000000	 -0.060791
308774.000000	 -0.059570
308824.000000	 -0.058105
308874.000000	 -0.058594
308924.000000	 -0.058105
308974.000000	 -0.054199
309024.000000	 -0.053955
309074.000000	 -0.055176
309124.000000	 -0.052734
309174.000000	 -0.050049
309224.000000	 -0.051025
309274.000000	 -0.049316
309324.000000	 -0.046875
309374.000000	 -0.046387
309424.000000	 -0.044434
309474.000000	 -0.042725
309524.000000	 -0.041992
309574.000000	 -0.041016
309624.000000	 -0.039062
309674.000000	 -0.038086
309724.000000	 -0.038330
309774.000000	 -0.035889
309824.000000	 -0.034912
309874.000000	 -0.035645
309924.000000	 -0.034668
309974.000000	 -0.034912
310024.000000	 -0.034180
310074.000000	 -0.036133
310124.000000	 -0.037109
310174.000000	 -0.038330
310224.000000	 -0.037842
310274.000000	 -0.039062
310324.000000	 -0.041016
310374.000000	 -0.041016
310424.000000	 -0.041260
310474.000000	 -0.043701
310524.000000	 -0.042236
310574.000000	 -0.043457
310624.000000	 -0.044434
