0.00	196.00	19	31	24	24
27.28	28.00	24	32	24	24
27.31	28.00	23	32	24	24
27.31	28.00	24	32	24	24
27.31	28.00	23	32	24	24
27.34	28.00	23	32	24	24
27.34	28.00	24	32	24	24
27.34	28.00	23	32	24	24
27.34	28.00	23	32	24	24
27.34	28.00	24	32	24	24
27.34	28.00	23	32	24	24
27.34	28.00	23	32	24	24
27.34	28.00	24	32	24	24
27.34	28.00	23	32	24	23
27.34	28.00	24	32	24	24
27.34	28.00	24	32	24	24
27.34	28.00	24	33	24	24
27.34	28.00	24	33	24	24
27.34	28.00	23	33	24	24
27.34	28.00	23	33	24	24
27.34	28.00	24	33	24	23
27.34	28.00	23	33	24	24
27.34	28.00	23	33	24	24
27.34	28.00	23	33	24	24
27.34	28.00	24	33	24	24
27.34	28.00	23	33	24	24
27.34	28.00	24	33	24	24
27.31	28.00	23	33	24	24
27.31	28.00	23	33	24	24
27.31	28.00	23	33	24	24
27.31	28.00	24	33	24	24
27.31	28.00	23	34	24	24
27.31	28.00	24	34	24	24
27.31	28.00	23	34	24	24
27.31	28.00	23	34	24	24
27.31	28.00	23	34	24	24
27.31	28.00	23	34	24	24
27.31	28.00	23	34	24	24
27.31	28.00	23	35	24	24
27.31	28.00	23	35	24	24
27.31	28.00	23	35	24	24
27.31	28.00	23	35	24	24
27.31	28.00	24	35	24	24
27.28	28.00	23	35	24	24
27.28	28.00	23	35	24	24
27.28	28.00	23	35	24	24
27.28	28.00	23	35	24	24
27.28	28.00	23	35	24	24
27.28	28.00	24	35	24	24
27.28	28.00	23	35	24	24
27.28	28.00	23	35	24	24
27.28	28.00	23	35	24	24
27.28	28.00	24	35	24	24
27.28	28.00	24	35	24	24
27.28	28.00	24	35	24	24
27.28	28.00	24	35	24	24
27.28	28.00	23	35	24	24
27.28	28.00	24	35	24	24
27.28	28.00	24	35	24	24
27.28	28.00	24	36	24	24
27.28	28.00	23	35	24	24
27.25	28.00	23	35	24	24
27.25	28.00	23	35	24	24
27.25	28.00	24	35	24	24
27.25	28.00	24	36	24	24
27.25	28.00	24	36	24	24
27.25	28.00	24	36	24	24
27.25	28.00	24	36	24	24
27.25	28.00	24	36	24	24
27.25	28.00	24	36	24	24
27.25	28.00	24	36	24	23
27.25	28.00	24	36	24	24
27.25	28.00	23	35	24	24
27.25	28.00	23	36	24	24
27.25	28.00	24	36	24	24
27.22	28.00	23	36	24	24
27.22	28.00	24	36	24	24
27.22	28.00	23	36	24	24
27.22	28.00	23	36	24	24
27.22	28.00	23	36	24	24
27.22	28.00	24	36	24	24
27.22	28.00	23	36	24	24
27.22	28.00	23	36	24	24
27.22	28.00	24	36	24	24
27.22	28.00	23	35	24	24
27.22	28.00	23	36	24	24
27.22	28.00	23	36	24	24
27.22	28.00	24	36	24	24
27.22	28.00	24	36	24	24
27.22	28.00	24	36	24	24
27.22	28.00	24	36	24	24
27.22	28.00	24	36	24	24
27.22	28.00	24	36	24	24
27.22	28.00	24	36	24	24
27.22	28.00	24	36	24	24
27.22	28.00	24	36	24	24
27.22	28.00	24	36	24	24
27.22	28.00	23	36	24	24
27.19	28.00	23	36	24	24
27.19	28.00	23	36	24	24
27.19	28.00	24	36	24	24
27.19	28.00	23	36	24	24
27.19	28.00	23	36	24	24
27.19	28.00	23	36	24	24
27.19	28.00	23	36	24	24
27.19	28.00	23	36	24	24
27.19	28.00	24	36	24	24
27.19	28.00	24	36	24	24
27.19	28.00	23	36	24	24
27.19	28.00	23	36	24	24
27.19	28.00	24	36	24	24
27.19	28.00	23	36	24	24
27.19	28.00	23	36	24	24
27.19	28.00	23	36	24	24
27.19	28.00	23	36	24	24
27.19	28.00	23	37	24	24
27.19	28.00	24	37	24	24
27.19	28.00	24	36	24	24
27.19	28.00	24	37	24	24
27.19	28.00	24	37	24	24
27.19	28.00	24	37	24	24
27.16	28.00	23	37	24	24
27.16	28.00	24	37	24	24
27.16	28.00	24	37	24	24
27.16	28.00	24	37	24	24
27.16	28.00	23	37	24	24
27.16	28.00	23	37	24	24
27.16	28.00	23	37	24	24
27.16	28.00	23	37	24	24
27.16	28.00	23	37	24	24
27.16	28.00	24	37	24	24
27.16	28.00	23	37	24	24
27.16	28.00	23	37	24	24
27.16	28.00	24	37	24	24
27.16	28.00	24	37	24	24
27.16	28.00	24	41	24	24
27.16	28.00	24	37	24	24
27.16	28.00	24	37	24	24
27.16	28.00	23	37	24	24
27.16	28.00	24	37	24	24
27.16	28.00	24	37	24	24
27.16	28.00	24	37	24	24
27.16	28.00	24	37	24	24
27.16	28.00	24	37	24	24
27.16	28.00	24	37	24	24
27.16	28.00	24	37	24	24
27.16	28.00	23	37	24	24
27.16	28.00	23	37	24	24
27.16	28.00	23	37	24	24
27.16	28.00	24	37	24	24
27.16	28.00	24	37	24	24
27.16	28.00	24	37	24	24
27.16	28.00	24	37	24	24
27.16	28.00	24	37	24	24
27.16	28.00	24	37	24	24
27.16	28.00	24	37	24	24
27.16	28.00	24	37	24	24
27.16	28.00	24	37	24	24
27.16	28.00	24	37	24	24
27.16	28.00	24	37	24	24
27.16	28.00	24	37	24	24
27.16	28.00	24	38	24	24
27.16	28.00	24	37	24	24
27.16	28.00	24	37	24	24
27.16	28.00	24	37	24	24
27.16	28.00	24	38	24	24
27.16	28.00	24	38	24	24
27.16	28.00	23	38	24	24
27.16	28.00	24	38	24	24
27.16	28.00	24	38	24	24
27.16	28.00	24	38	24	24
27.16	28.00	24	38	24	24
27.12	28.00	23	38	24	24
27.12	28.00	24	38	24	24
27.12	28.00	24	38	24	24
27.12	28.00	24	38	24	24
27.12	28.00	23	38	24	24
27.12	28.00	24	38	24	24
27.12	28.00	24	38	24	24
27.12	28.00	24	38	24	24
27.12	28.00	23	38	24	24
27.12	28.00	23	38	24	24
27.12	28.00	24	38	24	24
27.12	28.00	23	38	24	24
27.12	28.00	24	38	24	24
27.12	28.00	23	38	24	24
27.12	28.00	24	38	24	24
27.12	28.00	24	38	24	24
27.12	28.00	23	38	24	24
27.12	28.00	23	38	24	24
27.12	28.00	24	38	24	24
27.12	28.00	24	38	24	24
27.12	28.00	24	38	24	24
27.12	28.00	24	38	24	24
27.12	28.00	24	38	24	24
27.12	28.00	24	38	24	24
27.12	28.00	24	38	24	24
27.12	28.00	24	38	24	24
27.12	28.00	24	38	24	24
27.12	28.00	24	38	24	24
27.12	28.00	24	38	24	24
27.12	28.00	24	38	24	24
27.12	28.00	24	38	24	24
27.12	28.00	24	38	24	24
27.12	28.00	24	38	24	24
27.12	28.00	24	38	24	24
27.12	28.00	24	38	24	24
27.12	28.00	24	38	24	24
27.12	28.00	24	38	24	24
27.12	28.00	24	38	24	24
27.12	28.00	24	38	24	24
27.12	28.00	24	38	24	24
27.12	28.00	24	38	24	24
27.12	28.00	24	37	24	24
27.12	28.00	24	37	24	24
27.12	28.00	24	37	24	24
27.12	28.00	24	37	24	24
27.12	27.50	24	37	24	24
27.12	28.00	23	37	24	24
27.12	27.50	24	37	24	24
27.12	27.50	24	37	24	24
27.12	28.00	24	37	24	24
27.12	28.00	24	37	24	24
27.12	27.50	24	37	24	24
27.12	28.00	24	37	24	24
27.12	28.00	24	37	24	24
27.12	27.50	24	37	24	24
27.12	27.50	24	37	24	24
27.12	27.50	24	37	24	24
27.12	27.50	24	37	24	24
27.09	27.50	24	37	24	24
27.09	27.50	24	37	24	24
27.09	28.00	24	37	24	24
27.09	27.50	24	37	24	24
27.09	28.00	24	37	24	24
27.09	28.00	24	37	24	24
27.09	27.50	24	37	24	24
27.09	27.50	24	37	24	24
27.09	27.50	24	37	24	24
27.09	27.50	24	37	24	24
27.09	27.50	24	37	24	24
27.09	27.50	24	37	24	24
27.09	28.00	24	37	24	24
27.09	27.50	24	37	24	24
27.09	27.50	24	37	24	24
27.09	28.00	24	37	24	24
