0.03053	0.07988	15.86
0.03485	0.08788	15.86
0.03889	0.08974	15.86
0.04288	0.10086	15.86
0.04717	0.11623	15.86
0.05115	0.12994	15.86
0.05546	0.13915	15.86
0.05948	0.14213	15.86
0.06385	0.14647	15.86
0.06787	0.1542	15.86
0.07185	0.16678	15.86
0.07612	0.18216	15.86
0.08009	0.19525	15.86
0.08441	0.20428	15.86
0.08843	0.20782	15.86
0.09241	0.22333	15.86
0.09671	0.23429	15.86
0.10071	0.23868	15.86
0.1051	0.24394	15.86
0.10912	0.25075	15.86
0.11342	0.26376	15.86
0.11739	0.27959	15.86
0.12135	0.29424	15.86
0.12565	0.30541	15.86
0.12966	0.31056	15.86
0.13399	0.31588	15.86
0.13799	0.32475	15.86
0.14232	0.33882	15.86
0.14628	0.35579	15.86
0.15023	0.37114	15.86
0.15451	0.38424	15.86
0.1585	0.39226	15.86
0.16283	0.39979	15.86
0.16684	0.40874	15.86
0.17081	0.42236	15.86
0.17507	0.44243	15.86
0.17901	0.46061	15.86
0.18334	0.47571	15.86
0.1873	0.48901	15.86
0.19158	0.49921	15.86
0.19559	0.50909	15.86
0.19956	0.5234	15.86
0.20379	0.54478	15.86
0.20771	0.56766	15.86
0.21195	0.58996	15.86
0.21588	0.60703	15.86
0.21989	0.62094	15.86
0.22415	0.63752	15.86
0.22806	0.65806	15.86
0.23227	0.68695	15.86
0.23614	0.71519	15.86
0.24032	0.74507	15.86
0.24424	0.76841	15.86
0.24815	0.79072	15.86
0.25234	0.81737	15.86
0.25616	0.85597	15.86
0.26033	0.89579	15.86
0.26416	0.92954	15.86
0.2683	0.96377	15.86
0.27213	0.99828	15.86
0.27593	1.038	15.86
0.27999	1.08832	15.86
0.28372	1.14043	15.86
0.28772	1.19733	15.86
0.29143	1.24955	15.86
0.29518	1.3014	15.86
0.29916	1.36114	15.86
0.3028	1.42437	15.86
0.30668	1.5005	15.86
0.31029	1.57089	15.86
0.31409	1.65491	15.86
0.31759	1.74512	15.86
0.32104	1.83754	15.86
0.32475	1.93787	15.86
0.32819	2.03244	15.86
0.33189	2.14181	15.86
0.33522	2.25196	15.86
0.33851	2.37344	15.86
0.34197	2.51482	15.86
0.34513	2.65026	15.86
0.34853	2.80277	15.86
0.35165	2.94699	15.86
0.35494	3.11075	15.86
0.35794	3.27466	15.86
0.36089	3.45214	15.86
0.36398	3.65286	15.86
0.36678	3.84675	15.86
0.36975	4.0607	15.86
0.37248	4.26548	15.86
0.37536	4.49645	15.86
0.37795	4.72889	15.86
0.38052	4.96082	15.86
0.3832	5.22568	15.86
0.38561	5.48325	15.86
0.38817	5.7747	15.86
0.39048	6.04914	15.86
0.39274	6.32933	15.86
0.39513	6.64042	15.86
0.39731	6.93564	15.86
0.39959	7.26967	15.86
0.40164	7.59294	15.86
0.40378	7.94596	15.86
0.40574	8.28191	15.86
0.40767	8.62493	15.86
0.4097	8.99866	15.86
0.41154	9.35355	15.86
0.41347	9.74821	15.86
0.41519	10.1235	15.86
0.41689	10.5021	15.86
0.41869	10.9177	15.86
0.42031	11.3095	15.86
0.42202	11.7438	15.86
0.42357	12.1515	15.86
0.42521	12.6026	15.86
0.42669	13.0211	15.86
0.42815	13.4424	15.86
0.4297	13.9034	15.86
0.43109	14.3371	15.86
0.43256	14.8127	15.86
0.43389	15.2601	15.86
0.43519	15.713	15.86
0.43658	16.1995	15.86
0.43783	16.6657	15.86
0.43915	17.1665	15.86
0.44036	17.6326	15.86
0.44164	18.1403	15.86
0.44282	18.6176	15.86
0.44396	19.0966	15.86
0.44517	19.6205	15.86
0.44625	20.1094	15.86
0.44741	20.6405	15.86
0.44848	21.1331	15.86
0.4496	21.673	15.86
0.45063	22.174	15.86
0.45164	22.6779	15.86
0.4527	23.2231	15.86
0.45365	23.7358	15.86
0.45468	24.2908	15.86
0.45562	24.8061	15.86
0.45654	25.3225	15.86
0.45753	25.8823	15.86
0.45842	26.4036	15.86
0.45938	26.9778	15.86
0.46024	27.5071	15.86
0.46115	28.0801	15.86
0.46198	28.6111	15.86
0.4628	29.1401	15.86
0.46369	29.7212	15.86
0.46449	30.2577	15.86
0.46535	30.8416	15.86
0.46612	31.3864	15.86
0.46689	31.9379	15.86
0.46771	32.5263	15.86
0.46845	33.0734	15.86
0.46925	33.6655	15.86
0.46998	34.2152	15.86
0.47075	34.8149	15.86
0.47146	35.3726	15.86
0.47215	35.9289	15.86
0.47289	36.5296	15.86
0.47357	37.0873	15.86
0.47431	37.6984	15.86
0.47496	38.2635	15.86
0.47567	38.8717	15.86
0.47632	39.4368	15.86
0.47695	40.0028	15.86
0.47763	40.6129	15.86
0.47827	41.1851	15.86
0.47893	41.8013	15.86
0.47953	42.373	15.86
0.48014	42.9538	15.86
0.48077	43.5717	15.86
0.48136	44.1454	15.86
0.48199	44.7654	15.86
0.48256	45.3462	15.86
0.48317	45.9702	15.86
0.48374	46.5485	15.86
0.48429	47.13	15.86
0.48489	47.7577	15.86
0.48543	48.3396	15.86
0.48601	48.9745	15.86
0.48653	49.561	15.86
0.48706	50.1452	15.86
0.48762	50.7737	15.86
0.48815	51.3647	15.86
0.4887	52.0003	15.86
0.4892	52.5896	15.86
0.48974	53.2285	15.86
0.49023	53.8178	15.86
0.49072	54.4134	15.86
0.49125	55.0517	15.86
0.49173	55.6461	15.86
0.49225	56.2868	15.86
0.49272	56.8817	15.86
0.49318	57.4785	15.86
0.49368	58.1216	15.86
0.49414	58.7192	15.86
0.49463	59.3599	15.86
0.49509	59.959	15.86
0.49557	60.6124	15.86
0.49601	61.2135	15.86
0.49645	61.8143	15.86
0.49691	62.4613	15.86
0.49734	63.0607	15.86
0.49781	63.7114	15.86
0.49823	64.3154	15.86
0.49868	64.9661	15.86
0.4991	65.571	15.86
0.49951	66.1832	15.86
0.49995	66.8364	15.86
0.50035	67.441	15.86
0.50079	68.0924	15.86
0.50119	68.6998	15.86
0.50158	69.3098	15.86
0.502	69.9664	15.86
0.50239	70.576	15.86
0.5028	71.2318	15.86
0.50318	71.8399	15.86
0.5036	72.5041	15.86
0.50398	73.1162	15.86
0.50435	73.7281	15.86
0.50476	74.3893	15.86
0.50512	75.0005	15.86
0.50551	75.6589	15.86
0.50587	76.2716	15.86
0.50623	76.885	15.86
0.50662	77.546	15.86
0.50697	78.1688	15.86
0.50735	78.8287	15.86
0.5077	79.4463	15.86
0.50807	80.1109	15.86
0.50842	80.727	15.86
0.50878	81.3463	15.86
0.50914	82.0101	15.86
0.50948	82.6249	15.86
0.50985	83.2904	15.86
0.51017	83.9103	15.86
0.51054	84.5835	15.86
0.51086	85.2028	15.86
0.51118	85.8259	15.86
0.51153	86.495	15.86
0.51185	87.1108	15.86
0.51219	87.7801	15.86
0.51251	88.4028	15.86
0.51283	89.0243	15.86
0.51317	89.6932	15.86
0.51348	90.3244	15.86
0.51381	90.9925	15.86
0.51412	91.6141	15.86
0.51445	92.2859	15.86
0.51474	92.909	15.86
0.51505	93.5345	15.86
0.51537	94.2067	15.86
0.51567	94.8333	15.86
0.51598	95.506	15.86
0.51627	96.1292	15.86
0.51657	96.763	15.86
0.51688	97.4378	15.86
0.51717	98.0635	15.86
0.51748	98.7362	15.86
0.51776	99.3656	15.86
0.51806	100.042	15.86
0.51834	100.667	15.86
0.51862	101.294	15.86
0.51892	101.97	15.86
0.5192	102.599	15.86
0.5195	103.282	15.86
0.51975	103.912	15.86
0.52003	104.539	15.86
0.52032	105.218	15.86
0.52058	105.849	15.86
0.52088	106.527	15.86
0.52114	107.157	15.86
0.52142	107.836	15.86
0.52168	108.467	15.86
0.52195	109.104	15.86
0.52223	109.782	15.86
0.52248	110.416	15.86
0.52276	111.095	15.86
0.52301	111.728	15.86
0.52329	112.407	15.86
0.52353	113.04	15.86
0.52378	113.673	15.86
0.52405	114.353	15.86
0.52429	114.985	15.86
0.52456	115.674	15.86
0.52481	116.307	15.86
0.52505	116.942	15.86
0.52532	117.625	15.86
0.52556	118.258	15.86
0.52581	118.939	15.86
0.52605	119.577	15.86
0.52631	120.26	15.86
0.52654	120.895	15.86
0.52677	121.538	15.86
0.5509	186.944	15.86
0.56	225.96	15.86
0.5679	266.703	15.86
0.5749	308.31	15.86
0.5811	350.839	15.86
0.5867	394.124	15.86
0.5918	437.893	15.86
0.5965	482.3	15.86
0.6008	527.281	15.86
0.6049	572.866	15.86
0.6086	618.285	15.86
0.612	664.062	15.86
0.6153	710.132	15.86
0.6184	756.473	15.86
0.6213	802.977	15.86
0.6241	849.699	15.86
0.6267	896.889	15.86
0.6292	943.907	15.86
0.6316	991.108	15.86
0.6339	1038.31	15.86
0.6361	1085.69	15.86
0.6382	1133.18	15.86
0.6402	1180.8	15.86
0.6422	1228.79	15.86
0.6441	1276.51	15.86
0.6459	1324.22	15.86
0.6476	1372.24	15.86
0.6493	1420.23	15.86
0.651	1468.21	15.86
0.6526	1516.31	15.86
0.6541	1564.82	15.86
0.6556	1613	15.86
0.6571	1661.23	15.86
0.6585	1709.5	15.86
0.6599	1757.88	15.86
0.6613	1806.25	15.86
0.6626	1854.72	15.86
0.6639	1903.5	15.86
0.6652	1951.97	15.86
0.6664	2000.55	15.86
0.6676	2049.04	15.86
0.6688	2097.7	15.86
0.6699	2146.48	15.86
0.6711	2195.1	15.86
0.6722	2244.14	15.86
0.6733	2292.89	15.86
0.6743	2341.62	15.86
0.6754	2390.38	15.86
0.6764	2439.09	15.86
0.6774	2487.98	15.86
0.6784	2536.8	15.86
0.6794	2586.02	15.86
0.6803	2634.82	15.86
0.6813	2683.6	15.86
0.6822	2732.51	15.86
0.6831	2781.4	15.86
0.684	2830.4	15.86
0.6849	2879.38	15.86
0.6858	2928.71	15.86
0.6866	2977.85	15.86
0.6875	3026.83	15.86
0.6883	3075.74	15.86
0.6891	3124.8	15.86
0.6899	3173.87	15.86
0.6907	3222.91	15.86
0.6915	3272.35	15.86
0.6923	3321.42	15.86
0.6931	3370.57	15.86
0.6938	3419.63	15.86
0.6946	3468.72	15.86
0.6953	3517.82	15.86
0.696	3566.99	15.86
0.6967	3616.56	15.86
0.6975	3665.64	15.86
0.6982	3714.81	15.86
0.6988	3763.99	15.86
0.6995	3813.22	15.86
0.7002	3862.3	15.86
0.7009	3911.58	15.86
0.7015	3961.25	15.86
0.7022	4010.48	15.86
0.7029	4059.68	15.86
0.7035	4108.88	15.86
0.7041	4158.2	15.86
0.7048	4207.48	15.86
0.7054	4256.66	15.86
0.706	4306.31	15.86
0.7066	4355.6	15.86
0.7072	4404.93	15.86
0.7078	4454.12	15.86
0.7084	4503.37	15.86
0.709	4552.88	15.86
0.7096	4602.25	15.86
0.7102	4651.85	15.86
0.7107	4701.21	15.86
0.7113	4750.51	15.86
0.7119	4799.84	15.86
0.7124	4849.22	15.86
0.713	4898.55	15.86
0.7135	4947.95	15.86
0.7141	4997.61	15.86
0.7146	5046.98	15.86
0.7151	5096.32	15.86
0.7157	5145.68	15.86
0.7162	5195.06	15.86
0.7167	5244.52	15.86
0.7172	5293.97	15.86
0.7177	5343.8	15.86
0.7183	5393.35	15.86
0.7188	5442.79	15.86
0.7193	5492.13	15.86
0.7198	5541.6	15.86
0.7202	5591.07	15.86
0.7207	5640.43	15.86
0.7212	5690.18	15.86
0.7217	5739.63	15.86
0.7222	5789.11	15.86
0.7227	5838.58	15.86
0.7231	5887.92	15.86
0.7236	5937.45	15.86
0.7241	5986.98	15.86
0.7245	6036.72	15.86
0.725	6086.14	15.86
0.7254	6135.68	15.86
0.7259	6185.28	15.86
0.7263	6234.78	15.86
0.7268	6284.19	15.86
0.7272	6333.79	15.86
0.7277	6383.56	15.86
0.7281	6433.05	15.86
0.7285	6482.47	15.86
0.729	6531.98	15.86
0.7294	6581.47	15.86
0.7298	6631.05	15.86
0.7303	6680.42	15.86
0.7307	6730.35	15.86
0.7311	6779.65	15.86
0.7315	6829.18	15.86
0.7319	6878.65	15.86
0.7324	6928.22	15.86
0.7328	6977.95	15.86
0.7332	7027.45	15.86
0.7336	7077.33	15.86
0.734	7126.82	15.86
0.7344	7176.43	15.86
0.7348	7225.87	15.86
0.7352	7275.49	15.86
0.7356	7324.96	15.86
0.736	7374.6	15.86
0.7364	7424.57	15.86
0.7367	7473.97	15.86
0.7371	7523.57	15.86
0.7375	7573.05	15.86
0.7379	7622.72	15.86
0.7383	7672.15	15.86
0.7386	7721.83	15.86
0.739	7771.88	15.86
0.7394	7821.4	15.86
0.7398	7871.04	15.86
0.7401	7920.53	15.86
0.7405	7970.2	15.86
0.7409	8019.76	15.86
0.7413	8069.64	15.86
0.7416	8119.21	15.86
0.742	8168.85	15.86
0.7423	8218.53	15.86
0.7427	8267.94	15.86
0.743	8317.64	15.86
0.7434	8367.1	15.86
0.7438	8417.06	15.86
0.7441	8466.78	15.86
0.7445	8516.25	15.86
0.7448	8565.92	15.86
0.7451	8615.61	15.86
0.7455	8665.28	15.86
0.7458	8714.78	15.86
0.7462	8764.7	15.86
0.7465	8814.48	15.86
0.7469	8864.01	15.86
0.7472	8913.61	15.86
0.7475	8963.21	15.86
0.7479	9012.83	15.86
0.7482	9062.49	15.86
0.7485	9112.42	15.86
0.7489	9162.07	15.86
0.749	9192.06	15.86
0.749	9185.38	15.86
0.7489	9179.66	15.86
0.7489	9174.77	15.86
