0.03043	0.1	53.38
0.03472	0.1114	53.38
0.03866	0.12941	53.38
0.04261	0.14736	53.38
0.04698	0.14882	53.38
0.05095	0.16243	53.38
0.05521	0.18279	53.38
0.05914	0.20279	53.38
0.06343	0.21928	53.38
0.06742	0.23174	53.38
0.0714	0.24092	53.38
0.07568	0.2542	53.38
0.07964	0.27183	53.38
0.08387	0.29543	53.38
0.08779	0.31994	53.38
0.09173	0.33868	53.38
0.09598	0.35607	53.38
0.09988	0.37886	53.38
0.10417	0.39913	53.38
0.10813	0.41581	53.38
0.11239	0.43473	53.38
0.11631	0.45763	53.38
0.12018	0.48683	53.38
0.12435	0.51945	53.38
0.12822	0.54929	53.38
0.13242	0.5762	53.38
0.13631	0.60029	53.38
0.14054	0.62918	53.38
0.1444	0.66212	53.38
0.14821	0.70193	53.38
0.15229	0.74562	53.38
0.15615	0.77568	53.38
0.16028	0.81581	53.38
0.16407	0.8597	53.38
0.16782	0.90901	53.38
0.17184	0.96431	53.38
0.17558	1.01367	53.38
0.17968	1.06641	53.38
0.18342	1.11635	53.38
0.18737	1.17991	53.38
0.19108	1.23691	53.38
0.19473	1.30183	53.38
0.19862	1.38058	53.38
0.20224	1.44778	53.38
0.20611	1.52883	53.38
0.20964	1.61159	53.38
0.21317	1.70249	53.38
0.21692	1.80244	53.38
0.22037	1.89429	53.38
0.22411	1.99524	53.38
0.22753	2.0931	53.38
0.23117	2.21069	53.38
0.23448	2.32902	53.38
0.23775	2.45549	53.38
0.24125	2.59288	53.38
0.24449	2.72325	53.38
0.24798	2.86995	53.38
0.25113	3.01118	53.38
0.25447	3.17377	53.38
0.2575	3.3342	53.38
0.2605	3.50473	53.38
0.26368	3.69279	53.38
0.26659	3.87362	53.38
0.26972	4.06863	53.38
0.27257	4.25931	53.38
0.27538	4.46268	53.38
0.27831	4.69369	53.38
0.28098	4.91425	53.38
0.28381	5.15703	53.38
0.28641	5.38839	53.38
0.28916	5.64168	53.38
0.29168	5.88726	53.38
0.29413	6.1437	53.38
0.2967	6.43027	53.38
0.29905	6.70574	53.38
0.30156	7.00946	53.38
0.30383	7.29392	53.38
0.30608	7.58528	53.38
0.30843	7.90731	53.38
0.31057	8.21627	53.38
0.31282	8.56075	53.38
0.31486	8.88569	53.38
0.31702	9.2413	53.38
0.319	9.57338	53.38
0.32096	9.91617	53.38
0.32301	10.2944	53.38
0.32484	10.653	53.38
0.32679	11.0478	53.38
0.32856	11.416	53.38
0.33045	11.8201	53.38
0.33216	12.1987	53.38
0.33385	12.5831	53.38
0.33562	13.008	53.38
0.33722	13.408	53.38
0.33893	13.8509	53.38
0.34047	14.2593	53.38
0.342	14.6726	53.38
0.34361	15.1248	53.38
0.34506	15.5462	53.38
0.34663	16.008	53.38
0.34805	16.4407	53.38
0.34954	16.9122	53.38
0.35089	17.3574	53.38
0.35223	17.81	53.38
0.35363	18.2949	53.38
0.35492	18.7516	53.38
0.35629	19.2447	53.38
0.35755	19.7039	53.38
0.35877	20.1717	53.38
0.36006	20.6825	53.38
0.36123	21.155	53.38
0.36248	21.6703	53.38
0.36364	22.149	53.38
0.36486	22.6739	53.38
0.36597	23.1588	53.38
0.36706	23.6492	53.38
0.3682	24.1829	53.38
0.36925	24.6784	53.38
0.37037	25.2166	53.38
0.3714	25.7171	53.38
0.37241	26.2203	53.38
0.37348	26.7637	53.38
0.37448	27.2781	53.38
0.37552	27.8301	53.38
0.37647	28.3458	53.38
0.37747	28.901	53.38
0.3784	29.4194	53.38
0.37931	29.94	53.38
0.38029	30.5033	53.38
0.38117	31.0275	53.38
0.38211	31.5965	53.38
0.38296	32.1268	53.38
0.38388	32.7047	53.38
0.38472	33.2396	53.38
0.38555	33.7705	53.38
0.38643	34.3463	53.38
0.38724	34.8857	53.38
0.38809	35.4714	53.38
0.38888	36.0135	53.38
0.38966	36.5558	53.38
0.3905	37.141	53.38
0.39125	37.6856	53.38
0.39206	38.2844	53.38
0.39281	38.8353	53.38
0.39359	39.4299	53.38
0.3943	39.9817	53.38
0.39501	40.5291	53.38
0.39578	41.1286	53.38
0.39648	41.6859	53.38
0.39723	42.2859	53.38
0.39791	42.8451	53.38
0.39859	43.4134	53.38
0.39931	44.0198	53.38
0.39997	44.584	53.38
0.40067	45.1908	53.38
0.40131	45.7561	53.38
0.402	46.3661	53.38
0.40264	46.9342	53.38
0.40326	47.5043	53.38
0.40393	48.1192	53.38
0.40454	48.6909	53.38
0.40521	49.314	53.38
0.40581	49.8869	53.38
0.40645	50.5026	53.38
0.40705	51.0769	53.38
0.40763	51.6537	53.38
0.40824	52.279	53.38
0.40882	52.8586	53.38
0.40943	53.4815	53.38
0.40998	54.0591	53.38
0.41055	54.6456	53.38
0.41115	55.2715	53.38
0.41169	55.8545	53.38
0.41227	56.484	53.38
0.41281	57.0681	53.38
0.41339	57.7011	53.38
0.41391	58.2847	53.38
0.41444	58.8692	53.38
0.415	59.5015	53.38
0.41551	60.0903	53.38
0.41606	60.7317	53.38
0.41657	61.3218	53.38
0.41706	61.9105	53.38
0.4176	62.5457	53.38
0.4181	63.1374	53.38
0.41862	63.7763	53.38
0.4191	64.3715	53.38
0.41962	65.0109	53.38
0.4201	65.6056	53.38
0.42057	66.2046	53.38
0.42108	66.8461	53.38
0.42156	67.4404	53.38
0.42205	68.0844	53.38
0.42251	68.6822	53.38
0.42296	69.2815	53.38
0.42345	69.9263	53.38
0.42389	70.5248	53.38
0.42437	71.1684	53.38
0.42482	71.7689	53.38
0.42529	72.4235	53.38
0.42573	73.0256	53.38
0.42616	73.6273	53.38
0.42663	74.2747	53.38
0.42705	74.8788	53.38
0.4275	75.5294	53.38
0.42792	76.1328	53.38
0.42836	76.7846	53.38
0.42878	77.3872	53.38
0.4292	77.9998	53.38
0.42963	78.654	53.38
0.43005	79.2596	53.38
0.43048	79.9118	53.38
0.43087	80.5203	53.38
0.43127	81.1276	53.38
0.4317	81.7804	53.38
0.43209	82.3922	53.38
0.4325	83.0473	53.38
0.43289	83.6563	53.38
0.4333	84.3189	53.38
0.43368	84.9301	53.38
0.43407	85.5416	53.38
0.43448	86.1981	53.38
0.43485	86.8106	53.38
0.43525	87.468	53.38
0.43562	88.0799	53.38
0.43598	88.6943	53.38
0.43637	89.353	53.38
0.43674	89.9707	53.38
0.43712	90.6326	53.38
0.43749	91.248	53.38
0.43787	91.9111	53.38
0.43823	92.5248	53.38
0.43858	93.1399	53.38
0.43896	93.8014	53.38
0.4393	94.4166	53.38
0.43967	95.0811	53.38
0.44002	95.6976	53.38
0.44039	96.371	53.38
0.44073	96.9898	53.38
0.44106	97.6061	53.38
0.44143	98.2716	53.38
0.44176	98.8887	53.38
0.44214	99.553	53.38
0.44248	100.175	53.38
0.4428	100.793	53.38
0.44316	101.458	53.38
0.44348	102.085	53.38
0.44382	102.752	53.38
0.44415	103.372	53.38
0.4445	104.041	53.38
0.44481	104.663	53.38
0.44513	105.286	53.38
0.44547	105.954	53.38
0.44578	106.575	53.38
0.44611	107.245	53.38
0.44644	107.87	53.38
0.44674	108.497	53.38
0.44707	109.168	53.38
0.44739	109.79	53.38
0.44771	110.462	53.38
0.44801	111.087	53.38
0.44833	111.76	53.38
0.44863	112.383	53.38
0.44893	113.008	53.38
0.44925	113.679	53.38
0.44955	114.305	53.38
0.44987	114.983	53.38
0.45015	115.61	53.38
0.45046	116.235	53.38
0.45076	116.908	53.38
0.45105	117.536	53.38
0.45136	118.209	53.38
0.45165	118.834	53.38
0.45195	119.512	53.38
0.45223	120.141	53.38
0.45252	120.773	53.38
0.45281	121.449	53.38
0.45309	122.079	53.38
0.45339	122.753	53.38
0.45367	123.379	53.38
0.45396	124.057	53.38
0.45424	124.685	53.38
0.45451	125.313	53.38
0.45481	125.991	53.38
0.45508	126.62	53.38
0.45537	127.305	53.38
0.45563	127.935	53.38
0.4559	128.564	53.38
0.45619	129.241	53.38
0.45645	129.872	53.38
0.45673	130.553	53.38
0.457	131.185	53.38
0.45728	131.863	53.38
0.45753	132.494	53.38
0.45779	133.133	53.38
0.4814	220.861	53.38
0.4899	260.593	53.38
0.4974	301.543	53.38
0.5041	343.772	53.38
0.5102	386.478	53.38
0.5158	429.76	53.38
0.5208	473.67	53.38
0.5255	517.928	53.38
0.5299	562.826	53.38
0.534	607.962	53.38
0.5378	653.709	53.38
0.5414	699.353	53.38
0.5448	745.273	53.38
0.548	791.474	53.38
0.551	837.737	53.38
0.5539	884.327	53.38
0.5567	931.051	53.38
0.5594	978.253	53.38
0.5619	1025.19	53.38
0.5643	1072.16	53.38
0.5667	1119.37	53.38
0.5689	1166.63	53.38
0.5711	1214.07	53.38
0.5732	1261.48	53.38
0.5753	1309.39	53.38
0.5772	1357.24	53.38
0.5791	1404.95	53.38
0.581	1452.64	53.38
0.5828	1500.54	53.38
0.5846	1548.44	53.38
0.5862	1596.35	53.38
0.5879	1644.72	53.38
0.5895	1692.75	53.38
0.5911	1740.9	53.38
0.5926	1789.08	53.38
0.5942	1837.28	53.38
0.5956	1885.49	53.38
0.5971	1933.84	53.38
0.5985	1982.54	53.38
0.5998	2030.84	53.38
0.6012	2079.14	53.38
0.6025	2127.61	53.38
0.6038	2176.26	53.38
0.6051	2224.73	53.38
0.6063	2273.16	53.38
0.6075	2322.09	53.38
0.6087	2370.74	53.38
0.6099	2419.34	53.38
0.6111	2467.93	53.38
0.6122	2516.5	53.38
0.6133	2565.33	53.38
0.6144	2613.99	53.38
0.6155	2662.97	53.38
0.6166	2711.71	53.38
0.6176	2760.49	53.38
0.6187	2809.26	53.38
0.6197	2857.96	53.38
0.6207	2906.81	53.38
0.6217	2955.87	53.38
0.6227	3005.05	53.38
0.6236	3053.84	53.38
0.6246	3102.64	53.38
0.6255	3151.59	53.38
0.6265	3200.49	53.38
0.6274	3249.35	53.38
0.6283	3298.31	53.38
0.6292	3347.67	53.38
0.6301	3396.6	53.38
0.6309	3445.52	53.38
0.6318	3494.5	53.38
0.6326	3543.49	53.38
0.6335	3592.5	53.38
0.6343	3641.47	53.38
0.6351	3690.89	53.38
0.6359	3739.83	53.38
0.6367	3789.07	53.38
0.6375	3838	53.38
0.6383	3886.97	53.38
0.6391	3936.05	53.38
0.6399	3985.24	53.38
0.6406	4034.68	53.38
0.6414	4083.78	53.38
0.6421	4132.89	53.38
0.6429	4182.08	53.38
0.6436	4231.14	53.38
0.6443	4280.32	53.38
0.645	4329.46	53.38
0.6458	4378.97	53.38
0.6465	4428.1	53.38
0.6472	4477.29	53.38
0.6479	4526.46	53.38
0.6486	4575.79	53.38
0.6492	4624.99	53.38
0.6499	4674.08	53.38
0.6506	4723.73	53.38
0.6512	4772.98	53.38
0.6519	4822.16	53.38
0.6526	4871.38	53.38
0.6532	4920.6	53.38
0.6538	4969.79	53.38
0.6545	5019.17	53.38
0.6551	5068.72	53.38
0.6558	5117.98	53.38
0.6564	5167.28	53.38
0.657	5216.58	53.38
0.6576	5265.82	53.38
0.6582	5315.11	53.38
0.6588	5364.7	53.38
0.6594	5414.32	53.38
0.66	5463.62	53.38
0.6606	5512.95	53.38
0.6612	5562.3	53.38
0.6618	5611.59	53.38
0.6624	5660.95	53.38
0.6629	5710.18	53.38
0.6635	5759.92	53.38
0.6641	5809.24	53.38
0.6647	5858.55	53.38
0.6652	5907.86	53.38
0.6658	5957.26	53.38
0.6663	6006.67	53.38
0.6669	6055.93	53.38
0.6674	6105.65	53.38
0.668	6155.05	53.38
0.6685	6204.52	53.38
0.669	6253.85	53.38
0.6696	6303.21	53.38
0.6701	6352.67	53.38
0.6706	6401.93	53.38
0.6712	6451.72	53.38
0.6717	6501.06	53.38
0.6722	6550.53	53.38
0.6727	6599.92	53.38
0.6732	6649.29	53.38
0.6737	6698.73	53.38
0.6742	6748.1	53.38
0.6747	6797.86	53.38
0.6752	6847.05	53.38
0.6757	6896.52	53.38
0.6762	6945.87	53.38
0.6767	6995.53	53.38
0.6772	7044.97	53.38
0.6777	7094.45	53.38
0.6782	7144.17	53.38
0.6787	7193.67	53.38
0.6791	7243.01	53.38
0.6796	7292.52	53.38
0.6801	7341.89	53.38
0.6806	7391.46	53.38
0.681	7440.85	53.38
0.6815	7490.74	53.38
0.682	7540.03	53.38
0.6824	7589.57	53.38
0.6829	7639.02	53.38
0.6833	7688.43	53.38
0.6838	7737.92	53.38
0.6842	7787.58	53.38
0.6847	7837.39	53.38
0.6852	7886.87	53.38
0.6856	7936.28	53.38
0.686	7985.86	53.38
0.6865	8035.21	53.38
0.6869	8084.79	53.38
0.6874	8134.61	53.38
0.6878	8184.16	53.38
0.6882	8233.65	53.38
0.6887	8283.1	53.38
0.6891	8332.63	53.38
0.6895	8382.21	53.38
0.69	8431.62	53.38
0.6904	8481.46	53.38
0.6908	8531.08	53.38
0.6912	8580.68	53.38
0.6917	8630.27	53.38
0.6921	8679.61	53.38
0.6925	8729.12	53.38
0.6929	8778.7	53.38
0.6933	8828.66	53.38
0.6937	8878.06	53.38
0.6941	8927.7	53.38
0.6945	8977.19	53.38
0.6949	9026.77	53.38
0.6954	9076.17	53.38
0.6958	9125.8	53.38
0.6962	9173.61	53.38
0.6961	9168.28	53.38
0.6961	9162.38	53.38
0.6961	9157.28	53.38
0.6961	9152.67	53.38
0.6961	9148.54	53.38
