0.06329	0.24312	58.92
0.06725	0.25847	58.92
0.07121	0.27144	58.92
0.07548	0.28674	58.92
0.07942	0.30554	58.92
0.08364	0.33276	58.92
0.08753	0.35879	58.92
0.09145	0.38343	58.92
0.09568	0.40553	58.92
0.0996	0.42336	58.92
0.10388	0.44592	58.92
0.10778	0.47214	58.92
0.11196	0.50654	58.92
0.11581	0.53826	58.92
0.11966	0.57146	58.92
0.12382	0.6035	58.92
0.12771	0.63096	58.92
0.13187	0.66263	58.92
0.1357	0.69833	58.92
0.13983	0.74421	58.92
0.14362	0.79029	58.92
0.14739	0.83453	58.92
0.15145	0.88287	58.92
0.15521	0.92556	58.92
0.15929	0.97286	58.92
0.16305	1.02303	58.92
0.16676	1.07939	58.92
0.17071	1.14753	58.92
0.17435	1.21304	58.92
0.17834	1.28265	58.92
0.182	1.34652	58.92
0.1859	1.41849	58.92
0.1895	1.49172	58.92
0.19305	1.57227	58.92
0.19686	1.6628	58.92
0.20034	1.7575	58.92
0.20405	1.86181	58.92
0.20749	1.95847	58.92
0.21097	2.05793	58.92
0.21463	2.17174	58.92
0.21793	2.28847	58.92
0.22149	2.41812	58.92
0.22477	2.54005	58.92
0.22829	2.6744	58.92
0.23151	2.80892	58.92
0.23466	2.95193	58.92
0.238	3.11632	58.92
0.24105	3.2754	58.92
0.24436	3.45236	58.92
0.24737	3.61778	58.92
0.25056	3.80321	58.92
0.25347	3.98528	58.92
0.2563	4.17978	58.92
0.25936	4.38843	58.92
0.26213	4.59418	58.92
0.26506	4.82501	58.92
0.2677	5.04879	58.92
0.27034	5.28186	58.92
0.27313	5.53255	58.92
0.27567	5.77151	58.92
0.27838	6.03683	58.92
0.28083	6.29328	58.92
0.28339	6.58066	58.92
0.28573	6.85776	58.92
0.28802	7.13849	58.92
0.29047	7.4495	58.92
0.29271	7.74123	58.92
0.2951	8.06662	58.92
0.29724	8.37444	58.92
0.29933	8.69219	58.92
0.30152	9.04253	58.92
0.30351	9.37228	58.92
0.30565	9.73598	58.92
0.30759	10.0762	58.92
0.30966	10.4521	58.92
0.31153	10.8061	58.92
0.31337	11.1717	58.92
0.31529	11.5716	58.92
0.31702	11.9485	58.92
0.31886	12.3566	58.92
0.32055	12.7406	58.92
0.32234	13.16	58.92
0.32398	13.5559	58.92
0.32557	13.9583	58.92
0.32724	14.4001	58.92
0.32876	14.8136	58.92
0.3304	15.2677	58.92
0.33188	15.6885	58.92
0.33334	16.1125	58.92
0.33488	16.5769	58.92
0.33627	17.0116	58.92
0.33774	17.4895	58.92
0.33909	17.9356	58.92
0.34052	18.4159	58.92
0.34183	18.8693	58.92
0.34314	19.3289	58.92
0.34449	19.8248	58.92
0.34572	20.29	58.92
0.34703	20.7964	58.92
0.34821	21.2677	58.92
0.3494	21.74	58.92
0.35065	22.2528	58.92
0.35179	22.7329	58.92
0.35301	23.2558	58.92
0.3541	23.7449	58.92
0.3553	24.276	58.92
0.35637	24.7704	58.92
0.35742	25.2669	58.92
0.35852	25.8057	58.92
0.35955	26.3052	58.92
0.36064	26.8469	58.92
0.36164	27.3535	58.92
0.36262	27.8626	58.92
0.36367	28.4144	58.92
0.36461	28.934	58.92
0.36562	29.4908	58.92
0.36655	30.0098	58.92
0.36753	30.5692	58.92
0.36843	31.0942	58.92
0.36932	31.6149	58.92
0.37026	32.182	58.92
0.37113	32.7094	58.92
0.37206	33.2825	58.92
0.3729	33.8151	58.92
0.37379	34.3965	58.92
0.37462	34.9345	58.92
0.37542	35.4718	58.92
0.3763	36.0507	58.92
0.3771	36.5908	58.92
0.37795	37.1756	58.92
0.37871	37.7219	58.92
0.37947	38.2711	58.92
0.38028	38.8598	58.92
0.38103	39.4062	58.92
0.38182	40.0037	58.92
0.38256	40.5548	58.92
0.38334	41.1534	58.92
0.38404	41.7098	58.92
0.38473	42.2603	58.92
0.38548	42.8591	58.92
0.38616	43.4177	58.92
0.3869	44.0204	58.92
0.38758	44.5808	58.92
0.38826	45.1498	58.92
0.38896	45.7589	58.92
0.38962	46.3195	58.92
0.39032	46.9298	58.92
0.39095	47.4983	58.92
0.39163	48.1107	58.92
0.39226	48.681	58.92
0.39287	49.2512	58.92
0.39354	49.864	58.92
0.39415	50.4349	58.92
0.39481	51.0592	58.92
0.3954	51.6341	58.92
0.39603	52.2568	58.92
0.39662	52.8342	58.92
0.39719	53.4092	58.92
0.39782	54.0305	58.92
0.39838	54.6111	58.92
0.39899	55.2346	58.92
0.39955	55.8123	58.92
0.40011	56.4006	58.92
0.4007	57.0292	58.92
0.40125	57.6121	58.92
0.40182	58.2412	58.92
0.40235	58.8258	58.92
0.40292	59.4564	58.92
0.40345	60.0416	58.92
0.40397	60.6288	58.92
0.40452	61.2632	58.92
0.40505	61.8508	58.92
0.40559	62.4908	58.92
0.40609	63.081	58.92
0.40659	63.6716	58.92
0.40713	64.3075	58.92
0.40762	64.9001	58.92
0.40814	65.5388	58.92
0.40862	66.1325	58.92
0.40914	66.774	58.92
0.40961	67.3674	58.92
0.41009	67.9658	58.92
0.4106	68.6074	58.92
0.41106	69.2039	58.92
0.41156	69.8487	58.92
0.41202	70.444	58.92
0.41247	71.0448	58.92
0.41295	71.69	58.92
0.41341	72.2879	58.92
0.41389	72.9307	58.92
0.41433	73.5322	58.92
0.41481	74.1853	58.92
0.41524	74.7885	58.92
0.41567	75.3926	58.92
0.41612	76.0402	58.92
0.41655	76.6396	58.92
0.41701	77.2905	58.92
0.41743	77.8954	58.92
0.41788	78.5471	58.92
0.4183	79.1488	58.92
0.41872	79.7589	58.92
0.41916	80.4133	58.92
0.41956	81.0192	58.92
0.42	81.6717	58.92
0.4204	82.2795	58.92
0.42079	82.8888	58.92
0.42122	83.5432	58.92
0.42162	84.1502	58.92
0.42204	84.8048	58.92
0.42243	85.4139	58.92
0.42285	86.0794	58.92
0.42323	86.6893	58.92
0.42362	87.2986	58.92
0.42402	87.9583	58.92
0.42439	88.5698	58.92
0.42479	89.2262	58.92
0.42517	89.8358	58.92
0.42554	90.4487	58.92
0.42594	91.1099	58.92
0.42631	91.7288	58.92
0.4267	92.3891	58.92
0.42705	93.0042	58.92
0.42744	93.6635	58.92
0.4278	94.2772	58.92
0.42816	94.8927	58.92
0.42855	95.5545	58.92
0.42889	96.1698	58.92
0.42926	96.837	58.92
0.42961	97.4522	58.92
0.42999	98.1218	58.92
0.43033	98.7362	58.92
0.43068	99.3542	58.92
0.43104	100.021	58.92
0.43138	100.639	58.92
0.43173	101.303	58.92
0.43207	101.922	58.92
0.4324	102.54	58.92
0.43276	103.207	58.92
0.43309	103.832	58.92
0.43343	104.499	58.92
0.43376	105.117	58.92
0.43412	105.786	58.92
0.43443	106.407	58.92
0.43475	107.028	58.92
0.4351	107.696	58.92
0.43541	108.319	58.92
0.43575	108.99	58.92
0.43606	109.609	58.92
0.43638	110.238	58.92
0.43671	110.91	58.92
0.43702	111.534	58.92
0.43735	112.201	58.92
0.43765	112.825	58.92
0.43798	113.496	58.92
0.43829	114.119	58.92
0.43859	114.744	58.92
0.43891	115.416	58.92
0.43921	116.039	58.92
0.43953	116.718	58.92
0.43982	117.345	58.92
0.44012	117.967	58.92
0.44044	118.639	58.92
0.44073	119.27	58.92
0.44104	119.946	58.92
0.44133	120.569	58.92
0.44163	121.243	58.92
0.44191	121.872	58.92
0.44222	122.502	58.92
0.44253	123.176	58.92
0.44281	123.805	58.92
0.44312	124.48	58.92
0.4434	125.107	58.92
0.44368	125.784	58.92
0.44396	126.41	58.92
0.44424	127.037	58.92
0.44454	127.716	58.92
0.44482	128.345	58.92
0.44511	129.027	58.92
0.44539	129.654	58.92
0.44565	130.286	58.92
0.44594	130.965	58.92
0.44622	131.595	58.92
0.4465	132.272	58.92
0.44677	132.902	58.92
0.44705	133.58	58.92
0.44731	134.21	58.92
0.44758	134.846	58.92
0.463	193.113	58.92
0.4724	231.623	58.92
0.4807	271.696	58.92
0.4881	312.716	58.92
0.4947	355.08	58.92
0.5007	397.973	58.92
0.5062	441.294	58.92
0.5112	485.277	58.92
0.5158	529.822	58.92
0.5201	574.708	58.92
0.5242	619.699	58.92
0.528	665.492	58.92
0.5316	711.236	58.92
0.5349	757.167	58.92
0.5381	803.312	58.92
0.5412	849.677	58.92
0.5441	896.173	58.92
0.5468	942.945	58.92
0.5495	990.166	58.92
0.552	1037.03	58.92
0.5545	1084.14	58.92
0.5568	1131.35	58.92
0.5591	1178.68	58.92
0.5613	1225.96	58.92
0.5634	1273.29	58.92
0.5654	1321.28	58.92
0.5674	1369.04	58.92
0.5693	1416.72	58.92
0.5712	1464.5	58.92
0.573	1512.38	58.92
0.5747	1560.25	58.92
0.5765	1608.17	58.92
0.5782	1656.48	58.92
0.5798	1704.51	58.92
0.5814	1752.64	58.92
0.5829	1800.85	58.92
0.5844	1848.95	58.92
0.5859	1897.21	58.92
0.5873	1945.54	58.92
0.5888	1994.2	58.92
0.5902	2042.53	58.92
0.5915	2090.89	58.92
0.5928	2139.44	58.92
0.5942	2187.92	58.92
0.5954	2236.36	58.92
0.5967	2284.87	58.92
0.5979	2333.73	58.92
0.5991	2382.37	58.92
0.6003	2430.86	58.92
0.6015	2479.4	58.92
0.6027	2528.04	58.92
0.6038	2576.78	58.92
0.6049	2625.46	58.92
0.606	2674.43	58.92
0.6071	2723.14	58.92
0.6082	2771.9	58.92
0.6092	2820.67	58.92
0.6102	2869.4	58.92
0.6113	2918.18	58.92
0.6123	2967.19	58.92
0.6133	3016.45	58.92
0.6142	3065.19	58.92
0.6152	3113.99	58.92
0.6161	3162.91	58.92
0.6171	3211.78	58.92
0.618	3260.61	58.92
0.6189	3309.49	58.92
0.6198	3358.87	58.92
0.6207	3407.8	58.92
0.6216	3456.69	58.92
0.6225	3505.69	58.92
0.6233	3554.7	58.92
0.6242	3603.64	58.92
0.625	3652.6	58.92
0.6259	3702.06	58.92
0.6267	3751.21	58.92
0.6275	3800.26	58.92
0.6283	3849.08	58.92
0.6291	3898.13	58.92
0.6299	3947.26	58.92
0.6307	3996.36	58.92
0.6315	4045.77	58.92
0.6322	4094.86	58.92
0.633	4144.04	58.92
0.6338	4193.08	58.92
0.6345	4242.13	58.92
0.6352	4291.2	58.92
0.636	4340.37	58.92
0.6367	4389.89	58.92
0.6374	4439.03	58.92
0.6381	4488.16	58.92
0.6388	4537.32	58.92
0.6395	4586.65	58.92
0.6402	4635.8	58.92
0.6409	4684.92	58.92
0.6416	4734.55	58.92
0.6423	4783.76	58.92
0.643	4832.95	58.92
0.6436	4882.09	58.92
0.6443	4931.35	58.92
0.6449	4980.6	58.92
0.6456	5029.89	58.92
0.6462	5079.48	58.92
0.6469	5128.71	58.92
0.6475	5177.99	58.92
0.6481	5227.26	58.92
0.6488	5276.46	58.92
0.6494	5325.74	58.92
0.65	5375.31	58.92
0.6506	5424.94	58.92
0.6512	5474.24	58.92
0.6518	5523.49	58.92
0.6524	5572.9	58.92
0.653	5622.12	58.92
0.6536	5671.44	58.92
0.6542	5720.73	58.92
0.6548	5770.39	58.92
0.6554	5819.74	58.92
0.6559	5869.04	58.92
0.6565	5918.37	58.92
0.6571	5967.67	58.92
0.6576	6017	58.92
0.6582	6066.4	58.92
0.6588	6116.11	58.92
0.6593	6165.6	58.92
0.6599	6214.96	58.92
0.6604	6264.33	58.92
0.661	6313.67	58.92
0.6615	6363.02	58.92
0.662	6412.48	58.92
0.6626	6462.1	58.92
0.6631	6511.46	58.92
0.6636	6560.85	58.92
0.6642	6610.37	58.92
0.6647	6659.59	58.92
0.6652	6709.03	58.92
0.6657	6758.36	58.92
0.6662	6808.18	58.92
0.6667	6857.25	58.92
0.6673	6906.58	58.92
0.6678	6956.18	58.92
0.6683	7005.63	58.92
0.6688	7055.17	58.92
0.6693	7104.5	58.92
0.6697	7154.42	58.92
0.6702	7203.75	58.92
0.6707	7253.16	58.92
0.6712	7302.5	58.92
0.6717	7352.02	58.92
0.6722	7401.49	58.92
0.6727	7450.97	58.92
0.6731	7500.67	58.92
0.6736	7550.18	58.92
0.6741	7599.56	58.92
0.6746	7648.99	58.92
0.675	7698.43	58.92
0.6755	7747.82	58.92
0.676	7797.52	58.92
0.6764	7847.43	58.92
0.6769	7896.76	58.92
0.6773	7946.27	58.92
0.6778	7995.67	58.92
0.6782	8045.23	58.92
0.6787	8094.67	58.92
0.6792	8144.6	58.92
0.6796	8193.99	58.92
0.68	8243.61	58.92
0.6805	8292.92	58.92
0.6809	8342.53	58.92
0.6814	8391.97	58.92
0.6818	8441.52	58.92
0.6822	8491.26	58.92
0.6827	8540.88	58.92
0.6831	8590.42	58.92
0.6835	8640.03	58.92
0.684	8689.37	58.92
0.6844	8739	58.92
0.6848	8788.45	58.92
0.6852	8838.32	58.92
0.6857	8887.78	58.92
0.6861	8937.29	58.92
0.6865	8986.9	58.92
0.6869	9036.4	58.92
0.6873	9085.85	58.92
0.6877	9135.39	58.92
0.6881	9175.61	58.92
0.688	9168.81	58.92
0.688	9162.91	58.92
0.688	9157.74	58.92
0.688	9153.25	58.92
0.688	9149.15	58.92
