0.06718	0.27085	60.53
0.07111	0.28898	60.53
0.07537	0.30506	60.53
0.07933	0.32037	60.53
0.08358	0.34218	60.53
0.08748	0.36734	60.53
0.09137	0.39633	60.53
0.09555	0.42543	60.53
0.09944	0.45005	60.53
0.10371	0.47356	60.53
0.10763	0.49612	60.53
0.11182	0.5256	60.53
0.11568	0.55941	60.53
0.11952	0.59253	60.53
0.12369	0.6233	60.53
0.12753	0.65852	60.53
0.13165	0.69954	60.53
0.13544	0.74388	60.53
0.13955	0.79298	60.53
0.14333	0.83631	60.53
0.14711	0.87776	60.53
0.15118	0.92346	60.53
0.15494	0.97088	60.53
0.15897	1.02939	60.53
0.16265	1.09042	60.53
0.16632	1.15396	60.53
0.1703	1.21525	60.53
0.17391	1.28493	60.53
0.17787	1.3605	60.53
0.18149	1.42949	60.53
0.18536	1.50625	60.53
0.18894	1.58382	60.53
0.19245	1.6692	60.53
0.1962	1.77148	60.53
0.19965	1.86997	60.53
0.20334	1.97616	60.53
0.20676	2.07513	60.53
0.2102	2.17986	60.53
0.21382	2.29953	60.53
0.21711	2.42045	60.53
0.22061	2.56054	60.53
0.22382	2.69539	60.53
0.22725	2.84398	60.53
0.23042	2.98424	60.53
0.23356	3.12906	60.53
0.23688	3.29442	60.53
0.23991	3.45761	60.53
0.24317	3.64426	60.53
0.24609	3.82637	60.53
0.2492	4.02732	60.53
0.25204	4.21746	60.53
0.25487	4.41112	60.53
0.25788	4.63012	60.53
0.26061	4.84213	60.53
0.26348	5.08115	60.53
0.26608	5.31424	60.53
0.26867	5.55354	60.53
0.2714	5.81423	60.53
0.2739	6.06031	60.53
0.27657	6.33348	60.53
0.27897	6.5978	60.53
0.28148	6.89234	60.53
0.28378	7.17637	60.53
0.28603	7.46832	60.53
0.28842	7.78417	60.53
0.29062	8.08359	60.53
0.29297	8.41788	60.53
0.29504	8.73565	60.53
0.29711	9.05797	60.53
0.29927	9.41412	60.53
0.30123	9.74745	60.53
0.30334	10.1145	60.53
0.30526	10.4609	60.53
0.30727	10.8453	60.53
0.30909	11.2081	60.53
0.3109	11.5815	60.53
0.31278	11.9842	60.53
0.31451	12.3626	60.53
0.31634	12.7744	60.53
0.31798	13.1685	60.53
0.31974	13.594	60.53
0.32134	13.9921	60.53
0.32292	14.3972	60.53
0.32458	14.8408	60.53
0.32609	15.259	60.53
0.32769	15.7208	60.53
0.32913	16.1472	60.53
0.33057	16.5761	60.53
0.33209	17.0406	60.53
0.33347	17.4778	60.53
0.33492	17.9593	60.53
0.33627	18.4045	60.53
0.33768	18.8935	60.53
0.33897	19.3516	60.53
0.34024	19.8131	60.53
0.34157	20.3129	60.53
0.3428	20.7814	60.53
0.3441	21.2856	60.53
0.34529	21.7557	60.53
0.34646	22.2333	60.53
0.3477	22.7519	60.53
0.34882	23.2338	60.53
0.35	23.7611	60.53
0.35109	24.2512	60.53
0.35227	24.7858	60.53
0.35334	25.2771	60.53
0.35438	25.7744	60.53
0.35549	26.3146	60.53
0.3565	26.8172	60.53
0.35757	27.3648	60.53
0.35854	27.8731	60.53
0.35953	28.3819	60.53
0.36056	28.9309	60.53
0.36152	29.4519	60.53
0.36252	30.0123	60.53
0.36344	30.5327	60.53
0.36441	31.0961	60.53
0.36529	31.6183	60.53
0.36618	32.1426	60.53
0.36712	32.71	60.53
0.36798	33.2407	60.53
0.3689	33.8128	60.53
0.36973	34.3466	60.53
0.37061	34.9301	60.53
0.37143	35.468	60.53
0.37224	36.0045	60.53
0.3731	36.5843	60.53
0.37389	37.1257	60.53
0.37473	37.7133	60.53
0.37549	38.2595	60.53
0.37626	38.8089	60.53
0.37707	39.3978	60.53
0.37781	39.9433	60.53
0.37861	40.543	60.53
0.37934	41.0977	60.53
0.38012	41.6942	60.53
0.38081	42.2502	60.53
0.3815	42.8011	60.53
0.38225	43.4024	60.53
0.38293	43.9604	60.53
0.38366	44.5641	60.53
0.38435	45.1243	60.53
0.38501	45.6933	60.53
0.38571	46.302	60.53
0.38636	46.8692	60.53
0.38706	47.4753	60.53
0.3877	48.0403	60.53
0.38839	48.6555	60.53
0.38901	49.2269	60.53
0.38962	49.7964	60.53
0.39028	50.412	60.53
0.39088	50.9826	60.53
0.39154	51.6059	60.53
0.39214	52.1818	60.53
0.39277	52.8021	60.53
0.39335	53.38	60.53
0.39393	53.9563	60.53
0.39454	54.5778	60.53
0.39512	55.1568	60.53
0.39572	55.7833	60.53
0.39627	56.3622	60.53
0.39684	56.9505	60.53
0.39742	57.577	60.53
0.39797	58.1572	60.53
0.39855	58.7867	60.53
0.39908	59.3729	60.53
0.39965	60.0056	60.53
0.40018	60.5919	60.53
0.40069	61.1796	60.53
0.40124	61.8109	60.53
0.40176	62.3962	60.53
0.40231	63.0386	60.53
0.40281	63.6317	60.53
0.40331	64.223	60.53
0.40384	64.8577	60.53
0.40433	65.4503	60.53
0.40486	66.0892	60.53
0.40534	66.6817	60.53
0.40586	67.3204	60.53
0.40634	67.9134	60.53
0.40682	68.5147	60.53
0.40732	69.1583	60.53
0.40779	69.7552	60.53
0.40828	70.398	60.53
0.40873	70.9958	60.53
0.4092	71.5928	60.53
0.40969	72.2366	60.53
0.41013	72.8353	60.53
0.41061	73.4806	60.53
0.41106	74.0824	60.53
0.41153	74.7382	60.53
0.41196	75.3382	60.53
0.41239	75.9389	60.53
0.41285	76.5867	60.53
0.41329	77.1894	60.53
0.41375	77.8402	60.53
0.41417	78.4436	60.53
0.41461	79.0955	60.53
0.41503	79.6967	60.53
0.41545	80.3096	60.53
0.41589	80.9628	60.53
0.4163	81.5676	60.53
0.41672	82.2219	60.53
0.41713	82.828	60.53
0.41753	83.4347	60.53
0.41795	84.0882	60.53
0.41835	84.6975	60.53
0.41877	85.3523	60.53
0.41916	85.9643	60.53
0.41957	86.6284	60.53
0.41996	87.2359	60.53
0.42034	87.8474	60.53
0.42075	88.5043	60.53
0.42113	89.1141	60.53
0.42153	89.7703	60.53
0.42191	90.3806	60.53
0.42228	90.9923	60.53
0.42268	91.6551	60.53
0.42304	92.2752	60.53
0.42343	92.9335	60.53
0.42379	93.5473	60.53
0.42418	94.2083	60.53
0.42454	94.8235	60.53
0.4249	95.4385	60.53
0.42528	96.103	60.53
0.42563	96.7194	60.53
0.42601	97.3823	60.53
0.42635	97.9975	60.53
0.42672	98.6674	60.53
0.42707	99.2838	60.53
0.42742	99.9008	60.53
0.42779	100.567	60.53
0.42812	101.185	60.53
0.42848	101.85	60.53
0.42881	102.468	60.53
0.42914	103.085	60.53
0.4295	103.751	60.53
0.42985	104.379	60.53
0.4302	105.043	60.53
0.43052	105.664	60.53
0.43087	106.333	60.53
0.43119	106.951	60.53
0.4315	107.572	60.53
0.43185	108.243	60.53
0.43217	108.863	60.53
0.43251	109.533	60.53
0.43282	110.156	60.53
0.43313	110.785	60.53
0.43347	111.454	60.53
0.43378	112.075	60.53
0.43411	112.744	60.53
0.43444	113.366	60.53
0.43476	114.039	60.53
0.43506	114.664	60.53
0.43536	115.286	60.53
0.43568	115.957	60.53
0.43598	116.58	60.53
0.43631	117.259	60.53
0.4366	117.884	60.53
0.4369	118.511	60.53
0.43721	119.187	60.53
0.4375	119.813	60.53
0.43781	120.485	60.53
0.43811	121.109	60.53
0.43843	121.783	60.53
0.43872	122.409	60.53
0.439	123.041	60.53
0.4393	123.714	60.53
0.4396	124.343	60.53
0.4399	125.019	60.53
0.44017	125.647	60.53
0.44048	126.322	60.53
0.44075	126.949	60.53
0.44103	127.577	60.53
0.44133	128.254	60.53
0.44161	128.881	60.53
0.4419	129.566	60.53
0.44218	130.197	60.53
0.44246	130.824	60.53
0.44275	131.502	60.53
0.44301	132.131	60.53
0.4433	132.807	60.53
0.44357	133.438	60.53
0.44385	134.117	60.53
0.44412	134.747	60.53
0.44439	135.384	60.53
0.5123	534.137	60.53
0.5166	578.977	60.53
0.5207	624.046	60.53
0.5244	669.8	60.53
0.528	715.553	60.53
0.5314	761.492	60.53
0.5345	807.701	60.53
0.5375	854.053	60.53
0.5404	900.606	60.53
0.5432	947.369	60.53
0.5458	994.609	60.53
0.5484	1041.52	60.53
0.5508	1088.61	60.53
0.5531	1135.83	60.53
0.5554	1183.15	60.53
0.5576	1230.5	60.53
0.5597	1277.94	60.53
0.5617	1325.99	60.53
0.5637	1373.56	60.53
0.5656	1421.3	60.53
0.5674	1469.03	60.53
0.5692	1516.91	60.53
0.571	1564.86	60.53
0.5727	1612.74	60.53
0.5744	1661.04	60.53
0.576	1709.13	60.53
0.5776	1757.3	60.53
0.5791	1805.44	60.53
0.5807	1853.6	60.53
0.5821	1901.8	60.53
0.5836	1950.17	60.53
0.585	1998.82	60.53
0.5864	2047.14	60.53
0.5877	2095.52	60.53
0.5891	2144.09	60.53
0.5904	2192.56	60.53
0.5916	2240.99	60.53
0.5929	2289.48	60.53
0.5941	2338.37	60.53
0.5954	2386.99	60.53
0.5965	2435.45	60.53
0.5977	2484.18	60.53
0.5989	2532.68	60.53
0.6	2581.41	60.53
0.6011	2630.03	60.53
0.6022	2679.05	60.53
0.6033	2727.78	60.53
0.6044	2776.54	60.53
0.6054	2825.31	60.53
0.6064	2874	60.53
0.6075	2922.82	60.53
0.6085	2971.85	60.53
0.6095	3021.08	60.53
0.6105	3069.8	60.53
0.6114	3118.63	60.53
0.6124	3167.5	60.53
0.6133	3216.41	60.53
0.6142	3265.28	60.53
0.6151	3314.19	60.53
0.6161	3363.5	60.53
0.617	3412.4	60.53
0.6178	3461.27	60.53
0.6187	3510.31	60.53
0.6196	3559.28	60.53
0.6204	3608.28	60.53
0.6213	3657.2	60.53
0.6221	3706.6	60.53
0.6229	3755.81	60.53
0.6237	3804.85	60.53
0.6246	3853.64	60.53
0.6254	3902.69	60.53
0.6262	3951.84	60.53
0.6269	4000.96	60.53
0.6277	4050.34	60.53
0.6285	4099.46	60.53
0.6293	4148.61	60.53
0.63	4197.73	60.53
0.6308	4246.78	60.53
0.6315	4295.9	60.53
0.6322	4345.05	60.53
0.633	4394.57	60.53
0.6337	4443.62	60.53
0.6344	4492.73	60.53
0.6351	4541.92	60.53
0.6358	4591.17	60.53
0.6365	4640.41	60.53
0.6372	4689.51	60.53
0.6379	4739.09	60.53
0.6386	4788.32	60.53
0.6392	4837.5	60.53
0.6399	4886.64	60.53
0.6406	4935.94	60.53
0.6412	4985.15	60.53
0.6419	5034.44	60.53
0.6425	5084.02	60.53
0.6432	5133.23	60.53
0.6438	5182.5	60.53
0.6444	5231.77	60.53
0.6451	5280.94	60.53
0.6457	5330.29	60.53
0.6463	5379.85	60.53
0.6469	5429.52	60.53
0.6475	5478.74	60.53
0.6482	5528.03	60.53
0.6488	5577.39	60.53
0.6493	5626.62	60.53
0.6499	5675.89	60.53
0.6505	5725.21	60.53
0.6511	5774.91	60.53
0.6517	5824.27	60.53
0.6523	5873.52	60.53
0.6529	5922.82	60.53
0.6534	5972.22	60.53
0.654	6021.5	60.53
0.6546	6070.83	60.53
0.6551	6120.54	60.53
0.6557	6170.13	60.53
0.6562	6219.4	60.53
0.6568	6268.69	60.53
0.6573	6318.17	60.53
0.6579	6367.45	60.53
0.6584	6416.81	60.53
0.659	6466.49	60.53
0.6595	6515.93	60.53
0.66	6565.26	60.53
0.6605	6614.67	60.53
0.6611	6664.05	60.53
0.6616	6713.36	60.53
0.6621	6762.83	60.53
0.6626	6812.61	60.53
0.6631	6861.85	60.53
0.6636	6911.15	60.53
0.6642	6960.71	60.53
0.6647	7010.1	60.53
0.6652	7059.56	60.53
0.6657	7108.89	60.53
0.6662	7158.7	60.53
0.6667	7208.1	60.53
0.6671	7257.55	60.53
0.6676	7306.94	60.53
0.6681	7356.31	60.53
0.6686	7405.91	60.53
0.6691	7455.25	60.53
0.6696	7505.06	60.53
0.6701	7554.41	60.53
0.6705	7603.97	60.53
0.671	7653.34	60.53
0.6715	7702.8	60.53
0.6719	7752.17	60.53
0.6724	7801.94	60.53
0.6729	7851.7	60.53
0.6733	7901.14	60.53
0.6738	7950.51	60.53
0.6743	8000.07	60.53
0.6747	8049.5	60.53
0.6752	8099.08	60.53
0.6756	8148.8	60.53
0.6761	8198.38	60.53
0.6765	8247.85	60.53
0.677	8297.3	60.53
0.6774	8346.73	60.53
0.6779	8396.3	60.53
0.6783	8445.8	60.53
0.6787	8495.6	60.53
0.6792	8545.07	60.53
0.6796	8594.72	60.53
0.68	8644.26	60.53
0.6805	8693.67	60.53
0.6809	8743.13	60.53
0.6813	8792.7	60.53
0.6818	8842.68	60.53
0.6822	8892.01	60.53
0.6826	8941.62	60.53
0.683	8991.15	60.53
0.6834	9040.74	60.53
0.6839	9090.11	60.53
0.6843	9139.7	60.53
0.6847	9189.03	60.53
0.6847	9188.12	60.53
0.6847	9181.96	60.53
0.6847	9175.93	60.53
0.6847	9171.22	60.53
0.6846	9167.11	60.53
