25
25
24
24
24
24
23
23
23
23
23
23
22
21
17
15
13
11
10
10
9
9
9
10
11
12
14
16
19
22
26
29
33
37
41
45
50
55
59
63
67
71
75
79
82
85
87
89
90
92
93
93
93
92
91
90
88
85
82
80
76
73
69
64
61
56
52
47
42
38
35
31
27
23
20
17
15
13
11
9
10
9
9
9
10
11
12
14
16
19
22
25
29
33
37
41
45
50
54
58
63
67
71
75
78
81
84
87
89
90
91
93
93
93
92
91
90
88
86
83
80
77
73
69
65
61
57
52
48
44
40
35
31
27
24
21
18
15
13
12
10
9
9
9
9
9
10
12
13
15
19
21
24
28
32
36
40
44
48
52
57
61
65
69
73
77
80
83
85
88
90
91
92
93
93
93
92
90
89
86
84
81
78
74
70
66
62
58
53
49
45
41
36
32
29
26
22
19
16
14
12
11
10
9
9
9
10
10
12
13
16
18
21
25
28
32
36
40
44
49
54
58
62
66
70
74
78
80
84
86
88
90
92
93
93
93
92
92
90
88
86
84
81
77
74
70
66
61
57
53
48
44
40
36
32
28
24
21
18
16
14
12
10
9
9
9
9
9
10
11
13
15
17
20
23
27
31
35
39
43
47
52
56
61
65
68
73
77
80
82
85
88
90
92
92
92
93
92
93
91
89
87
85
82
79
75
71
67
63
59
54
50
45
41
37
33
29
26
23
19
16
14
12
11
10
9
9
9
9
10
11
13
15
17
20
23
27
30
34
38
43
47
51
56
60
64
68
72
76
79
82
85
88
89
91
92
93
93
93
92
91
89
87
84
82
79
75
72
68
63
59
55
51
46
42
37
34
30
26
23
20
17
15
13
11
9
9
9
9
9
9
10
12
13
16
18
21
24
28
32
36
40
45
48
53
57
62
66
70
74
77
81
83
86
88
90
92
92
93
93
93
92
90
88
86
83
80
77
74
70
66
62
57
53
49
44
40
36
32
29
25
21
18
16
14
12
10
9
10
9
9
10
11
12
14
16
19
22
25
29
32
36
41
45
49
54
58
63
66
70
74
78
81
84
87
88
90
92
93
93
93
92
91
90
88
86
83
80
77
73
69
65
61
57
52
48
44
39
36
32
27
24
21
18
16
13
12
10
9
9
9
9
10
10
12
14
16
18
21
25
29
32
36
40
45
50
53
58
62
66
70
74
78
81
84
86
88
90
92
93
93
93
92
92
90
88
86
84
81
78
74
70
66
61
57
53
48
44
40
35
32
28
24
21
18
16
14
12
10
10
9
9
9
10
11
12
14
16
19
22
25
28
32
36
41
46
49
54
58
62
67
71
74
78
81
84
86
88
90
91
93
92
93
92
91
90
88
86
83
80
77
73
69
65
61
57
53
48
43
39
35
31
27
24
21
18
15
13
11
10
9
9
9
9
9
10
12
13
15
18
21
24
27
31
35
39
43
48
53
57
61
65
69
73
77
80
83
86
88
90
91
92
93
93
93
92
90
89
87
84
81
78
74
71
67
62
58
54
50
45
41
36
32
29
25
22
19
16
14
12
11
9
9
9
9
9
9
11
12
14
17
19
22
25
29
33
37
41
45
50
54
58
62
67
71
75
78
81
84
86
89
91
92
93
93
93
92
91
89
88
86
83
80
77
73
70
65
60
56
52
48
43
39
35
31
28
24
20
17
15
14
11
10
9
9
9
9
10
10
12
14
16
19
22
25
29
32
36
40
45
49
54
58
62
67
71
74
78
81
84
87
89
90
92
93
93
93
92
91
90
88
86
83
80
77
73
69
65
61
57
53
48
43
39
36
31
27
24
21
18
16
13
12
10
10
9
9
10
10
11
13
15
17
20
23
26
30
34
38
42
47
51
56
60
64
68
72
76
79
82
85
88
89
91
92
93
93
93
92
91
89
87
84
82
79
75
72
68
64
59
55
51
46
42
38
34
30
26
23
19
17
15
12
11
10
9
8
9
9
10
11
13
15
16
19
23
27
30
34
38
42
47
51
55
59
64
68
72
75
79
82
85
87
89
91
92
93
93
92
92
91
89
88
85
82
79
76
72
68
64
60
55
51
47
42
38
34
30
26
23
19
17
15
13
11
10
9
9
9
9
10
11
12
14
17
20
23
26
29
33
37
42
46
50
54
60
63
67
71
75
79
82
84
87
89
91
92
92
93
93
93
91
90
87
85
83
79
76
72
69
65
60
56
52
47
43
39
35
31
27
23
20
17
15
13
11
10
9
9
9
9
10
11
12
14
16
19
22
25
29
33
37
41
45
50
54
58
63
67
71
75
78
81
84
87
89
90
92
92
93
93
92
91
90
89
86
82
80
77
74
69
65
61
56
52
48
44
39
35
31
27
23
21
17
16
13
11
10
9
9
9
9
10
10
12
14
16
19
21
25
29
32
36
41
45
49
54
58
62
67
71
74
78
81
84
86
89
90
92
93
93
93
92
91
90
88
86
83
81
77
73
69
65
62
57
52
48
44
40
35
31
27
24
21
18
16
13
12
11
9
9
9
9
10
11
12
14
16
18
22
25
28
32
36
40
44
49
53
58
62
66
70
74
78
81
84
86
88
90
92
93
93
93
92
91
90
88
85
83
80
77
74
70
66
62
57
53
49
44
40
36
32
28
24
21
18
16
14
12
10
9
9
8
9
10
10
12
14
17
18
21
25
28
32
36
39
44
48
53
57
61
65
70
74
77
80
83
86
88
90
92
92
93
93
93
92
90
88
86
84
81
77
74
70
66
62
58
54
49
44
40
36
32
28
25
22
18
16
14
12
11
10
9
9
9
10
10
12
14
16
18
21
25
29
32
36
40
45
50
54
58
62
66
71
74
78
81
84
87
89
91
92
92
93
93
92
91
90
88
86
83