92
92
92
92
92
91
91
91
91
91
91
91
91
91
90
89
89
88
87
85
84
82
81
79
78
76
74
72
70
69
67
64
62
60
59
56
54
51
49
47
45
42
41
39
36
35
32
30
29
26
25
23
22
20
18
17
16
15
14
13
12
11
11
10
10
10
9
9
9
9
8
9
10
10
11
11
12
13
14
15
16
17
18
20
22
23
25
26
28
30
32
34
36
38
41
42
44
47
49
51
53
55
57
60
62
64
66
68
70
72
73
76
77
79
81
82
84
85
86
87
88
89
90
91
92
92
93
93
93
93
93
93
92
92
92
91
90
89
88
87
85
84
83
82
80
79
77
75
74
72
70
68
66
63
62
59
57
55
53
51
49
46
45
42
40
38
36
34
32
30
28
26
24
23
21
20
18
17
16
14
14
13
11
11
10
10
10
9
9
9
9
9
9
9
10
10
11
11
12
13
13
15
16
17
18
19
21
22
25
26
28
30
32
34
36
38
40
42
45
47
49
51
53
56
58
60
62
64
66
68
70
72
74
76
77
79
80
82
84
85
86
88
88
89
90
91
92
92
93
93
93
93
93
93
92
92
92
91
90
89
88
87
86
84
83
82
80
79
77
75
74
72
70
68
65
64
62
59
57
55
53
51
48
46
44
42
40
38
36
33
32
30
28
26
24
23
21
19
18
17
16
15
14
12
12
11
10
10
9
9
9
9
9
9
9
9
9
10
10
11
12
12
13
14
16
17
18
19
21
22
24
26
27
29
31
33
35
37
39
41
44
45
48
50
52
55
57
59
61
63
66
67
69
71
73
75
77
79
80
82
83
85
86
87
88
89
90
90
91
92
93
93
93
93
92
94
93
92
92
91
91
89
89
88
86
86
84
83
81
80
78
76
74
73
70
69
67
65
62
60
58
56
54
51
49
47
45
43
41
39
37
35
33
31
29
27
25
23
22
20
19
17
16
15
14
13
12
11
11
10
10
9
9
9
9
9
9
9
9
9
10
11
11
12
13
14
15
15
17
18
20
21
23
25
27
28
30
32
34
36
38
40
42
45
47
50
51
54
56
58
60
62
64
66
68
70
72
74
76
78
79
81
82
84
85
86
88
89
90
90
91
91
93
93
93
93
92
93
92
92
92
91
91
90
89
88
87
86
84
83
82
80
79
77
75
73
71
70
68
65
63
61
60
57
55
52
50
49
46
44
42
39
38
36
34
32
30
28
26
24
22
21
20
18
17
16
14
14
13
12
11
10
10
9
9
9
9
9
9
9
9
10
10
10
11
12
13
14
14
16
17
18
20
21
23
25
27
28
30
32
33
36
38
40
42
45
47
49
51
53
55
57
59
62
64
66
68
70
72
74
76
77
79
81
82
84
85
86
87
88
89
90
91
92
92
92
93
93
93
93
93
92
92
92
90
90
89
88
87
86
85
84
82
81
79
78
76
74
72
70
68
66
64
62
60
58
55
53
51
48
47
45
42
40
38
37
34
31
30
28
27
25
23
21
20
19
17
16
14
13
13
12
11
10
10
10
9
9
9
9
8
9
9
10
10
11
11
12
13
13
15
16
17
19
20
22
23
25
27
28
30
32
34
36
38
40
42
45
47
49
51
53
55
57
60
62
64
66
68
69
72
74
75
78
79
81
82
84
85
86
87
88
89
90
91
92
92
92
93
93
93
92
93
92
92
92
91
90
89
88
87
86
85
84
82
80
79
77
75
74
72
70
68
66
64
62
59
57
55
53
51
48
46
44
42
40
38
36
34
32
30
28
26
24
23
21
19
18
17
16
15
14
13
12
11
10
10
9
10
9
9
9
9
9
9
9
10
10
11
12
12
14
14
16
17
18
20
21
23
24
26
28
30
32
34
36
38
40
42
44
46
49
50
53
55
57
60
61
63
66
68
70
72
74
75
77
79
80
82
83
84
86
87
88
89
90
91
91
92
92
93
93
93
93
93
93
92
92
91
90
90
89
88
86
85
84
82
81
79
78
76
74
72
70
68
66
64
62
60
58
56
53
51
49
46
44
43
40
38
36
34
32
30
28
26
25
23
21
20
18
17
16
15
14
13
12
11
11
10
10
9
9
9
9
9
9
9
10
10
10
11
12
12
14
14
16
17
18
19
21
23
24
26
28
30
32
34
35
38
40
43
44
46
48
50
53
55
57
59
61
64
65
68
69
72
74
75
77
79
80
82
83
84
86
87
88
89
90
91
91
92
92
92
93
92
94
93
93
92
92
91
90
89
88
87
86
85
84
83
81
79
77
76
73
72
70
68
66
64
62
60
57
56
53
51
49
47
44
42
40
38
36
34
32
30
28
26
25
23
21
20
18
17
16
15
14
13
12
11
10
10
10
9
9
9
9
9
9
9
9
10
10
11
12
12
13
14
16
17
18
19
21
22
24
26
27
29
31
33
35
37
39
42
44
46
48
50
52
55
57
59
61
63
66
67
69
71
73
75
77
78
80
82
84
85
86
87
88
89
90
91
91
92
93
93
93
93
92
93
92
92