67
64
61
58
55
52
50
47
44
41
38
35
33
30
27
25
20
19
16
13
10
10
13
15
18
21
23
27
29
32
34
38
41
43
46
49
52
55
57
60
63
66
69
72
75
77
80
83
86
88
91
92
89
87
84
81
78
75
73
70
67
64
61
58
56
53
50
47
44
41
39
36
33
30
27
25
22
19
16
13
11
9
12
14
17
20
22
26
28
32
34
36
39
42
45
48
51
54
56
60
62
65
68
71
74
76
79
82
85
88
91
93
91
88
85
82
79
76
74
71
68
65
63
59
56
54
51
48
45
43
39
37
33
31
28
26
23
20
17
15
11
9
10
14
16
19
22
25
27
30
33
36
38
41
44
47
50
53
56
58
61
64
67
70
72
75
79
81
84
86
90
93
91
88
86
83
81
77
74
72
69
66
63
60
57
55
52
49
46
43
41
38
35
32
29
27
24
20
18
15
12
10
10
13
15
19
21
24
27
29
33
35
38
41
44
47
50
52
55
58
61
64
67
69
72
75
78
80
83
86
89
92
92
89
86
83
80
78
74
72
69
66
63
61
58
55
52
49
46
44
41
38
35
33
30
27
24
21
18
16
13
10
10
13
16
18
21
24
27
30
32
35
38
41
43
46
49
52
55
58
61
63
66
69
72
75
78
81
83
86
89
92
92
89
86
84
80
78
75
72
69
67
64
61
58
55
52
50
47
44
41
38
36
33
30
27
24
22
19
16
13
10
10
12
15
18
21
24
27
29
32
35
38
41
43
46
49
52
55
58
60
63
66
69
72
75
77
80
83
86
89
91
92
89
87
84
81
78
75
73
69
67
64
61
58
55
53
50
47
44
42
39
36
33
30
27
25
21
19
16
14
10
10
12
15
18
21
23
26
29
32
35
38
40
43
47
49
52
54
57
61
63
66
69
71
75
77
80
82
85
88
91
92
90
87
84
81
78
75
73
70
67
64
61
59
56
53
50
47
44
42
39
36
33
31
28
25
22
19
16
14
11
9
11
14
17
20
23
26
28
31
34
37
40
42
45
48
51
53
56
59
62
65
68
70
73
76
79
82
84
87
90
93
90
88
85
82
80
77
73
71
68
65
62
60
56
54
51
48
45
43
40
37
34
32
29
26
23
20
17
15
12
9
10
13
16
19
22
24
27
30
33
36
38
41
44
47
50
52
55
58
61
64
67
69
72
75
78
81
84
86
89
92
92
89
86
83
80
78
75
72
68
66
63
61
58
55
52
49
47
44
41
38
35
33
30
27
24
21
19
16
13
9
9
11
14
17
20
23
25
28
31
34
37
39
42
45
48
51
54
56
59
62
65
68
71
73
76
79
82
84
87
90
93
90
88
85
82
79
76
74
70
68
65
62
59
57
53
51
48
46
42
39
37
34
32
29
26
23
20
18
15
11
9
11
13
16
19
21
25
27
30
33
36
39
42
44
47
50
53
55
58
61
64
67
70
72
75
78
81
83
86
89
92
91
88
86
82
80
77
75
72
69
66
63
60
58
55
51
49
46
43
41
38
35
32
30
27
24
21
18
15
13
10
10
13
16
19
21
24
27
30
33
35
38
41
44
47
49
52
55
58
61
64
66
69
72
75
78
80
84
86
89
92
92
89
86
83
81
78
75
72
69
66
63
61
58
55
52
49
47
43
41
38
35
33
29
27
24
21
18
16
13
10
10
13
15
18
21
24
27
30
32
35
38
41
43
46
49
52
56
58
60
63
66
69
72
74
78
80
84
86
89
91
92
90
87
84
81
78
76
72
70
67
64
61
58
55
52
50
47
44
41
38
36
33
30
27
24
22
19
16
13
10
10
12
15
18
21
24
27
29
32
35
38
40
43
46
49
51
54
57
60
63
66
68
72
74
78
80
82
86
88
92
93
90
86
84
81
78
75
73
70
67
64
61
58
56
53
50
47
44
41
39
36
33
30
28
25
22
19
16
14
10
10
12
15
18
21
23
26
29
32
35
38
40
43
46
49
51
54
57
60
63
66
68
71
74
77