0.00985	0.03722
0.01415	0.05005
0.01816	0.05919
0.02220	0.06253
0.02655	0.06908
0.03057	0.07452
0.03488	0.08607
0.03884	0.10030
0.04281	0.11439
0.04713	0.12475
0.05114	0.13075
0.05548	0.13543
0.05950	0.14062
0.06385	0.14985
0.06784	0.16295
0.07180	0.17740
0.07607	0.19094
0.08008	0.19956
0.08441	0.20460
0.08843	0.20923
0.09245	0.21865
0.09672	0.23352
0.10067	0.24911
0.10500	0.26288
0.10901	0.27144
0.11334	0.27733
0.11736	0.28285
0.12134	0.29370
0.12562	0.31046
0.12959	0.32748
0.13387	0.34277
0.13784	0.35238
0.14220	0.36052
0.14621	0.36822
0.15018	0.38004
0.15444	0.39955
0.15837	0.41752
0.16264	0.43529
0.16662	0.44709
0.17061	0.45621
0.17491	0.46774
0.17887	0.48332
0.18316	0.50600
0.18708	0.52832
0.19137	0.53694
0.19529	0.56101
0.19919	0.58509
0.20340	0.60932
0.20734	0.62784
0.21161	0.64662
0.21546	0.67754
0.21942	0.69860
0.22365	0.72186
0.22753	0.74519
0.23171	0.77788
0.23553	0.81344
0.23966	0.85205
0.24357	0.87763
0.24737	0.91883
0.25145	0.96393
0.25523	1.00286
0.25938	1.04549
0.26312	1.09446
0.26718	1.14170
0.27093	1.18847
0.27464	1.24267
0.27859	1.31007
0.28223	1.37663
0.28612	1.44932
0.28974	1.51714
0.29338	1.58745
0.29722	1.66817
0.30073	1.75280
0.30445	1.85363
0.30787	1.95288
0.31153	2.06244
0.31492	2.16612
0.31826	2.27333
0.32182	2.39754
0.32507	2.52564
0.32853	2.67382
0.33166	2.81902
0.33474	2.96785
0.33804	3.13340
0.34105	3.29181
0.34426	3.47418
0.34717	3.65472
0.35020	3.86387
0.35297	4.06494
0.35572	4.27354
0.35861	4.50261
0.36125	4.72313
0.36404	4.97087
0.36655	5.21400
0.36917	5.48779
0.37156	5.75168
0.37392	6.01884
0.37644	6.31138
0.37866	6.60142
0.38104	6.92488
0.38317	7.22896
0.38527	7.54090
0.38749	7.88072
0.38949	8.20807
0.39160	8.57240
0.39349	8.92003
0.39549	9.30045
0.39731	9.65983
0.39911	10.02775
0.40100	10.42685
0.40271	10.80775
0.40449	11.22622
0.40610	11.62128
0.40769	12.02404
0.40937	12.46151
0.41089	12.87103
0.41250	13.32039
0.41398	13.74474
0.41552	14.21124
0.41690	14.64956
0.41826	15.09032
0.41971	15.56745
0.42102	16.01475
0.42242	16.50421
0.42369	16.96122
0.42493	17.42539
0.42622	17.93033
0.42741	18.40740
0.42868	18.92108
0.42984	19.39804
0.43105	19.91696
0.43216	20.40234
0.43324	20.89302
0.43439	21.42738
0.43542	21.92413
0.43653	22.46260
0.43755	22.96250
0.43863	23.51563
0.43961	24.02299
0.44058	24.53238
0.44160	25.08504
0.44255	25.60275
0.44353	26.16211
0.44444	26.68509
0.44532	27.21122
0.44625	27.77838
0.44711	28.30624
0.44804	28.88095
0.44889	29.41374
0.44978	29.99293
0.45058	30.53287
0.45137	31.06654
0.45222	31.64891
0.45299	32.19279
0.45382	32.77932
0.45458	33.32509
0.45535	33.87894
0.45613	34.47233
0.45685	35.02625
0.45763	35.62352
0.45833	36.17793
0.45909	36.77679
0.45978	37.33417
0.46047	37.89349
0.46119	38.49944
0.46185	39.06381
0.46256	39.67659
0.46321	40.24211
0.46390	40.85425
0.46454	41.41917
0.4809	55.2916
0.5052	93.0369
0.5237	137.5668
0.5383	186.6802
0.5503	239.0122
0.5603	293.7737
0.5689	350.2652
0.5764	408.3538
0.5830	467.0713
0.5890	527.0134
0.5943	587.3643
0.5992	648.2095
0.6037	709.5990
0.6078	771.7010
0.6117	833.9594
0.6153	896.3429
0.6187	959.1475
0.6219	1022.1225
0.6249	1085.2627
0.6277	1148.6534
0.6304	1212.5338
0.6330	1276.3036
0.6355	1340.2541
0.6379	1404.2152
0.6401	1468.2229
0.6423	1532.4297
0.6444	1597.0914
0.6464	1661.3757
0.6484	1725.7810
0.6503	1790.5276
0.6521	1855.0515
0.6538	1919.7119
0.6556	1984.9024
0.6572	2049.6240
0.6588	2114.5514
0.6604	2179.5812
0.6619	2244.5780
0.6634	2309.5989
0.6649	2374.6797
0.6663	2440.1492
0.6677	2505.2817
0.6690	2570.5629
0.6703	2635.7044
0.6716	2700.9558
0.6729	2766.2247
0.6741	2831.9120
0.6753	2897.3849
0.6765	2962.8145
0.6777	3028.1774
0.6788	3093.6407
0.6800	3159.1179
0.6811	3224.9449
0.6821	3290.4577
0.6832	3355.9903
0.6842	3421.5436
0.6853	3486.9849
0.6863	3552.7280
0.6873	3618.3475
0.6883	3684.2009
0.6892	3750.1653
0.6902	3815.6337
0.6911	3881.2798
0.6920	3947.0437
0.6930	4012.7359
0.6939	4078.8018
0.6947	4144.6075
0.6956	4210.3674
0.6965	4276.1051
0.6973	4341.8024
0.6982	4407.7969
0.6990	4473.8751
0.6998	4539.6267
0.7006	4605.7447
0.7014	4671.4294
0.7022	4737.3246
0.7030	4803.2292
0.7038	4869.1265
0.7045	4935.3720
0.7053	5001.3637
0.7060	5067.1517
0.7068	5133.0865
0.7075	5199.1150
0.7082	5265.0669
0.7090	5331.4581
0.7097	5397.5556
0.7104	5463.5572
0.7111	5529.5740
0.7117	5595.4954
0.7124	5661.5225
0.7131	5727.8536
0.7138	5793.8888
0.7144	5859.9852
0.7151	5925.9495
0.7157	5991.9869
0.7164	6058.0004
0.7170	6123.9983
0.7176	6190.5687
0.7183	6256.6469
0.7189	6322.7049
0.7195	6388.7612
0.7201	6454.7885
0.7207	6520.9239
0.7213	6587.4436
0.7219	6653.4388
0.7225	6719.5994
0.7231	6785.4529
0.7237	6851.5936
0.7243	6917.7135
0.7248	6984.4476
0.7254	7050.5872
0.7260	7116.7255
0.7265	7182.8365
0.7271	7248.9135
0.7276	7315.0674
0.7282	7381.2655
0.7287	7447.7963
0.7293	7514.0269
0.7298	7580.0845
0.7304	7646.2952
0.7309	7712.3704
0.7314	7778.7275
0.7319	7845.3386
0.7325	7911.3744
0.7330	7977.6914
0.7335	8043.9331
0.7340	8110.1113
0.7345	8176.3410
0.7350	8242.9173
0.7355	8309.0533
0.7360	8375.4169
0.7365	8441.5675
0.7370	8507.8063
0.7375	8574.1656
0.7380	8640.3372
0.7385	8706.9022
0.7389	8773.3072
0.7394	8839.5604
0.7399	8905.6961
0.7403	8971.8768
0.7408	9038.2282
0.7413	9104.7024
0.7418	9170.9903
0.7422	9237.3821
0.7427	9303.5354
0.7431	9369.7241
