-0.00059	1.79369
0.00369	1.80863
0.00768	1.81817
0.01173	1.82532
0.01604	1.83478
0.02002	1.84839
0.02429	1.86502
0.02823	1.88383
0.03217	1.90365
0.03643	1.91986
0.04042	1.93069
0.04473	1.94092
0.04864	1.96653
0.05296	1.97929
0.06717	0.27370
0.07112	0.28903
0.07537	0.30782
0.07929	0.32943
0.08352	0.35386
0.08741	0.38161
0.09129	0.41062
0.09548	0.44017
0.09937	0.46363
0.10363	0.48782
0.10751	0.51705
0.11165	0.55710
0.11552	0.58456
0.11940	0.61286
0.12355	0.64767
0.12739	0.68641
0.13148	0.73147
0.13525	0.77674
0.13935	0.82491
0.14314	0.86709
0.14692	0.90914
0.15098	0.95876
0.15470	1.01225
0.15869	1.07659
0.16240	1.13345
0.16604	1.19942
0.16995	1.27261
0.17358	1.33951
0.17755	1.41274
0.18111	1.49338
0.18495	1.57396
0.18851	1.65391
0.19201	1.74192
0.19575	1.84551
0.19917	1.94762
0.20283	2.06072
0.20621	2.16587
0.20962	2.27604
0.21321	2.39931
0.21648	2.52338
0.21996	2.66650
0.22313	2.80670
0.22653	2.96200
0.22965	3.10908
0.23276	3.25952
0.23605	3.42858
0.23906	3.59731
0.24225	3.79041
0.24516	3.97814
0.24824	4.18403
0.25105	4.37812
0.25382	4.58424
0.25678	4.80756
0.25949	5.02206
0.26235	5.26502
0.26494	5.49948
0.26750	5.74314
0.27018	6.01385
0.27263	6.26956
0.27522	6.55157
0.27761	6.81860
0.28012	7.11301
0.28241	7.40206
0.28464	7.69585
0.28699	8.02116
0.28913	8.32900
0.29143	8.66795
0.29352	8.98465
0.29556	9.30875
0.29771	9.66827
0.29965	10.00886
0.30170	10.38752
0.30357	10.74132
0.30556	11.12744
0.30737	11.48982
0.30918	11.86195
0.31107	12.26819
0.31276	12.65381
0.31456	13.07424
0.31619	13.46775
0.31792	13.89807
0.31951	14.29916
0.32107	14.70628
0.32272	15.15318
0.32420	15.57320
0.32579	16.03709
0.32723	16.46726
0.32864	16.89765
0.33016	17.36518
0.33153	17.80447
0.33298	18.28610
0.33429	18.73978
0.33569	19.22652
0.33697	19.68425
0.33824	20.14971
0.33956	20.65200
0.34076	21.12160
0.34205	21.62930
0.34324	22.10171
0.34440	22.57840
0.34563	23.09655
0.34676	23.58189
0.34794	24.11066
0.34902	24.60125
0.35018	25.13699
0.35124	25.63217
0.35228	26.12803
0.35339	26.66817
0.35439	27.17257
0.35546	27.72191
0.35644	28.23053
0.35740	28.74008
0.35843	29.29299
0.35939	29.81441
0.36039	30.37287
0.36130	30.89316
0.36226	31.45732
0.36315	31.98165
0.36403	32.50691
0.36497	33.07484
0.36583	33.60333
0.36674	34.17553
0.36757	34.71243
0.36846	35.29620
0.36927	35.83329
0.37007	36.37184
0.37092	36.95137
0.37172	37.49328
0.37256	38.08076
0.37332	38.62605
0.37408	39.17522
0.37489	39.76311
0.37563	40.31318
0.37643	40.91618
0.37715	41.46745
0.37792	42.06454
0.37862	42.61793
0.37932	43.16711
0.38008	43.76938
0.38076	44.32957
0.38149	44.93330
0.38216	45.49543
0.38282	46.06443
0.38352	46.67197
0.38418	47.23608
0.38487	47.84383
0.38551	48.41132
0.38619	49.02593
0.38681	49.59633
0.38742	50.16727
0.38808	50.78117
0.38870	51.35343
0.38935	51.97595
0.38995	52.55130
0.39058	53.17209
0.39117	53.74852
0.39174	54.32620
0.39236	54.95157
0.39293	55.52928
0.39354	56.15093
0.39409	56.73037
0.39466	57.31924
0.39525	57.94834
0.39578	58.53137
0.39636	59.16092
0.39690	59.74401
0.39747	60.37434
0.39800	60.96041
0.39852	61.54725
0.39908	62.18061
0.39958	62.76909
0.40014	63.41202
0.40064	64.00334
0.40115	64.59107
0.40167	65.22501
0.40217	65.81859
0.40270	66.45597
0.40318	67.05049
0.40369	67.69053
0.40416	68.28449
0.40464	68.88415
0.40515	69.52703
0.40562	70.12008
0.40613	70.76307
0.40658	71.36149
0.40703	71.96129
0.40752	72.60504
0.40797	73.20284
0.40845	73.84801
0.40890	74.44974
0.40938	75.10261
0.40981	75.70394
0.41024	76.30562
0.41071	76.95401
0.41113	77.55461
0.41159	78.20442
0.41202	78.80648
0.41247	79.45898
0.41288	80.06378
0.41331	80.67516
0.41375	81.32692
0.41415	81.92998
0.41459	82.58245
0.41500	83.18955
0.41540	83.79928
0.41582	84.45237
0.41622	85.06264
0.41664	85.71957
0.41702	86.32651
0.41745	86.98753
0.41784	87.59775
0.41822	88.20773
0.41863	88.86486
0.41901	89.47679
0.41941	90.13288
0.41979	90.74171
0.42016	91.35524
0.42056	92.01557
0.42093	92.63208
0.42132	93.29115
0.42169	93.90530
0.42208	94.56639
0.42244	95.18029
0.42279	95.79556
0.42318	96.45757
0.42353	97.07337
0.42391	97.73561
0.42426	98.35098
0.42464	99.02338
0.42498	99.64107
0.42532	100.25681
0.42569	100.92198
0.42603	101.53497
0.42640	102.19926
0.42673	102.82008
0.42707	103.43868
0.42743	104.10352
0.42776	104.73097
0.42811	105.39637
0.42844	106.01397
0.42879	106.68029
0.42911	107.30201
0.42944	107.92616
0.42979	108.59371
0.43011	109.21422
0.43045	109.88163
0.43077	110.50125
0.43108	111.12976
0.43142	111.80112
0.43174	112.42247
0.43207	113.09193
0.43238	113.71354
0.43271	114.38510
0.43302	115.00682
0.43332	115.63224
0.43364	116.30494
0.43395	116.92681
0.43427	117.60364
0.43457	118.22737
0.43487	118.85163
0.43519	119.52676
0.43549	120.15422
0.43580	120.82838
0.43609	121.45257
0.43640	122.12593
0.43669	122.75225
0.43697	123.38297
0.43729	124.05658
0.43758	124.68662
0.43788	125.36192
0.43817	125.98650
0.43847	126.66108
0.43875	127.28871
0.43903	127.91522
0.43933	128.59125
0.43960	129.22010
0.43990	129.90477
0.44018	130.53399
0.44045	131.16253
0.44074	131.83909
0.44102	132.46776
0.44131	133.14408
0.44157	133.77594
0.44186	134.45314
0.44214	135.08161
0.44241	135.71858
0.4484	161.8492
0.4631	210.8411
0.4753	262.8773
0.4856	317.2756
0.4944	373.4911
0.5022	430.8572
0.5092	489.5820
0.5154	549.0410
0.5211	609.0468
0.5262	669.5668
0.5310	730.6654
0.5354	792.1737
0.5396	854.2734
0.5434	916.4665
0.5471	979.0078
0.5505	1041.5919
0.5538	1104.4972
0.5568	1167.5214
0.5598	1230.8504
0.5631	1293.9236
0.5658	1357.7423
0.5683	1421.4201
0.5708	1485.2734
0.5731	1549.2859
0.5754	1613.2554
0.5776	1677.8185
0.5797	1742.0925
0.5818	1806.4252
0.5838	1870.7777
0.5857	1935.3555
0.5876	1999.8573
0.5894	2064.7697
0.5912	2129.4433
0.5929	2194.4236
0.5946	2259.0890
0.5962	2323.9678
0.5978	2388.9895
0.5994	2453.7590
0.6009	2519.1801
0.6024	2584.2923
0.6039	2649.2450
0.6053	2714.3235
0.6067	2779.4054
0.6081	2844.5834
0.6094	2910.1564
0.6108	2975.5326
0.6121	3040.7680
0.6133	3105.9116
0.6146	3171.2980
0.6158	3236.5968
0.6171	3302.3391
0.6182	3367.7639
0.6194	3433.1121
0.6206	3498.5405
0.6217	3563.9212
0.6228	3629.4408
0.6239	3694.9434
0.6250	3760.9136
0.6261	3826.4905
0.6272	3891.8225
0.6282	3957.4543
0.6292	4022.9578
0.6302	4088.4679
0.6313	4154.6235
0.6322	4220.1372
0.6332	4285.7832
0.6342	4351.4781
0.6351	4417.0910
0.6361	4482.7385
0.6370	4549.0102
0.6379	4614.6938
0.6388	4680.2593
0.6397	4746.0455
0.6406	4811.7893
0.6415	4877.5195
0.6424	4943.3174
0.6433	5009.5837
0.6441	5075.2033
0.6450	5140.9852
0.6458	5206.9103
0.6466	5272.6707
0.6474	5338.6214
0.6483	5405.0231
0.6491	5470.8629
0.6499	5536.7271
0.6506	5602.6555
0.6514	5668.4631
0.6522	5734.2242
0.6530	5800.6067
0.6537	5866.5018
0.6545	5932.4113
0.6552	5998.2740
0.6560	6064.1882
0.6567	6130.1081
0.6574	6196.1806
0.6582	6262.5330
0.6589	6328.4716
0.6596	6394.3946
0.6603	6460.3544
0.6610	6526.2900
0.6617	6592.2872
0.6624	6658.6537
0.6631	6724.6198
0.6638	6790.6310
0.6644	6856.3349
0.6651	6922.3956
0.6658	6988.6149
0.6664	7054.9632
0.6671	7121.0635
0.6677	7187.0845
0.6684	7253.1214
0.6690	7319.1836
0.6697	7385.2397
0.6703	7451.3053
0.6709	7517.6915
0.6716	7583.7467
0.6722	7649.7996
0.6728	7715.8314
0.6734	7782.0373
0.6740	7848.0854
0.6746	7914.5158
0.6752	7980.6871
0.6758	8046.8226
0.6764	8112.8224
0.6770	8178.9980
0.6776	8245.1297
0.6782	8311.5381
0.6788	8377.7001
0.6793	8443.8729
0.6799	8509.8492
0.6805	8576.2732
0.6811	8642.3756
0.6816	8708.4282
0.6822	8775.0997
0.6827	8841.2144
0.6833	8907.3033
0.6839	8973.4764
0.6844	9039.5913
0.6850	9105.6673
0.6855	9172.1712
0.6860	9238.4892
0.6866	9304.5752
0.6871	9370.6628
0.6873	9391.4837