#time	ch1	delta1	ch2	delta2
102	0.0016113275	0.00115135086463	-0.006958006	0.00388060063682
112	0.001440429	0.0015801384293	-0.007568355	0.00303756201918
122	0.0001464844	0.00211770159205	-0.006665033	0.00333508127807
132	0.0010742187	0.00156402678453	-0.008300788	0.00382453264563
142	0.0011474603	0.00157484775537	-0.006713874	0.00348575531778
152	0.0015869144	0.000854493828575	-0.007226566	0.00407386083267
162	0.0011230485	0.00150181270272	-0.008105459	0.00379447400378
#172	-0.0256103528	0.0228884788513	-0.037988278	0.0245409736882
182	-0.04916993	0.00201973972138	-0.06462402	0.00301600512592
192	-0.05075684	0.00186395778289	-0.06557616	0.00321894044313
202	-0.05119629	0.00135953961138	-0.06516113	0.00352520940401
212	-0.05007323	0.00162477655636	-0.06582032	0.00333178517939
222	-0.05043945	0.00107643507212	-0.06499023	0.00391051296304
232	-0.05283203	0.00150578203871	-0.06513672	0.00326054052936
242	-0.05354004	0.0013941694841	-0.06547853	0.00363728236024
252	-0.0541748	0.00183494561609	-0.06538086	0.00325321035201
262	-0.05507812	0.0011616693366	-0.06740722	0.00382210209304
272	-0.05590819	0.0015594425167	-0.06665038	0.00292358799963
282	-0.05710449	0.000805654242774	-0.0684082	0.00326236941501
292	-0.05874022	0.00139052967807	-0.0703125	0.00361295895963
302	-0.06069335	0.00171316533251	-0.07006835	0.00355642228883
312	-0.06137695	0.00186955157311	-0.06989746	0.00376967357558
322	-0.06215822	0.00145339146193	-0.07004395	0.00330709415628
332	-0.06301268	0.00243027020094	-0.07060547	0.00293942535814
342	-0.06323242	0.00143191361038	-0.0709961	0.00373591336168
352	-0.06586914	0.001243907553	-0.07077636	0.00355044600049
362	-0.06721191	0.00159740037276	-0.07282714	0.00346139454417
372	-0.06884765	0.00147294623748	-0.07290039	0.00321711100102
382	-0.07033692	0.000948376229985	-0.07309571	0.00329941505587
392	-0.07150878	0.00128003851098	-0.07441406	0.004273224747
402	-0.07121582	0.00105318469017	-0.07224121	0.0026709935771
412	-0.07370605	0.00192376168807	-0.0751953	0.00332604541851
422	-0.07375489	0.00191132285418	-0.07441405	0.00332926584677
432	-0.07661133	0.00161503239971	-0.07683106	0.00319637900419
442	-0.07832032	0.00201855497314	-0.07873533	0.00356352609421
452	-0.0782959	0.00195327740631	-0.07658691	0.00328285152861
462	-0.0791504	0.00165871343577	-0.07871092	0.00379512187467
472	-0.08054199	0.0016393728273	-0.07829588	0.00294196086847
482	-0.08186036	0.00135514710213	-0.07922365	0.00356688441816
492	-0.08376465	0.00110513368354	-0.0798584	0.00384232470387
502	-0.0852295	0.00142545446578	-0.07919923	0.00314970897006
512	-0.08637694	0.00157390460016	-0.08105469	0.0028907636951
522	-0.08886718	0.00167019912753	-0.0805664	0.00316818823431
532	-0.09001464	0.00116602878712	-0.08247071	0.00294551079524
542	-0.09145508	0.00124105099879	-0.08281251	0.00385680397751
552	-0.09370116	0.00151602294257	-0.08393555	0.00280028159236
562	-0.0954834	0.000855906597708	-0.08444824	0.00325622646577
572	-0.09667968	0.0014648550002	-0.08752441	0.00291593102986
582	-0.09899902	0.00172023784972	-0.08693847	0.00363508063763
592	-0.1012452	0.00143205843456	-0.08735351	0.00295963971201
602	-0.1032225	0.000918714019704	-0.088916	0.00335778884714
612	-0.1049316	0.0024580040358	-0.08779296	0.00273655180664
622	-0.1070801	0.000750031392676	-0.08911133	0.00348872081774
632	-0.110498	0.00209785376039	-0.09182129	0.00352689357153
642	-0.1133056	0.00163573733833	-0.09294434	0.00336355597284
652	-0.1159668	0.00178064127774	-0.09372558	0.0032853973129
662	-0.11687	0.00119614288444	-0.0942871	0.00317719626589
672	-0.1216064	0.00135711165348	-0.09736328	0.00298971560413
682	-0.1225342	0.00243999437704	-0.09643558	0.00285974751256
692	-0.1226073	0.00120493112251	-0.09699707	0.00295815514267
702	-0.1191406	0.00144452076482	-0.09445802	0.00311980041503
712	-0.1172363	0.00173607252441	-0.09025878	0.00250180993914
722	-0.1145752	0.00148936723477	-0.08886719	0.00377747856789
732	-0.1120118	0.00160035694768	-0.08645019	0.00366933875908
742	-0.1107177	0.00215971734493	-0.08337402	0.00286229321272
752	-0.1069092	0.00174849740063	-0.08120119	0.00470780347667
762	-0.106787	0.00185657000945	-0.07885744	0.00340049753483
772	-0.1045165	0.0010499884047	-0.07712402	0.00332867158152
782	-0.1026366	0.000868050367202	-0.07556153	0.00399416113522
792	-0.10187982	0.00243663348939	-0.07314453	0.00334428066497
802	-0.09848636	0.00218972767037	-0.07214357	0.00397769664254
812	-0.09785155	0.00193105167525	-0.06914063	0.00341761189665
822	-0.09592284	0.00134364720459	-0.06877442	0.00401616963332
832	-0.09499513	0.00189251866995	-0.06848145	0.00333187064012
842	-0.09433593	0.00177803144351	-0.06540528	0.00292856693036
852	-0.09421386	0.00195753447387	-0.06652832	0.00397769388058
862	-0.09187012	0.000810083504091	-0.06374511	0.00303844734279
872	-0.09233398	0.0016942512162	-0.06262207	0.0042106467634
882	-0.09077149	0.00131837740761	-0.06252441	0.00307548753678
892	-0.08952635	0.00138128434238	-0.06000976	0.00331491209271
902	-0.08798827	0.00191987877484	-0.05961914	0.00379449560948
912	-0.08781739	0.00143213461131	-0.05839845	0.00350373673562
922	-0.08623047	0.00181652214027	-0.05803222	0.00411440735995
932	-0.08623048	0.00109073480902	-0.0573242	0.00348667728475
942	-0.08591308	0.0015027991235	-0.055542	0.00354172069989
952	-0.08459472	0.00220607061347	-0.05590818	0.00376483392165
962	-0.08269043	0.00159740220674	-0.05327148	0.00403503259065
972	-0.08227539	0.00121582305822	-0.05263671	0.00395206812174
982	-0.08098144	0.00163426763793	-0.05268553	0.00315271310875
992	-0.08098145	0.00152486585459	-0.05097657	0.00422271164184
1002	-0.07888183	0.00140015073549	-0.05092772	0.00459764356552
1012	-0.07844239	0.00120621694272	-0.04843751	0.00351120712447
1022	-0.07819824	0.00116090032664	-0.04843749	0.00337091184888
1032	-0.07756348	0.00163792325693	-0.04577636	0.00380773629686
1042	-0.07678221	0.00131132880884	-0.04616699	0.00366447127904
1052	-0.07570801	0.001825173798	-0.04499512	0.00393822401491
1062	-0.07543946	0.00157842988074	-0.04245605	0.00329445051541
1072	-0.07416993	0.00146404625204	-0.04350586	0.0045146724741
1082	-0.07326659	0.00205268743088	-0.04294433	0.00374650847298
1092	-0.07131346	0.00106669707246	-0.0411377	0.00445414771623
1102	-0.0720459	0.00138730460534	-0.04279785	0.00389867857543
1112	-0.0717041	0.00119128013918	-0.04140625	0.00345992532036
1122	-0.07236327	0.00220593036021	-0.04016115	0.0033390199494
1132	-0.07106935	0.00109971772856	-0.04052735	0.00319068167082
1142	-0.0701416	0.00152093001548	-0.04011233	0.00345449165089
1152	-0.07028809	0.00167888773445	-0.03942872	0.00391274399183
1162	-0.06921388	0.00128377150132	-0.03898925	0.00372831604595
1172	-0.06987305	0.00137588162009	-0.03911133	0.00391814528292
1182	-0.06999512	0.00135074193597	-0.03884277	0.00407422356923
1192	-0.07004394	0.000985363742178	-0.03894042	0.00402683633658
1202	-0.07121583	0.00179754571182	-0.04020996	0.00382303913901
1212	-0.07138672	0.000901656716051	-0.03850096	0.00306890258047
1222	-0.07075196	0.0017187283114	-0.03894043	0.00350621818233
1232	-0.07109374	0.00161872150427	-0.03940429	0.00358179055821
1242	-0.07121581	0.00157105025601	-0.03916015	0.00395809279407
1252	-0.07141113	0.00220334197166	-0.04030762	0.00427831307429
1262	-0.07265624	0.00171317473785	-0.03901366	0.00316969291673
1272	-0.07272948	0.00147882651099	-0.04121094	0.00293538517854
1282	-0.072583	0.00118628842867	-0.03964843	0.00387128908919
1292	-0.07277832	0.0012180161902	-0.03950195	0.0037470702871
1302	-0.07426756	0.00138020159846	-0.0411377	0.0028706096997
1312	-0.07451171	0.00216942264045	-0.03835448	0.00325073656755
1322	-0.07568359	0.00105293307522	-0.04069825	0.0033900372509
1332	-0.07526856	0.00192564389865	-0.03942871	0.00317992716283
1342	-0.07785644	0.00153421864035	-0.03984373	0.00364710481973
1352	-0.0782959	0.00136827215641	-0.04035645	0.00368328752862
1362	-0.07963866	0.00162972643115	-0.0401123	0.00284934226375
1372	-0.07968749	0.00186954817774	-0.04133299	0.00368490276058
1382	-0.08127441	0.00181537533554	-0.04150391	0.0037073990326
1392	-0.08156737	0.00150281455679	-0.04196777	0.00328539055062
1402	-0.082959	0.00132738427217	-0.04135741	0.00339734434211
1412	-0.0845215	0.00142273191712	-0.04008789	0.00420857325431
1422	-0.08479005	0.00176067032249	-0.0411377	0.00326499579847
1432	-0.08503417	0.00119628346979	-0.04106446	0.00376925967697
1442	-0.08562013	0.000764670717433	-0.0409424	0.00300807879185
1452	-0.08686522	0.00183610665801	-0.04174805	0.00346988909196
1462	-0.08666993	0.0014688904003	-0.04128417	0.00321942016396
1472	-0.08867188	0.00134521528299	-0.0409668	0.00365526754643
1482	-0.08930662	0.00172909346815	-0.04143067	0.00335823652027
1492	-0.09008787	0.000699111265894	-0.04118651	0.00335647791038
1502	-0.08940428	0.00190304697777	-0.04177247	0.00342572622696
1512	-0.09199218	0.00248928134963	-0.0421875	0.00293536039321
1522	-0.09245606	0.0015557969676	-0.04301758	0.00301748267461
1532	-0.09282228	0.00183933038403	-0.04189454	0.00370452223457
1542	-0.09470213	0.00114225351656	-0.04279785	0.00335292064274
1552	-0.0942871	0.00169427513645	-0.04226075	0.00360212466282
1562	-0.09675292	0.00193796032973	-0.04191893	0.00364913306308
1572	-0.0979004	0.00170199974501	-0.04326171	0.00346092924673
1582	-0.09809574	0.000969281582617	-0.04199219	0.00344749822174
1592	-0.09853507	0.00210347300056	-0.04238281	0.00398808539338
1602	-0.09948733	0.00154892303815	-0.04199217	0.00336878786659
1612	-0.10046384	0.00181465460967	-0.043042	0.00331356982543
1622	-0.10241702	0.00150997023931	-0.04191895	0.00354138000481
1632	-0.1047364	0.00104727285843	-0.04304199	0.00319078055167
1642	-0.1042724	0.00219039102445	-0.04416502	0.00312356862124
1652	-0.1054931	0.00117810275019	-0.042334	0.00347022379048
1662	-0.1069091	0.00131236957066	-0.0451416	0.00283971876213
1672	-0.1082277	0.00131938599735	-0.0435791	0.0032338136344
1682	-0.1105223	0.00153665897648	-0.04370115	0.00305126584166
1692	-0.1109375	0.00127425776435	-0.04396972	0.00280804389702
1702	-0.1097655	0.00142842117388	-0.04257812	0.00367866713901
1712	-0.1067627	0.00183360606729	-0.04250489	0.00339423916672
1722	-0.10380855	0.00232583660701	-0.04111329	0.00345301319732
1732	-0.10097668	0.00160907730131	-0.04003906	0.00350577032454
1742	-0.0993164	0.00156625423798	-0.03901367	0.00307227309497
1752	-0.09606934	0.00168174418756	-0.03676759	0.00374928010675
1762	-0.09326173	0.00188793911928	-0.03647461	0.0029765116262
1772	-0.09152831	0.00181536188704	-0.03540039	0.00323152812906
1782	-0.08884277	0.00127540361537	-0.03381349	0.00264585805419
1792	-0.0873779	0.00137869137591	-0.03422852	0.0036780259569
1802	-0.08503418	0.00215078554059	-0.03266603	0.0039665136609
1812	-0.08366699	0.00153652184394	-0.0324707	0.00351256987489
1822	-0.08208007	0.00186507432241	-0.03034669	0.00329554115206
1832	-0.08037109	0.0014721528796	-0.02976075	0.00276742354556
1842	-0.07854005	0.00208893072037	-0.02922362	0.00327558730484
1852	-0.07729492	0.00239008462561	-0.0272461	0.00299446936401
1862	-0.0749756	0.00168245932076	-0.02761231	0.00308518786768
1872	-0.07341308	0.00186908611455	-0.02546387	0.00262278778023
1882	-0.07126466	0.00153031275901	-0.02595215	0.00396087173568
1892	-0.07194823	0.00212289908477	-0.02678222	0.00326648309311
1902	-0.06992187	0.00115135752314	-0.02521973	0.00340931981517
1912	-0.06728513	0.00142442397975	-0.02497559	0.00382928269639
1922	-0.06706543	0.00143212813327	-0.02456055	0.00324844102309
1932	-0.06591797	0.00194700643196	-0.02260741	0.00364121063479
1942	-0.06440429	0.00146810083744	-0.02324218	0.00286342113102
1952	-0.06279297	0.00126292042034	-0.02236327	0.00334963357789
1962	-0.0621582	0.00178475840102	-0.0210449	0.00341763018421
1972	-0.06049806	0.00104039156686	-0.02072752	0.00358387640657
1982	-0.06020508	0.00175101743955	-0.02124024	0.00367186072563
1992	-0.05725098	0.0019569440691	-0.01999512	0.00326537706882
2002	-0.0559082	0.00180400771007	-0.0184082	0.00360337184259
2012	-0.05422363	0.00140439293365	-0.01835938	0.00282992146103
2022	-0.05383301	0.00139073618954	-0.01762694	0.00340888973662
2032	-0.05107422	0.00155868441373	-0.01655274	0.00308969721533
2042	-0.05021971	0.00138559276229	-0.01633301	0.00351842165138
2052	-0.04853516	0.00254140160903	-0.01679689	0.00414867816887
2062	-0.04558104	0.00188495413377	-0.01520996	0.00372032363866
2072	-0.04440918	0.00204392915376	-0.01386719	0.00385990575103
2082	-0.04436036	0.00180083833267	-0.015722644	0.00367705277985
2092	-0.04399414	0.00190303902388	-0.013061528	0.00339741457203
2102	-0.04287109	0.000953087714169	-0.012133792	0.00440273038028
2112	-0.04235839	0.000934459894752	-0.0126709	0.00275231738177
2122	-0.04155273	0.00131382703584	-0.009936525	0.00317204933693
2132	-0.03940429	0.00101370294411	-0.011865242	0.00485859018171
2142	-0.04140625	0.00195068363055	-0.0116455	0.00365404362496
2152	-0.03818359	0.00202562607134	-0.011669923	0.00448687260865
2162	-0.03872071	0.00153322272123	-0.011254877	0.00411497682722
2172	-0.03784179	0.0012304256568	-0.010961903	0.0038824407501
2182	-0.03806154	0.00145442962442	-0.012499991	0.00400092858336
2192	-0.03864746	0.00146908838958	-0.00976562	0.00448315056374
2202	-0.0378174	0.00152249338521	-0.011718746	0.00371864466114
2212	-0.03837891	0.0016551037366	-0.010766602	0.00397949538655
2222	-0.03891602	0.00144104391869	-0.011132818	0.00347024230736
2232	-0.03947755	0.00200149715676	-0.012060552	0.00407093016624
2242	-0.03918457	0.000766215468455	-0.011767576	0.00276170163212
2252	-0.03994141	0.00161650446053	-0.012377937	0.00369299814539
2262	-0.03999023	0.00178006103269	-0.0121338	0.00376807964996
2272	-0.03937987	0.00165240827827	-0.012841801	0.00439481057936
2282	-0.04101561	0.000919993197203	-0.013671866	0.00377747727517
2292	-0.04064941	0.00127910546981	-0.01447755	0.00345103909432
2302	-0.04152831	0.00116804782304	-0.01520996	0.00397589995855
2312	-0.04125976	0.00139394579177	-0.014672842	0.00356889302494
2322	-0.04316406	0.0011070081212	-0.015747078	0.00335327837406
2332	-0.04411621	0.00154040532487	-0.0190918	0.00373271692739
2342	-0.04558106	0.0014812268916	-0.01726075	0.00295814903521
2352	-0.04599611	0.00125059966132	-0.01918946	0.00442724290122
2362	-0.04638673	0.00152074230759	-0.02053221	0.00422503473487
2372	-0.04809571	0.00151288573359	-0.02014161	0.00342188085837
2382	-0.04768065	0.00131949053066	-0.02126464	0.0049052821273
2392	-0.04941407	0.00171316419239	-0.02211914	0.00283076734198
2402	-0.05100097	0.00198176305852	-0.02351075	0.00390633401778
2412	-0.05039063	0.00143276162641	-0.02402344	0.00443799732789
2422	-0.05180664	0.00143109750555	-0.02460937	0.00310511251907
2432	-0.05205078	0.00141853148277	-0.02790527	0.00329917050091
2442	-0.05332032	0.00132467972265	-0.0269287	0.0042693840886
2452	-0.05429687	0.00199599113778	-0.02897948	0.0039002109286
2462	-0.05500488	0.00150121166649	-0.02980956	0.00332506253872
2472	-0.05615234	0.00108083714055	-0.02893066	0.00412482713291
2482	-0.05776365	0.000692243821569	-0.03134765	0.00289530628129
2492	-0.05783691	0.00120818316778	-0.03181152	0.00317393255971
2502	-0.05917968	0.00184063845488	-0.03183594	0.00364121801028
2512	-0.05856933	0.00149883140083	-0.03378904	0.00396560916259
2522	-0.06135254	0.000756838064846	-0.03525389	0.00327584934557
2532	-0.06184083	0.00087377713068	-0.03491211	0.00348360868653
2542	-0.06269531	0.00131836148188	-0.03835448	0.00436385510502
2552	-0.06379395	0.00192561511848	-0.0385254	0.00382576675217
2562	-0.06618651	0.0018607734432	-0.03952638	0.00366609939631
2572	-0.06655274	0.00200789823059	-0.04187012	0.00379676150312
2582	-0.06940917	0.00181076170826	-0.04289551	0.00357155137313
2592	-0.06896975	0.00154117843889	-0.04553222	0.00315356540849
2602	-0.07089844	0.00191053412856	-0.04711913	0.00374102184518
2612	-0.07209473	0.00135073741715	-0.04804686	0.00345921804522
2622	-0.0730957	0.00158298047366	-0.050708	0.00336355074676
2632	-0.07458496	0.00173065716374	-0.05029295	0.00275781808836
2642	-0.07687989	0.00149883889358	-0.05405273	0.00311736992353
2652	-0.07863768	0.00151072011359	-0.05551757	0.00317043952286
2662	-0.08234863	0.00151702999249	-0.05776367	0.00347879470134
2672	-0.08469238	0.00183497728204	-0.06115723	0.00336569333958
2682	-0.08688964	0.00165746466339	-0.06303709	0.00332926965999
2692	-0.08969727	0.00112517328625	-0.06862793	0.00271742747872
2702	-0.08962402	0.0012613026812	-0.06877441	0.00373948702056
2712	-0.08913575	0.00126128274407	-0.06848145	0.00344965585856
2722	-0.08847656	0.00210926711262	-0.06931152	0.00333579115317
2732	-0.08825683	0.00107117129914	-0.0682617	0.00277977003186
2742	-0.08591308	0.00214079854157	-0.06953126	0.00363565241826
2752	-0.08510742	0.00115650127955	-0.06855468	0.0026784498042
2762	-0.08312988	0.00212346231838	-0.06813966	0.0037813479285
2772	-0.08215332	0.00170985356262	-0.06835937	0.00267665767481
2782	-0.08210447	0.00146911448026	-0.0673584	0.00298700349916
2792	-0.08095703	0.00172701614008	-0.06882326	0.00383300229303
2802	-0.07941894	0.00177083149125	-0.06733398	0.00349862812308
2812	-0.07854004	0.00202223333629	-0.06730957	0.00310558215092
2822	-0.07761229	0.0015763708805	-0.06704102	0.00364614157564
2832	-0.07558594	0.00114617364321	-0.06640623	0.0035210614218
2842	-0.07629396	0.0011148049302	-0.06779786	0.00282834437691
2852	-0.07514648	0.00180333752958	-0.06818849	0.00317580386468
2862	-0.07382812	0.00163116816901	-0.0671631	0.0037923471136
2872	-0.07373047	0.00113465717294	-0.06767577	0.00309933007182
2882	-0.07141113	0.00130676958646	-0.06655273	0.00354330708323
2892	-0.07053223	0.00112649771154	-0.06826172	0.00365102212478
2902	-0.06965332	0.00196241305428	-0.06684571	0.00332748972454
2912	-0.06972657	0.00176120421931	-0.0656494	0.00279528085995
2922	-0.069458	0.00144949167504	-0.06735839	0.00357221713406
2932	-0.06760255	0.00121310370476	-0.06513673	0.00235641843824
2942	-0.06708984	0.00134078659018	-0.06618651	0.00351841318593
2952	-0.06621094	0.00178673033903	-0.06589356	0.00244737984677
2962	-0.06621094	0.00234120445762	-0.06594239	0.00391760575874
2972	-0.06472167	0.00193919872424	-0.06623536	0.0036360557422
2982	-0.06364745	0.00160484142971	-0.06525879	0.00323714791767
2992	-0.06340332	0.000831866451782	-0.06733398	0.00308584634964
3002	-0.06250001	0.00164137957003	-0.06586914	0.00372311955253
3012	-0.06262207	0.00127443672189	-0.06545409	0.0035554912157
3022	-0.06147462	0.00163335992837	-0.06577148	0.00348906476546
3032	-0.05942382	0.00178473678776	-0.0654541	0.00374332480343
3042	-0.05930175	0.00109972438843	-0.06535644	0.00400130199515
3052	-0.05698242	0.00171314566619	-0.06547851	0.00347812341197
3062	-0.05625	0.00149783265287	-0.06469728	0.00371061135497
3072	-0.05634766	0.00147619479148	-0.06501464	0.00337593979603
3082	-0.05471191	0.00210994290513	-0.06530762	0.00366578870908
3092	-0.05322264	0.00154020841914	-0.06486818	0.00352450615542
3102	-0.05339355	0.00141960459794	-0.06584475	0.00430276954978
3112	-0.05339356	0.00147316622022	-0.06474609	0.00382108780806
3122	-0.0520996	0.00056942246531	-0.0647461	0.00333644269005
3132	-0.05224609	0.00177735778697	-0.06398926	0.00286476972938
3142	-0.05139159	0.0011147928852	-0.06550292	0.0037219224043
3152	-0.05083008	0.000969220117208	-0.06464843	0.00307036182983
3162	-0.04941406	0.00123139617849	-0.06418458	0.00380803860847
3172	-0.05146484	0.00141434791915	-0.06530762	0.00380302990543
3182	-0.05153808	0.00134809583843	-0.06433107	0.00344099661815
3192	-0.0508545	0.00199554342624	-0.06472169	0.00353701224495
#3202	-0.0349365151	0.0235474699867	-0.046484383	0.0276358629201
3212	0.0010986303	0.00205788826822	-0.006835944	0.00353794107338
3222	0.0009277333	0.000808248955779	-0.007104489	0.00341351581074
3232	0.0002685537	0.00173820507409	-0.0064453119	0.00466327480932
3242	0.0014648422	0.00108085679154	-0.008203125	0.00326309571428
3252	0.0017822271	0.00138559288	-0.006152345	0.00430657908548
3262	0.0022216804	0.00192066020034	-0.007128906	0.00419722647437
3272	0.0004394517	0.00175984669833	-0.0084472692	0.00378567745335
3282	0.0013671894	0.00147376896333	-0.0061523322	0.00401726853211
3292	0.000683592	0.00160019181819	-0.006591793	0.00397431328751
3302	0.0007812504	0.00116473323954	-0.007568359	0.00346645806888
3312	0.0005371102	0.00165151612104	-0.0051513582	0.00378132757637
3322	0.0013916019	0.00183040298836	-0.007690429	0.00339039009377
3332	0.0013916017	0.000995005132924	-0.006298833	0.00324955706401
3342	0.0010742194	0.00161280662699	-0.0064208903	0.00389715088879
3352	0.0013916007	0.00167392145771	-0.007690428	0.00358687351942
3362	0.0009277342	0.00100543327201	-0.007568345	0.00324990426734
3372	0.000781251	0.00141433112305	-0.00583496	0.00368231478724
3382	0.0005126966	0.0014908574057	-0.009887699	0.00370459504365
3392	0.0008056629	0.0016233065266	-0.006982419	0.00305751202441
3402	0.0006347654	0.00123622796988	-0.0068603539	0.00470938422426
3412	0.0012695321	0.00135404633896	-0.005688481	0.00227208990715
3422	0.000512696	0.00176204691676	-0.006225591	0.00419219494619
3432	0.000415038	0.00184983779897	-0.005737308	0.00427804519347
3442	0.0003173825	0.00142378023486	-0.007885742	0.00451633232782
3452	0.0016601569	0.00106865718085	-0.0075927842	0.00328540089308
#3462	-2.44142e-05	0.0011982774404	-0.006616218	0.00517031703532