#Time - Plot 0	Amplitude - Plot 0	Time - Plot 1	Amplitude - Plot 1	
0	0.00734863	0	0.00766602	
1	0.00849609	1	0.00549316	
2	0.00983887	2	0.0102783	
3	0.00874023	3	0.0123047	
4	0.00869141	4	0.00629883	
5	0.00756836	5	0.00632324	
6	0.00788574	6	0.0117676	
7	0.00910645	7	0.0122314	
8	0.00881348	8	0.00559082	
9	0.00751953	9	0.0065918	
10	0.00795898	10	0.0123047	
11	0.0083252	11	0.0110352	
12	0.0088623	12	0.00544434	
13	0.00808105	13	0.00749512	
14	0.00991211	14	0.0120361	
15	0.00720215	15	0.0100342	
16	0.00598145	16	0.00473633	
17	0.0090332	17	0.00786133	
18	0.009375	18	0.0133057	
19	0.00761719	19	0.0079834	
20	0.00771484	20	0.00488281	
21	0.00739746	21	0.0109131	
22	0.0083252	22	0.0114502	
23	0.009375	23	0.00593262	
24	0.00803223	24	0.00622559	
25	0.00866699	25	0.0114258	
26	0.00849609	26	0.010376	
27	0.00776367	27	0.00644531	
28	0.00793457	28	0.0078125	
29	0.00876465	29	0.011084	
30	0.00908203	30	0.00786133	
31	0.00908203	31	0.00742188	
32	0.0078125	32	0.0102051	
33	0.00695801	33	0.0102783	
34	0.00900879	34	0.00808105	
35	0.010498	35	0.00944824	
36	0.00778809	36	0.00910645	
37	0.00634766	37	0.00712891	
38	0.00822754	38	0.00852051	
39	0.00932617	39	0.00996094	
40	0.00791016	40	0.00830078	
41	0.00810547	41	0.00717773	
42	0.00891113	42	0.00791016	
43	0.00822754	43	0.00996094	
44	0.00778809	44	0.00827637	
45	0.00756836	45	0.00727539	
46	0.00820313	46	0.00905762	
47	0.00827637	47	0.00942383	
48	0.00817871	48	0.00874023	
49	0.00717773	49	0.00671387	
50	0.00878906	50	0.00876465	
51	0.00891113	51	0.00996094	
52	0.00800781	52	0.00795898	
53	0.00766602	53	0.00727539	
54	0.00883789	54	0.00957031	
55	0.00878906	55	0.0110107	
56	0.00786133	56	0.00639648	
57	0.00837402	57	0.00759277	
58	0.00986328	58	0.0104248	
59	0.00849609	59	0.0106689	
60	0.00795898	60	0.00749512	
61	0.00744629	61	0.00776367	
62	0.00900879	62	0.0104736	
63	0.00913086	63	0.0102295	
64	0.00874023	64	0.00722656	
65	0.0074707	65	0.00671387	
66	0.00786133	66	0.012085	
67	0.0090332	67	0.0105225	
68	0.00842285	68	0.00537109	
69	0.00742188	69	0.0090332	
70	0.00800781	70	0.0118408	
71	0.00976562	71	0.00788574	
72	0.00788574	72	0.0060791	
73	0.00712891	73	0.00930176	
74	0.00771484	74	0.0114746	
75	0.00983887	75	0.00869141	
76	0.00876465	76	0.00703125	
77	0.00737305	77	0.00905762	
78	0.00788574	78	0.0121094	
79	0.00986328	79	0.00820313	
80	0.00864258	80	0.00622559	
81	0.00756836	81	0.0108398	
82	0.00812988	82	0.0112061	
83	0.00812988	83	0.00759277	
84	0.0079834	84	0.0065918	
85	0.00722656	85	0.0106445	
86	0.00908203	86	0.00993652	
87	0.00949707	87	0.00632324	
88	0.00917969	88	0.00837402	
89	0.0079834	89	0.0112061	
90	0.00742188	90	0.00808105	
91	0.00756836	91	0.00776367	
92	0.00773926	92	0.00900879	
93	0.00710449	93	0.0101074	
94	0.00837402	94	0.00683594	
95	0.00825195	95	0.00842285	
96	0.00671387	96	0.00964355	
97	0.00695801	97	0.00917969	
98	0.00830078	98	0.00795898	
99	0.00949707	99	0.00825195	
100	0.00932617	100	0.00944824	
101	0.00639648	101	0.00852051	
102	0.00808105	102	0.00805664	
103	0.00874023	103	0.00859375	
104	0.00695801	104	0.00974121	
105	0.00739746	105	0.0092041	
106	0.00957031	106	0.00822754	
107	0.00930176	107	0.00842285	
108	0.00825195	108	0.00888672	
109	0.00717773	109	0.00964355	
110	0.00666504	110	0.0095459	
111	0.010376	111	0.00695801	
112	0.00998535	112	0.00805664	
113	0.00712891	113	0.00986328	
114	0.00759277	114	0.00893555	
115	0.00998535	115	0.00683594	
116	0.00952148	116	0.0104248	
117	0.00734863	117	0.0111816	
118	0.00710449	118	0.00651855	
119	0.00942383	119	0.00673828	
120	0.00952148	120	0.0120361	
121	0.0076416	121	0.0105713	
122	0.00766602	122	0.00761719	
123	0.00966797	123	0.0074707	
124	0.00966797	124	0.0110107	
125	0.00783691	125	0.0108398	
126	0.00644531	126	0.00766602	
127	0.00908203	127	0.00739746	
128	0.00983887	128	0.0119385	
129	0.00788574	129	0.010083	
130	0.00749512	130	0.00620117	
131	0.00949707	131	0.00874023	
132	0.00930176	132	0.0108154	
133	0.00773926	133	0.00998535	
134	0.00717773	134	0.00822754	
135	0.0088623	135	0.00749512	
136	0.00952148	136	0.00942383	
137	0.00861816	137	0.0104004	
138	0.00842285	138	0.00681152	
139	0.00854492	139	0.00773926	
140	0.00771484	140	0.010498	
141	0.00827637	141	0.00996094	
142	0.00864258	142	0.00600586	
143	0.00883789	143	0.00905762	
144	0.00852051	144	0.0116943	
145	0.00761719	145	0.0078125	
146	0.00864258	146	0.00625	
147	0.00869141	147	0.0109375	
148	0.00900879	148	0.0103516	
149	0.00844727	149	0.00720215	
150	0.0083252	150	0.00847168	
151	0.00883789	151	0.0098877	
152	0.00895996	152	0.0104492	
153	0.00861816	153	0.00725098	
154	0.00849609	154	0.00883789	
155	0.00778809	155	0.0116943	
156	0.00898438	156	0.00822754	
157	0.0100098	157	0.0072998	
158	0.0081543	158	0.0103027	
159	0.00783691	159	0.0107422	
160	0.00878906	160	0.00791016	
161	0.00935059	161	0.00839844	
162	0.00759277	162	0.0105225	
163	0.00905762	163	0.0083252	
164	0.00761719	164	0.00842285	
165	0.00913086	165	0.00881348	
166	0.00888672	166	0.00854492	
167	0.00876465	167	0.00900879	
168	0.0074707	168	0.00932617	
169	0.00783691	169	0.00983887	
170	0.0101563	170	0.00842285	
171	0.00927734	171	0.0081543	
172	0.00756836	172	0.0101563	
173	0.00861816	173	0.0092041	
174	0.00905762	174	0.00708008	
175	0.00871582	175	0.00766602	
176	0.00717773	176	0.0118164	
177	0.00871582	177	0.00876465	
178	0.00834961	178	0.00571289	
179	0.00881348	179	0.00947266	
180	0.00791016	180	0.0122559	
181	0.00844727	181	0.00817871	
182	0.00976562	182	0.00549316	
183	0.00913086	183	0.00974121	
184	0.00739746	184	0.0125732	
185	0.00878906	185	0.00722656	
186	0.00854492	186	0.00556641	
187	0.00769043	187	0.0114502	
188	0.0083252	188	0.0118652	
189	0.00888672	189	0.00595703	
190	0.00744629	190	0.00708008	
191	0.00842285	191	0.0124268	
192	0.0083252	192	0.0106934	
193	0.00898438	193	0.00483398	
194	0.0083252	194	0.00825195	
195	0.00830078	195	0.0136963	
196	0.00876465	196	0.00917969	
197	0.00759277	197	0.00356445	
198	0.00900879	198	0.00939941	
199	0.00856934	199	0.0140869	
200	0.00925293	200	0.00754395	
201	0.00827637	201	0.00476074	
202	0.0076416	202	0.0106445	
203	0.00881348	203	0.0125488	
204	0.00834961	204	0.00612793	
205	0.0076416	205	0.00529785	
206	0.00925293	206	0.013208	
207	0.00856934	207	0.0122803	
208	0.00822754	208	0.00361328	
209	0.00869141	209	0.00705566	
210	0.00808105	210	0.0148193	
211	0.00854492	211	0.00910645	
212	0.00803223	212	0.00471191	
213	0.00830078	213	0.00900879	
214	0.00869141	214	0.0124268	
215	0.00756836	215	0.00734863	
216	0.0083252	216	0.00620117	
217	0.00849609	217	0.00983887	
218	0.0081543	218	0.0118164	
219	0.00810547	219	0.00666504	
220	0.0078125	220	0.00634766	
221	0.00834961	221	0.0113037	
222	0.00856934	222	0.0104004	
223	0.0081543	223	0.00617676	
224	0.00737305	224	0.00732422	
225	0.00812988	225	0.0115723	
226	0.00795898	226	0.00969238	
227	0.00922852	227	0.00629883	
228	0.00942383	228	0.00869141	
229	0.00710449	229	0.0118408	
230	0.00795898	230	0.0074707	
231	0.00866699	231	0.00805664	
232	0.00883789	232	0.0112793	
233	0.00793457	233	0.00961914	
234	0.00837402	234	0.00634766	
235	0.00869141	235	0.00974121	
236	0.00939941	236	0.0112061	
237	0.0081543	237	0.00783691	
238	0.0074707	238	0.00725098	
239	0.00874023	239	0.0103271	
240	0.00915527	240	0.0107178	
241	0.00852051	241	0.00891113	
242	0.00793457	242	0.0078125	
243	0.00900879	243	0.0107422	
244	0.00808105	244	0.00969238	
245	0.00683594	245	0.00673828	
246	0.00871582	246	0.00866699	
247	0.00976562	247	0.0102783	
248	0.00754395	248	0.0103516	
249	0.00859375	249	0.00703125	
250	0.0100098	250	0.00908203	
251	0.00803223	251	0.0111816	
252	0.0076416	252	0.0081543	
253	0.00856934	253	0.00661621	
254	0.00888672	254	0.00952148	
255	0.00769043	255	0.0107178	
256	0.00825195	256	0.00827637	
257	0.00869141	257	0.00825195	
258	0.00883789	258	0.0104492	
259	0.00820313	259	0.0103271	
260	0.00822754	260	0.00690918	
261	0.00812988	261	0.00786133	
262	0.00881348	262	0.00959473	
263	0.00793457	263	0.00930176	
264	0.00852051	264	0.00866699	
265	0.00822754	265	0.00751953	
266	0.0078125	266	0.0100098	
267	0.00856934	267	0.00966797	
268	0.0103271	268	0.00766602	
269	0.00893555	269	0.00878906	
270	0.00712891	270	0.0108887	
271	0.00874023	271	0.00966797	
272	0.0107422	272	0.00693359	
273	0.00908203	273	0.0081543	
274	0.0124023	274	0.012085	
275	0.00952148	275	0.00637207	
276	0.0074707	276	0.0064209	
277	0.0078125	277	0.0128662	
278	0.00808105	278	0.010376	
279	0.00788574	279	0.00402832	
280	0.00871582	280	0.00842285	
281	0.00847168	281	0.0134766	
282	0.00837402	282	0.00744629	
283	0.00742188	283	0.00512695	
284	0.00812988	284	0.0106445	
285	0.00854492	285	0.0120117	
286	0.00895996	286	0.00576172	
287	0.00649414	287	0.00666504	
288	0.00856934	288	0.0125488	
289	0.0101074	289	0.0103516	
290	0.00861816	290	0.0057373	
291	0.00654297	291	0.00849609	
292	0.00827637	292	0.0116211	
293	0.00932617	293	0.00922852	
294	0.00849609	294	0.00637207	
295	0.00632324	295	0.00947266	
296	0.00930176	296	0.0107178	
297	0.0101318	297	0.00859375	
298	0.00690918	298	0.00793457	
299	0.00666504	299	0.0100586	
300	0.0102051	300	0.00986328	
301	0.0100586	301	0.00708008	
302	0.00722656	302	0.00932617	
303	0.00698242	303	0.0110596	
304	0.00874023	304	0.00864258	
305	0.00847168	305	0.00561523	
306	0.00847168	306	0.0101807	
307	0.00795898	307	0.0113281	
308	0.00812988	308	0.00895996	
309	0.00825195	309	0.00598145	
310	0.00842285	310	0.00871582	
311	0.00805664	311	0.0115723	
312	0.00759277	312	0.00861816	
313	0.00773926	313	0.00644531	
314	0.00856934	314	0.0103271	
315	0.00864258	315	0.0112305	
316	0.00808105	316	0.00629883	
317	0.00791016	317	0.00866699	
318	0.00952148	318	0.0120605	
319	0.00966797	319	0.00895996	
320	0.00791016	320	0.00688477	
321	0.00751953	321	0.00878906	
322	0.0079834	322	0.0110596	
323	0.00847168	323	0.00822754	
324	0.00837402	324	0.0074707	
325	0.00834961	325	0.0088623	
326	0.00883789	326	0.0100098	
327	0.00742188	327	0.00759277	
328	0.00700684	328	0.00800781	
329	0.00791016	329	0.00983887	
330	0.00861816	330	0.00834961	
331	0.00827637	331	0.00739746	
332	0.00820313	332	0.00925293	
333	0.00651855	333	0.00952148	
334	0.00834961	334	0.00717773	
335	0.00825195	335	0.00805664	
336	0.00664063	336	0.0101563	
337	0.00800781	337	0.0101318	
338	0.00874023	338	0.00698242	
339	0.00952148	339	0.00810547	
340	0.00727539	340	0.0107666	
341	0.00700684	341	0.00834961	
342	0.00891113	342	0.00703125	
343	0.00932617	343	0.00974121	
344	0.00842285	344	0.00908203	
345	0.0064209	345	0.00810547	
346	0.00876465	346	0.00869141	
347	0.00881348	347	0.00935059	
348	0.00771484	348	0.00979004	
349	0.00727539	349	0.00808105	
350	0.00925293	350	0.00844727	
351	0.00925293	351	0.00935059	
352	0.00654297	352	0.00930176	
353	0.00717773	353	0.00849609	
354	0.00844727	354	0.00925293	
355	0.00810547	355	0.00820313	
356	0.00761719	356	0.00861816	
357	0.00859375	357	0.00986328	
358	0.00888672	358	0.0098877	
359	0.0083252	359	0.00737305	
360	0.00803223	360	0.00849609	
361	0.00788574	361	0.0108643	
362	0.00778809	362	0.00827637	
363	0.00874023	363	0.00749512	
364	0.00847168	364	0.00844727	
365	0.00795898	365	0.00871582	
366	0.00783691	366	0.00869141	
367	0.00791016	367	0.0101563	
368	0.00888672	368	0.0088623	
369	0.00786133	369	0.00959473	
370	0.00712891	370	0.00947266	
371	0.00917969	371	0.0090332	
372	0.0107666	372	0.00983887	
373	0.00761719	373	0.00761719	
374	0.00703125	374	0.0095459	
375	0.00922852	375	0.0098877	
376	0.0100342	376	0.00869141	
377	0.00629883	377	0.00778809	
378	0.0060791	378	0.00974121	
379	0.00827637	379	0.00866699	
380	0.00927734	380	0.00947266	
381	0.00788574	381	0.00930176	
382	0.0065918	382	0.0079834	
383	0.0078125	383	0.00883789	
384	0.00996094	384	0.0092041	
385	0.00820313	385	0.00922852	
386	0.00620117	386	0.00827637	
387	0.00693359	387	0.0090332	
388	0.0092041	388	0.00947266	
389	0.00866699	389	0.00905762	
390	0.00693359	390	0.00915527	
391	0.0081543	391	0.00859375	
392	0.00927734	392	0.00766602	
393	0.00930176	393	0.010083	
394	0.00754395	394	0.00827637	
395	0.00693359	395	0.00908203	
396	0.00825195	396	0.00825195	
397	0.00922852	397	0.00959473	
398	0.00766602	398	0.00949707	
399	0.00710449	399	0.00732422	
400	0.00739746	400	0.00878906	
401	0.00861816	401	0.0107422	
402	0.00766602	402	0.0079834	
403	0.00656738	403	0.00803223	
404	0.0092041	404	0.0102539	
405	0.00910645	405	0.0105957	
406	0.00852051	406	0.00605469	
407	0.00693359	407	0.00803223	
408	0.00776367	408	0.0122803	
409	0.00922852	409	0.00830078	
410	0.00751953	410	0.0060791	
411	0.00705566	411	0.0111572	
412	0.00673828	412	0.0103271	
413	0.00871582	413	0.00668945	
414	0.00900879	414	0.00649414	
415	0.00695801	415	0.0109131	
416	0.00617676	416	0.0111328	
417	0.00820313	417	0.00615234	
418	0.00991211	418	0.0076416	
419	0.00891113	419	0.0123047	
420	0.00583496	420	0.0100098	
421	0.00693359	421	0.00681152	
422	0.00964355	422	0.00793457	
423	0.00759277	423	0.0116699	
424	0.00671387	424	0.0111572	
425	0.00891113	425	0.0065918	
426	0.00959473	426	0.00751953	
427	0.00791016	427	0.0120117	
428	0.00678711	428	0.00927734	
429	0.00761719	429	0.00534668	
430	0.00898438	430	0.00922852	
431	0.00749512	431	0.0114258	
432	0.00722656	432	0.00717773	
433	0.00744629	433	0.00646973	
434	0.00783691	434	0.0110596	
435	0.00808105	435	0.00983887	
436	0.00739746	436	0.00610352	
437	0.00700684	437	0.00842285	
438	0.00771484	438	0.0101318	
439	0.00864258	439	0.00983887	
440	0.00839844	440	0.00639648	
441	0.00749512	441	0.00700684	
442	0.00683594	442	0.012793	
443	0.00888672	443	0.00959473	
444	0.00893555	444	0.00617676	
445	0.00759277	445	0.00822754	
446	0.00668945	446	0.0119629	
447	0.00778809	447	0.00905762	
448	0.00805664	448	0.00517578	
449	0.00710449	449	0.00959473	
450	0.00744629	450	0.0120117	
451	0.00913086	451	0.0079834	
452	0.00969238	452	0.00656738	
453	0.00688477	453	0.010376	
454	0.00644531	454	0.0114258	
455	0.00852051	455	0.00576172	
456	0.00949707	456	0.00776367	
457	0.00769043	457	0.0123535	
458	0.00617676	458	0.00874023	
459	0.00812988	459	0.0057373	
460	0.00952148	460	0.00979004	
461	0.00742188	461	0.0114746	
462	0.0050293	462	0.00634766	
463	0.00773926	463	0.00751953	
464	0.0108154	464	0.0112061	
465	0.0074707	465	0.00952148	
466	0.0043457	466	0.00678711	
467	0.00795898	467	0.00856934	
468	0.00959473	468	0.0105957	
469	0.00788574	469	0.00913086	
470	0.00710449	470	0.00698242	
471	0.00783691	471	0.00952148	
472	0.00849609	472	0.0114014	
473	0.00834961	473	0.00673828	
474	0.0079834	474	0.00671387	
475	0.00866699	475	0.0117432	
476	0.00681152	476	0.00991211	
477	0.00805664	477	0.0048584	
478	0.00783691	478	0.00952148	
479	0.00671387	479	0.0106934	
480	0.00693359	480	0.00739746	
481	0.00737305	481	0.00678711	
482	0.00727539	482	0.00939941	
483	0.00715332	483	0.00952148	
484	0.00683594	484	0.00756836	
485	0.0081543	485	0.00712891	
486	0.00891113	486	0.0103516	
487	0.0074707	487	0.0108643	
488	0.00654297	488	0.00615234	
489	0.0078125	489	0.00695801	
490	0.00861816	490	0.0121826	
491	0.00690918	491	0.00964355	
492	0.00603027	492	0.00449219	
493	0.00766602	493	0.00881348	
494	0.00854492	494	0.011499	
495	0.00751953	495	0.00915527	
496	0.00634766	496	0.0052002	
497	0.00776367	497	0.00959473	
498	0.00808105	498	0.0119629	
499	0.00795898	499	0.00827637	
500	0.00883789	500	0.0059082	
501	0.0074707	501	0.0102783	
502	0.00678711	502	0.0116211	
503	0.00788574	503	0.00712891	
504	0.00803223	504	0.00661621	
505	0.00705566	505	0.0109863	
506	0.00734863	506	0.0105469	
507	0.00837402	507	0.00688477	
508	0.0079834	508	0.00817871	
509	0.00769043	509	0.0115967	
510	0.00744629	510	0.00839844	
511	0.00739746	511	0.00656738	
512	0.00766602	512	0.00952148	
513	0.00803223	513	0.0110596	
514	0.0079834	514	0.0076416	
515	0.00812988	515	0.00693359	
516	0.00803223	516	0.00991211	
517	0.00808105	517	0.00991211	
518	0.00759277	518	0.0079834	
519	0.00751953	519	0.0072998	
520	0.0067627	520	0.0103516	
521	0.00856934	521	0.0101563	
522	0.00893555	522	0.00695801	
523	0.00700684	523	0.00847168	
524	0.00688477	524	0.0126221	
525	0.0088623	525	0.00791016	
526	0.00895996	526	0.00637207	
527	0.00751953	527	0.0111084	
528	0.0074707	528	0.0111816	
529	0.00820313	529	0.00703125	
530	0.00739746	530	0.00722656	
531	0.00725098	531	0.0123047	
532	0.00683594	532	0.00891113	
533	0.00671387	533	0.00703125	
534	0.00827637	534	0.00756836	
535	0.00837402	535	0.0113281	
536	0.00769043	536	0.00883789	
537	0.00622559	537	0.00654297	
538	0.00678711	538	0.0088623	
539	0.00820313	539	0.0102051	
540	0.00773926	540	0.00893555	
541	0.00603027	541	0.00734863	
542	0.0076416	542	0.00861816	
543	0.00876465	543	0.0109619	
544	0.00754395	544	0.00854492	
545	0.00725098	545	0.0064209	
546	0.00812988	546	0.0102783	
547	0.00703125	547	0.0104004	
548	0.00810547	548	0.00700684	
549	0.00751953	549	0.00925293	
550	0.00803223	550	0.0101563	
551	0.00773926	551	0.00844727	
552	0.00629883	552	0.00793457	
553	0.00717773	553	0.00947266	
554	0.0088623	554	0.0105713	
555	0.00822754	555	0.00776367	
556	0.0078125	556	0.00727539	
557	0.00688477	557	0.011499	
558	0.00808105	558	0.0102295	
559	0.00825195	559	0.00644531	
560	0.0065918	560	0.0081543	
561	0.00786133	561	0.0115479	
562	0.00852051	562	0.00810547	
563	0.00754395	563	0.00710449	
564	0.00690918	564	0.0106445	
565	0.00783691	565	0.0098877	
566	0.00949707	566	0.00776367	
567	0.00830078	567	0.00871582	
568	0.00695801	568	0.0114258	
569	0.00683594	569	0.0092041	
570	0.00930176	570	0.00727539	
571	0.00876465	571	0.00932617	
572	0.0064209	572	0.00986328	
573	0.00683594	573	0.00957031	
574	0.00773926	574	0.00788574	
575	0.00874023	575	0.00812988	
576	0.00671387	576	0.00944824	
577	0.00546875	577	0.0095459	
578	0.00769043	578	0.00727539	
579	0.00917969	579	0.00866699	
580	0.00695801	580	0.0092041	
581	0.00634766	581	0.00881348	
582	0.00744629	582	0.00822754	
583	0.00878906	583	0.00830078	
584	0.00795898	584	0.00898438	
585	0.00661621	585	0.00935059	
586	0.00693359	586	0.00854492	
587	0.00678711	587	0.0090332	
588	0.00776367	588	0.00810547	
589	0.00837402	589	0.00925293	
590	0.00754395	590	0.00849609	
591	0.00712891	591	0.00778809	
592	0.00817871	592	0.00976562	
593	0.00817871	593	0.00947266	
594	0.00773926	594	0.00844727	
595	0.00751953	595	0.00788574	
596	0.00656738	596	0.0103027	
597	0.00703125	597	0.00805664	
598	0.00898438	598	0.0088623	
599	0.00737305	599	0.00976562	
600	0.00761719	600	0.00979004	
601	0.00788574	601	0.00866699	
602	0.00905762	602	0.00773926	
603	0.00795898	603	0.00939941	
604	0.00629883	604	0.0104004	
605	0.00610352	605	0.00778809	
606	0.00856934	606	0.00766602	
607	0.00856934	607	0.00983887	
608	0.00756836	608	0.00966797	
609	0.0059082	609	0.00795898	
610	0.00783691	610	0.00891113	
611	0.0105225	611	0.00952148	
612	0.00839844	612	0.00803223	
613	0.00627441	613	0.0092041	
614	0.00744629	614	0.0103271	
615	0.00898438	615	0.00700684	
616	0.00732422	616	0.0083252	
617	0.0052002	617	0.0100098	
618	0.00622559	618	0.00944824	
619	0.00917969	619	0.00783691	
620	0.00852051	620	0.00805664	
621	0.0076416	621	0.00939941	
622	0.00666504	622	0.00959473	
623	0.00825195	623	0.00690918	
624	0.00852051	624	0.00981445	
625	0.00693359	625	0.00895996	
626	0.00622559	626	0.00822754	
627	0.00825195	627	0.00939941	
628	0.00690918	628	0.00864258	
629	0.00808105	629	0.00898438	
630	0.00725098	630	0.00854492	
631	0.00810547	631	0.00935059	
632	0.00842285	632	0.0088623	
633	0.00681152	633	0.00810547	
634	0.00722656	634	0.00942383	
635	0.00754395	635	0.00871582	
636	0.00759277	636	0.00710449	
637	0.00773926	637	0.00935059	
638	0.00761719	638	0.010083	
639	0.00812988	639	0.00759277	
640	0.00893555	640	0.00708008	
641	0.00725098	641	0.0101318	
642	0.00661621	642	0.0114258	
643	0.00908203	643	0.0064209	
644	0.00869141	644	0.00722656	
645	0.00695801	645	0.011377	
646	0.00632324	646	0.00895996	
647	0.00805664	647	0.00651855	
648	0.00710449	648	0.00878906	
649	0.00637207	649	0.0104736	
650	0.00742188	650	0.0095459	
651	0.00839844	651	0.00637207	
652	0.00754395	652	0.0079834	
653	0.00749512	653	0.0112793	
654	0.00690918	654	0.00861816	
655	0.0074707	655	0.00717773	
656	0.00915527	656	0.00925293	
657	0.00827637	657	0.0104004	
658	0.00603027	658	0.00800781	
659	0.00654297	659	0.00637207	
660	0.00734863	660	0.009375	
661	0.00766602	661	0.0104736	
662	0.00776367	662	0.00678711	
663	0.00737305	663	0.00656738	
664	0.00664063	664	0.0100586	
665	0.0079834	665	0.0111816	
666	0.00769043	666	0.00549316	
667	0.00690918	667	0.00678711	
668	0.00678711	668	0.011499	
669	0.00773926	669	0.0101807	
670	0.00839844	670	0.00529785	
671	0.00734863	671	0.0083252	
672	0.00856934	672	0.0126709	
673	0.00708008	673	0.00754395	
674	0.00737305	674	0.00612793	
675	0.00783691	675	0.0102295	
676	0.00844727	676	0.011084	
677	0.00812988	677	0.00739746	
678	0.00739746	678	0.00712891	
679	0.00734863	679	0.0112549	
680	0.00805664	680	0.00925293	
681	0.00686035	681	0.00632324	
682	0.00788574	682	0.00966797	
683	0.00786133	683	0.0109375	
684	0.00654297	684	0.00664063	
685	0.0078125	685	0.00776367	
686	0.00859375	686	0.0113037	
687	0.00773926	687	0.00900879	
688	0.00688477	688	0.00551758	
689	0.00751953	689	0.00949707	
690	0.00849609	690	0.010791	
691	0.00837402	691	0.00759277	
692	0.00683594	692	0.00788574	
693	0.0074707	693	0.00849609	
694	0.00744629	694	0.0100342	
695	0.00678711	695	0.00852051	
696	0.00710449	696	0.00856934	
697	0.00803223	697	0.00822754	
698	0.00756836	698	0.00771484	
699	0.00722656	699	0.0092041	
700	0.00703125	700	0.00952148	
701	0.00947266	701	0.00742188	
702	0.00754395	702	0.00861816	
703	0.00690918	703	0.00854492	
704	0.00629883	704	0.00861816	
705	0.00678711	705	0.00852051	
706	0.00664063	706	0.00795898	
707	0.00849609	707	0.00991211	
708	0.0072998	708	0.0081543	
709	0.0067627	709	0.00681152	
710	0.00734863	710	0.00866699	
711	0.00717773	711	0.00944824	
712	0.00717773	712	0.0081543	
713	0.00734863	713	0.00817871	
714	0.00805664	714	0.00854492	
715	0.00827637	715	0.00932617	
716	0.00588379	716	0.0079834	
717	0.00644531	717	0.00820313	
718	0.00727539	718	0.00876465	
719	0.00939941	719	0.00810547	
720	0.00803223	720	0.00842285	
721	0.00549316	721	0.00893555	
722	0.00737305	722	0.00849609	
723	0.00791016	723	0.00817871	
724	0.00681152	724	0.00974121	
725	0.00734863	725	0.00795898	
726	0.00810547	726	0.00793457	
727	0.00852051	727	0.0111084	
728	0.00751953	728	0.00881348	
729	0.00603027	729	0.00561523	
730	0.00693359	730	0.00969238	
731	0.00800781	731	0.0116211	
732	0.00878906	732	0.00703125	
733	0.00766602	733	0.00661621	
734	0.00739746	734	0.0115967	
735	0.00725098	735	0.0106445	
736	0.00773926	736	0.00615234	
737	0.0083252	737	0.00776367	
738	0.00622559	738	0.011377	
739	0.00749512	739	0.00964355	
740	0.00754395	740	0.00690918	
741	0.00712891	741	0.00793457	
742	0.00690918	742	0.0108887	
743	0.00793457	743	0.00864258	
744	0.00849609	744	0.00649414	
745	0.00671387	745	0.0098877	
746	0.00668945	746	0.0103271	
747	0.00786133	747	0.00761719	
748	0.00827637	748	0.00725098	
749	0.00673828	749	0.00979004	
750	0.00593262	750	0.010083	
751	0.00661621	751	0.00566406	
752	0.0081543	752	0.00732422	
753	0.00749512	753	0.0114746	
754	0.00727539	754	0.00913086	
755	0.00727539	755	0.00634766	
756	0.00791016	756	0.00871582	
757	0.00610352	757	0.0110596	
758	0.0065918	758	0.00759277	
759	0.00812988	759	0.0067627	
760	0.00715332	760	0.00866699	
761	0.00664063	761	0.0100586	
762	0.00715332	762	0.0074707	
763	0.00776367	763	0.00822754	
764	0.00827637	764	0.00842285	
765	0.00793457	765	0.00891113	
766	0.00678711	766	0.0081543	
767	0.00671387	767	0.0092041	
768	0.00651855	768	0.00839844	
769	0.00812988	769	0.00839844	
770	0.00727539	770	0.0092041	
771	0.00703125	771	0.00893555	
772	0.00725098	772	0.00834961	
773	0.00854492	773	0.00766602	
774	0.00751953	774	0.0103516	
775	0.00551758	775	0.00930176	
776	0.00654297	776	0.00869141	
777	0.00917969	777	0.00895996	
778	0.00844727	778	0.00825195	
779	0.00795898	779	0.0079834	
780	0.00683594	780	0.00917969	
781	0.00712891	781	0.00942383	
782	0.00859375	782	0.00788574	
783	0.00732422	783	0.00795898	
784	0.00710449	784	0.00915527	
785	0.00808105	785	0.00932617	
786	0.00778809	786	0.00766602	
787	0.00793457	787	0.00927734	
788	0.0067627	788	0.00908203	
789	0.00712891	789	0.00830078	
790	0.0081543	790	0.00739746	
791	0.00876465	791	0.00820313	
792	0.00744629	792	0.0105713	
793	0.00600586	793	0.0081543	
794	0.00859375	794	0.00744629	
795	0.0104492	795	0.00939941	
796	0.00791016	796	0.0092041	
797	0.0067627	797	0.00703125	
798	0.00795898	798	0.00927734	
799	0.00915527	799	0.00949707	
800	0.00776367	800	0.00783691	
801	0.00683594	801	0.00874023	
802	0.00842285	802	0.00922852	
803	0.0105225	803	0.0081543	
804	0.0079834	804	0.0074707	
805	0.00571289	805	0.0101563	
806	0.00788574	806	0.00942383	
807	0.0101318	807	0.00717773	
808	0.00776367	808	0.00861816	
809	0.00505371	809	0.0092041	
810	0.00849609	810	0.00761719	
811	0.0102051	811	0.00812988	
812	0.00690918	812	0.0105469	
813	0.0052002	813	0.00739746	
814	0.00742188	814	0.00769043	
815	0.00983887	815	0.0103516	
816	0.00859375	816	0.00935059	
817	0.0072998	817	0.00686035	
818	0.00727539	818	0.00844727	
819	0.0072998	819	0.0106445	
820	0.00876465	820	0.00817871	
821	0.0088623	821	0.00673828	
822	0.00827637	822	0.0103027	
823	0.00859375	823	0.0112793	
824	0.00905762	824	0.0072998	
825	0.00822754	825	0.00622559	
826	0.00651855	826	0.0112305	
827	0.00712891	827	0.0115967	
828	0.0083252	828	0.00571289	
829	0.00791016	829	0.00681152	
830	0.0074707	830	0.0120605	
831	0.00871582	831	0.0102539	
832	0.00822754	832	0.00605469	
833	0.00637207	833	0.00844727	
834	0.00776367	834	0.0118652	
835	0.00893555	835	0.00905762	
836	0.00744629	836	0.00744629	
837	0.00734863	837	0.00900879	
838	0.00749512	838	0.0100342	
839	0.00751953	839	0.00817871	
840	0.00749512	840	0.00812988	
841	0.00830078	841	0.00976562	
842	0.00827637	842	0.0101074	
843	0.00625	843	0.00869141	
844	0.00717773	844	0.00720215	
845	0.00935059	845	0.00900879	
846	0.00866699	846	0.00927734	
847	0.0076416	847	0.00861816	
848	0.00866699	848	0.00766602	
849	0.00893555	849	0.00847168	
850	0.00693359	850	0.00927734	
851	0.0064209	851	0.00905762	
852	0.0083252	852	0.00917969	
853	0.00998535	853	0.00864258	
854	0.00769043	854	0.00737305	
855	0.00546875	855	0.010376	
856	0.00810547	856	0.0097168	
857	0.00908203	857	0.00732422	
858	0.00776367	858	0.00856934	
859	0.00646973	859	0.010376	
860	0.00771484	860	0.0079834	
861	0.00761719	861	0.00788574	
862	0.00668945	862	0.00917969	
863	0.00725098	863	0.00842285	
864	0.00803223	864	0.00847168	
865	0.00803223	865	0.00808105	
866	0.00803223	866	0.0103271	
867	0.00871582	867	0.00878906	
868	0.00725098	868	0.00837402	
869	0.00622559	869	0.00957031	
870	0.0088623	870	0.00891113	
871	0.0095459	871	0.00673828	
872	0.00754395	872	0.00913086	
873	0.00625	873	0.0101563	
874	0.00744629	874	0.00825195	
875	0.00947266	875	0.00712891	
876	0.00830078	876	0.00839844	
877	0.00727539	877	0.0104736	
878	0.00820313	878	0.00856934	
879	0.00766602	879	0.00788574	
880	0.00727539	880	0.00895996	
881	0.00769043	881	0.00888672	
882	0.00761719	882	0.00837402	
883	0.00734863	883	0.00957031	
884	0.00803223	884	0.0081543	
885	0.00927734	885	0.00979004	
886	0.00778809	886	0.00751953	
887	0.00722656	887	0.00834961	
888	0.00847168	888	0.00900879	
889	0.00856934	889	0.00844727	
890	0.00744629	890	0.00854492	
891	0.00686035	891	0.00895996	
892	0.00791016	892	0.00810547	
893	0.00744629	893	0.00834961	
894	0.00651855	894	0.00922852	
895	0.00739746	895	0.00908203	
896	0.00839844	896	0.00820313	
897	0.00783691	897	0.00881348	
898	0.00681152	898	0.00881348	
899	0.00827637	899	0.00788574	
900	0.00976562	900	0.00766602	
901	0.00744629	901	0.0100586	
902	0.00637207	902	0.00998535	
903	0.00869141	903	0.00688477	
904	0.00917969	904	0.00861816	
905	0.0057373	905	0.0106934	
906	0.00812988	906	0.00847168	
907	0.00957031	907	0.00866699	
908	0.00820313	908	0.00869141	
909	0.00678711	909	0.00859375	
910	0.00749512	910	0.00856934	
911	0.00761719	911	0.00859375	
912	0.00783691	912	0.00839844	
913	0.00761719	913	0.00939941	
914	0.00783691	914	0.00913086	
915	0.00737305	915	0.00795898	
916	0.00754395	916	0.00817871	
917	0.00859375	917	0.00910645	
918	0.00761719	918	0.00895996	
919	0.00761719	919	0.00805664	
920	0.00788574	920	0.00822754	
921	0.0083252	921	0.0105469	
922	0.00881348	922	0.00888672	
923	0.00822754	923	0.00666504	
924	0.00690918	924	0.00942383	
925	0.00888672	925	0.0109375	
926	0.00891113	926	0.0079834	
927	0.0074707	927	0.00754395	
928	0.00805664	928	0.00949707	
929	0.00808105	929	0.00947266	
930	0.00688477	930	0.00839844	
931	0.00839844	931	0.00817871	
932	0.00969238	932	0.0090332	
933	0.00756836	933	0.0097168	
934	0.00673828	934	0.00771484	
935	0.010083	935	0.00705566	
936	0.00876465	936	0.00932617	
937	0.00639648	937	0.0103516	
938	0.00754395	938	0.00825195	
939	0.00998535	939	0.00727539	
940	0.00803223	940	0.00874023	
941	0.00698242	941	0.0106689	
942	0.00881348	942	0.00732422	
943	0.00983887	943	0.00686035	
944	0.00852051	944	0.0105469	
945	0.00708008	945	0.00917969	
946	0.0090332	946	0.00742188	
947	0.00883789	947	0.00908203	
948	0.00710449	948	0.00856934	
949	0.00766602	949	0.00869141	
950	0.00830078	950	0.00822754	
951	0.00822754	951	0.00866699	
952	0.00895996	952	0.0083252	
953	0.00817871	953	0.0100098	
954	0.00712891	954	0.00805664	
955	0.00776367	955	0.00778809	
956	0.00932617	956	0.00932617	
957	0.009375	957	0.00908203	
958	0.00734863	958	0.00893555	
959	0.00856934	959	0.00839844	
960	0.00834961	960	0.00939941	
961	0.00891113	961	0.00817871	
962	0.00759277	962	0.00756836	
963	0.00820313	963	0.00983887	
964	0.00900879	964	0.00898438	
965	0.00830078	965	0.00856934	
966	0.00739746	966	0.00759277	
967	0.00925293	967	0.00986328	
968	0.0081543	968	0.00895996	
969	0.00698242	969	0.00852051	
970	0.00876465	970	0.00830078	
971	0.00979004	971	0.00881348	
972	0.00842285	972	0.0100342	
973	0.0072998	973	0.00974121	
974	0.00895996	974	0.00820313	
975	0.00964355	975	0.0118408	
976	0.00461426	976	0.00895996	
977	0.00878906	977	0.00576172	
978	0.0103516	978	0.00957031	
979	0.0104492	979	0.0112549	
980	0.00820313	980	0.00720215	
981	0.00734863	981	0.0079834	
982	0.00847168	982	0.00991211	
983	0.0083252	983	0.00952148	
984	0.00805664	984	0.00854492	
985	0.00808105	985	0.00820313	
986	0.00852051	986	0.00898438	
987	0.00754395	987	0.00900879	
988	0.00737305	988	0.00756836	
989	0.00893555	989	0.0097168	
990	0.00922852	990	0.00986328	
991	0.00854492	991	0.00722656	
992	0.00842285	992	0.00849609	
993	0.00771484	993	0.0108887	
994	0.00759277	994	0.00876465	
995	0.00795898	995	0.00634766	
996	0.00878906	996	0.00825195	
997	0.00786133	997	0.0115479	
998	0.00898438	998	0.00981445	
999	0.00939941	999	0.00559082	
1000	0.00844727	1000	0.00930176	
1001	0.00881348	1001	0.0117676	
1002	0.00776367	1002	0.00756836	
1003	0.00888672	1003	0.00644531	
1004	0.00871582	1004	0.0108643	
1005	0.00727539	1005	0.0112549	
1006	0.00878906	1006	0.00476074	
1007	0.00874023	1007	0.00773926	
1008	0.00742188	1008	0.0118164	
1009	0.00695801	1009	0.00891113	
1010	0.00649414	1010	0.00634766	
1011	0.00871582	1011	0.00961914	
1012	0.00834961	1012	0.0102539	
1013	0.00717773	1013	0.00749512	
1014	0.00771484	1014	0.00717773	
1015	0.00864258	1015	0.0106445	
1016	0.00817871	1016	0.011377	
1017	0.00754395	1017	0.00600586	
1018	0.00739746	1018	0.00722656	
1019	0.0092041	1019	0.0111328	
1020	0.0103271	1020	0.0114502	
1021	0.0100586	1021	0.00488281	
1022	0.00725098	1022	0.00817871	
1023	0.00722656	1023	0.0121582	
1024	0.00893555	1024	0.00830078	
1025	0.00986328	1025	0.00683594	
1026	0.00839844	1026	0.00917969	
1027	0.00756836	1027	0.0108154	
1028	0.00915527	1028	0.00830078	
1029	0.0097168	1029	0.00693359	
1030	0.00576172	1030	0.0102295	
1031	0.00698242	1031	0.00998535	
1032	0.0088623	1032	0.00742188	
1033	0.00849609	1033	0.00737305	
1034	0.00817871	1034	0.00991211	
1035	0.00786133	1035	0.0102051	
1036	0.00822754	1036	0.00708008	
1037	0.00656738	1037	0.00825195	
1038	0.00786133	1038	0.0102295	
1039	0.00874023	1039	0.00834961	
1040	0.00808105	1040	0.00751953	
1041	0.00732422	1041	0.00859375	
1042	0.00749512	1042	0.0105225	
1043	0.00812988	1043	0.00820313	
1044	0.00876465	1044	0.00786133	
1045	0.00793457	1045	0.00925293	
1046	0.00693359	1046	0.00981445	
1047	0.00913086	1047	0.00771484	
1048	0.00881348	1048	0.00776367	
1049	0.00803223	1049	0.0100586	
1050	0.0076416	1050	0.0101318	
1051	0.00927734	1051	0.00673828	
1052	0.00900879	1052	0.00786133	
1053	0.00795898	1053	0.0108398	
1054	0.00717773	1054	0.00947266	
1055	0.00942383	1055	0.00632324	
1056	0.00854492	1056	0.0081543	
1057	0.00788574	1057	0.011499	
1058	0.00712891	1058	0.00812988	
1059	0.00861816	1059	0.00671387	
1060	0.00847168	1060	0.00976562	
1061	0.00751953	1061	0.0097168	
1062	0.00769043	1062	0.00625	
1063	0.00827637	1063	0.00849609	
1064	0.00895996	1064	0.0113525	
1065	0.00847168	1065	0.00895996	
1066	0.00646973	1066	0.00593262	
1067	0.0074707	1067	0.0101563	
1068	0.00881348	1068	0.0115967	
1069	0.0079834	1069	0.00715332	
1070	0.00808105	1070	0.0065918	
1071	0.0088623	1071	0.0107178	
1072	0.00783691	1072	0.0111816	
1073	0.0064209	1073	0.00720215	
1074	0.00749512	1074	0.00629883	
1075	0.0090332	1075	0.0110352	
1076	0.00998535	1076	0.0121094	
1077	0.00810547	1077	0.00529785	
1078	0.00700684	1078	0.00686035	
1079	0.00922852	1079	0.0121826	
1080	0.00961914	1080	0.0105713	
1081	0.00805664	1081	0.00480957	
1082	0.00727539	1082	0.00847168	
1083	0.00827637	1083	0.0122559	
1084	0.00905762	1084	0.00837402	
1085	0.00805664	1085	0.00466309	
1086	0.00854492	1086	0.00927734	
1087	0.00876465	1087	0.0130615	
1088	0.00825195	1088	0.00769043	
1089	0.00859375	1089	0.00378418	
1090	0.00766602	1090	0.0104736	
1091	0.00717773	1091	0.0131836	
1092	0.00869141	1092	0.0059082	
1093	0.00905762	1093	0.00576172	
1094	0.00756836	1094	0.0126465	
1095	0.00817871	1095	0.0104004	
1096	0.00866699	1096	0.00551758	
1097	0.00847168	1097	0.00727539	
1098	0.00690918	1098	0.012793	
1099	0.0076416	1099	0.0102051	
1100	0.00961914	1100	0.00388184	
1101	0.00844727	1101	0.00825195	
1102	0.0065918	1102	0.0131592	
1103	0.00786133	1103	0.00783691	
1104	0.00969238	1104	0.00505371	
1105	0.00998535	1105	0.010376	
1106	0.00698242	1106	0.0117432	
1107	0.0072998	1107	0.00664063	
1108	0.00986328	1108	0.0065918	
1109	0.00927734	1109	0.0109375	
1110	0.00722656	1110	0.0100342	
1111	0.00893555	1111	0.00686035	
1112	0.00983887	1112	0.00717773	
1113	0.00783691	1113	0.0118652	
1114	0.00742188	1114	0.00905762	
1115	0.00925293	1115	0.0060791	
1116	0.0102783	1116	0.00991211	
1117	0.0079834	1117	0.0110107	
1118	0.00654297	1118	0.00759277	
1119	0.00974121	1119	0.00744629	
1120	0.0112793	1120	0.00959473	
1121	0.0081543	1121	0.0108398	
1122	0.00720215	1122	0.00705566	
1123	0.00834961	1123	0.00822754	
1124	0.0110596	1124	0.0105469	
1125	0.00881348	1125	0.00852051	
1126	0.0076416	1126	0.00788574	
1127	0.00805664	1127	0.00930176	
1128	0.0098877	1128	0.00957031	
1129	0.00844727	1129	0.00759277	
1130	0.00783691	1130	0.0074707	
1131	0.00769043	1131	0.0111816	
1132	0.00849609	1132	0.00981445	
1133	0.00864258	1133	0.00666504	
1134	0.00844727	1134	0.00895996	
1135	0.00795898	1135	0.0108643	
1136	0.00744629	1136	0.00930176	
1137	0.00878906	1137	0.00800781	
1138	0.00949707	1138	0.00812988	
1139	0.00859375	1139	0.00964355	
1140	0.00883789	1140	0.0102051	
1141	0.00856934	1141	0.00720215	
1142	0.00905762	1142	0.0081543	
1143	0.00827637	1143	0.0106934	
1144	0.00722656	1144	0.00944824	
1145	0.00859375	1145	0.00761719	
1146	0.00878906	1146	0.00791016	
1147	0.00812988	1147	0.0115967	
1148	0.0083252	1148	0.00991211	
1149	0.00852051	1149	0.00651855	
1150	0.00910645	1150	0.00869141	
1151	0.00778809	1151	0.0119873	
1152	0.00769043	1152	0.00871582	
1153	0.00895996	1153	0.00732422	
1154	0.0090332	1154	0.00935059	
1155	0.00866699	1155	0.0105713	
1156	0.00830078	1156	0.00930176	
1157	0.00849609	1157	0.0067627	
1158	0.0092041	1158	0.00825195	
1159	0.00742188	1159	0.010791	
1160	0.00739746	1160	0.00944824	
1161	0.00805664	1161	0.00671387	
1162	0.0101074	1162	0.00766602	
1163	0.00883789	1163	0.010791	
1164	0.00683594	1164	0.00854492	
1165	0.00708008	1165	0.00769043	
1166	0.00942383	1166	0.00922852	
1167	0.00864258	1167	0.0108154	
1168	0.00800781	1168	0.00803223	
1169	0.00803223	1169	0.00683594	
1170	0.0095459	1170	0.0106689	
1171	0.00837402	1171	0.0118652	
1172	0.00769043	1172	0.00651855	
1173	0.00869141	1173	0.00634766	
1174	0.00964355	1174	0.013623	
1175	0.00839844	1175	0.0102783	
1176	0.00717773	1176	0.00427246	
1177	0.00932617	1177	0.00817871	
1178	0.0097168	1178	0.014502	
1179	0.00800781	1179	0.00822754	
1180	0.00827637	1180	0.00390625	
1181	0.00888672	1181	0.0106201	
1182	0.00979004	1182	0.013623	
1183	0.00817871	1183	0.00615234	
1184	0.0072998	1184	0.00476074	
1185	0.0088623	1185	0.0123047	
1186	0.00915527	1186	0.013501	
1187	0.0079834	1187	0.00488281	
1188	0.00773926	1188	0.00585937	
1189	0.00773926	1189	0.0129883	
1190	0.00922852	1190	0.0111572	
1191	0.00771484	1191	0.00466309	
1192	0.00866699	1192	0.00749512	
1193	0.00888672	1193	0.0133057	
1194	0.00744629	1194	0.00859375	
1195	0.00859375	1195	0.00500488	
1196	0.00786133	1196	0.010083	
1197	0.00844727	1197	0.0125244	
1198	0.00812988	1198	0.0065918	
1199	0.00949707	1199	0.0064209	
1200	0.00839844	1200	0.0117432	
1201	0.00759277	1201	0.0112061	
1202	0.00822754	1202	0.00612793	
1203	0.00893555	1203	0.00666504	
1204	0.00788574	1204	0.0116699	
1205	0.00788574	1205	0.0102783	
1206	0.00820313	1206	0.00583496	
1207	0.00964355	1207	0.00930176	
1208	0.00898438	1208	0.0110107	
1209	0.00839844	1209	0.00749512	
1210	0.00773926	1210	0.00739746	
1211	0.00878906	1211	0.0100342	
1212	0.00888672	1212	0.00891113	
1213	0.00817871	1213	0.0065918	
1214	0.00856934	1214	0.00944824	
1215	0.00812988	1215	0.0121826	
1216	0.00876465	1216	0.00620117	
1217	0.00842285	1217	0.00556641	
1218	0.0078125	1218	0.0127441	
1219	0.00830078	1219	0.00998535	
1220	0.0095459	1220	0.00600586	
1221	0.0102295	1221	0.00895996	
1222	0.00720215	1222	0.0116943	
1223	0.00720215	1223	0.00844727	
1224	0.00883789	1224	0.00639648	
1225	0.00944824	1225	0.00959473	
1226	0.00717773	1226	0.0105469	
1227	0.00842285	1227	0.0081543	
1228	0.00991211	1228	0.00786133	
1229	0.00859375	1229	0.0100586	
1230	0.0067627	1230	0.00917969	
1231	0.00869141	1231	0.00783691	
1232	0.00856934	1232	0.00949707	
1233	0.00854492	1233	0.00959473	
1234	0.00791016	1234	0.00756836	
1235	0.00854492	1235	0.00778809	
1236	0.00825195	1236	0.0105469	
1237	0.00805664	1237	0.00974121	
1238	0.0072998	1238	0.00805664	
1239	0.00859375	1239	0.00725098	
1240	0.00947266	1240	0.0101074	
1241	0.00852051	1241	0.00917969	
1242	0.00864258	1242	0.00712891	
1243	0.00791016	1243	0.0101318	
1244	0.00849609	1244	0.00986328	
1245	0.00966797	1245	0.00727539	
1246	0.00986328	1246	0.00693359	
1247	0.00720215	1247	0.00983887	
1248	0.0076416	1248	0.010083	
1249	0.0083252	1249	0.0076416	
1250	0.00847168	1250	0.00681152	
1251	0.00769043	1251	0.0104736	
1252	0.0083252	1252	0.0106689	
1253	0.0097168	1253	0.00688477	
1254	0.009375	1254	0.00751953	
1255	0.00737305	1255	0.0109131	
1256	0.00812988	1256	0.00935059	
1257	0.00939941	1257	0.00593262	
1258	0.00773926	1258	0.00893555	
1259	0.00776367	1259	0.0116943	
1260	0.00900879	1260	0.00734863	
1261	0.00830078	1261	0.00515137	
1262	0.00715332	1262	0.0111328	
1263	0.00766602	1263	0.0112061	
1264	0.00869141	1264	0.00629883	
1265	0.0097168	1265	0.00634766	
1266	0.00837402	1266	0.0119141	
1267	0.00705566	1267	0.0109375	
1268	0.00856934	1268	0.00532227	
1269	0.0104004	1269	0.00791016	
1270	0.00793457	1270	0.0127197	
1271	0.00847168	1271	0.00864258	
1272	0.00786133	1272	0.00688477	
1273	0.00827637	1273	0.00961914	
1274	0.00842285	1274	0.0102295	
1275	0.0081543	1275	0.00734863	
1276	0.00852051	1276	0.00788574	
1277	0.00791016	1277	0.0105957	
1278	0.00869141	1278	0.0100342	
1279	0.00895996	1279	0.00666504	
1280	0.00766602	1280	0.0081543	
1281	0.00817871	1281	0.00993652	
1282	0.00925293	1282	0.00922852	
1283	0.00842285	1283	0.00822754	
1284	0.00756836	1284	0.00651855	
1285	0.00761719	1285	0.0102051	
1286	0.00876465	1286	0.0104736	
1287	0.00864258	1287	0.00700684	
1288	0.00788574	1288	0.00668945	
1289	0.00812988	1289	0.0102051	
1290	0.00849609	1290	0.0108887	
1291	0.00820313	1291	0.00786133	
1292	0.00644531	1292	0.00632324	
1293	0.00625	1293	0.0107178	
1294	0.00881348	1294	0.00986328	
1295	0.010376	1295	0.00571289	
1296	0.00866699	1296	0.00817871	
1297	0.00571289	1297	0.0125	
1298	0.00639648	1298	0.00856934	
1299	0.0095459	1299	0.00571289	
1300	0.00866699	1300	0.009375	
1301	0.00625	1301	0.0103516	
1302	0.00837402	1302	0.0083252	
1303	0.00964355	1303	0.00759277	
1304	0.00751953	1304	0.00925293	
1305	0.0059082	1305	0.00927734	
1306	0.00852051	1306	0.00754395	
1307	0.0105957	1307	0.00925293	
1308	0.00778809	1308	0.00930176	
1309	0.00554199	1309	0.00800781	
1310	0.00874023	1310	0.00866699	
1311	0.00910645	1311	0.00913086	
1312	0.00666504	1312	0.00979004	
1313	0.00627441	1313	0.00805664	
1314	0.00827637	1314	0.0083252	
1315	0.00881348	1315	0.00998535	
1316	0.00861816	1316	0.00888672	
1317	0.00664063	1317	0.0072998	
1318	0.00620117	1318	0.00913086	
1319	0.00891113	1319	0.0108398	
1320	0.00932617	1320	0.00683594	
1321	0.00688477	1321	0.00825195	
1322	0.00644531	1322	0.00983887	
1323	0.0101074	1323	0.009375	
1324	0.00871582	1324	0.0078125	
1325	0.00664063	1325	0.00898438	
1326	0.00742188	1326	0.0101074	
1327	0.00930176	1327	0.00847168	
1328	0.00769043	1328	0.00686035	
1329	0.00715332	1329	0.00939941	
1330	0.00739746	1330	0.0109131	
1331	0.00803223	1331	0.00700684	
1332	0.0081543	1332	0.00717773	
1333	0.00690918	1333	0.0107178	
1334	0.0090332	1334	0.00959473	
1335	0.00839844	1335	0.00698242	
1336	0.00749512	1336	0.00810547	
1337	0.00742188	1337	0.0113525	
1338	0.00895996	1338	0.00898438	
1339	0.0092041	1339	0.00688477	
1340	0.0076416	1340	0.00822754	
1341	0.0079834	1341	0.0116455	
1342	0.00891113	1342	0.00805664	
1343	0.0074707	1343	0.00656738	
1344	0.00705566	1344	0.00917969	
1345	0.00834961	1345	0.0110352	
1346	0.00854492	1346	0.00703125	
1347	0.0060791	1347	0.00722656	
1348	0.00878906	1348	0.0105469	
1349	0.00998535	1349	0.00949707	
1350	0.00812988	1350	0.00673828	
1351	0.00688477	1351	0.00888672	
1352	0.00808105	1352	0.0106445	
1353	0.00878906	1353	0.009375	
1354	0.00759277	1354	0.00537109	
1355	0.00856934	1355	0.00869141	
1356	0.00891113	1356	0.0121582	
1357	0.0076416	1357	0.00686035	
1358	0.00710449	1358	0.00541992	
1359	0.00732422	1359	0.012085	
1360	0.00876465	1360	0.0101807	
1361	0.00935059	1361	0.00563965	
1362	0.00842285	1362	0.00788574	
1363	0.00749512	1363	0.0119141	
1364	0.00786133	1364	0.00859375	
1365	0.00800781	1365	0.00610352	
1366	0.00812988	1366	0.00944824	
1367	0.0083252	1367	0.0109131	
1368	0.00842285	1368	0.0079834	
1369	0.00791016	1369	0.00754395	
1370	0.00776367	1370	0.00964355	
1371	0.00720215	1371	0.00966797	
1372	0.00871582	1372	0.0081543	
1373	0.00800781	1373	0.00866699	
1374	0.00805664	1374	0.00822754	
1375	0.00891113	1375	0.00866699	
1376	0.00783691	1376	0.00842285	
1377	0.00771484	1377	0.00847168	
1378	0.00786133	1378	0.0083252	
1379	0.00664063	1379	0.00952148	
1380	0.00773926	1380	0.00810547	
1381	0.00881348	1381	0.00839844	
1382	0.0088623	1382	0.00820313	
1383	0.00683594	1383	0.00878906	
1384	0.00817871	1384	0.00881348	
1385	0.00915527	1385	0.00871582	
1386	0.00737305	1386	0.00900879	
1387	0.00698242	1387	0.00778809	
1388	0.00812988	1388	0.00932617	
1389	0.00778809	1389	0.00910645	
1390	0.00717773	1390	0.00852051	
1391	0.0079834	1391	0.00805664	
1392	0.0095459	1392	0.00957031	
1393	0.00825195	1393	0.00874023	
1394	0.00791016	1394	0.00881348	
1395	0.00749512	1395	0.00803223	
1396	0.00947266	1396	0.0104492	
1397	0.00891113	1397	0.0088623	
1398	0.00720215	1398	0.00690918	
1399	0.00859375	1399	0.00932617	
1400	0.00854492	1400	0.0105225	
1401	0.00744629	1401	0.00842285	
1402	0.00749512	1402	0.00732422	
1403	0.00893555	1403	0.00998535	
1404	0.00810547	1404	0.0102783	
1405	0.00786133	1405	0.00668945	
1406	0.00844727	1406	0.0079834	
1407	0.00844727	1407	0.0108643	
1408	0.00773926	1408	0.00761719	
1409	0.00856934	1409	0.00661621	
1410	0.0083252	1410	0.00974121	
1411	0.0074707	1411	0.0117432	
1412	0.00744629	1412	0.00639648	
1413	0.00805664	1413	0.00656738	
1414	0.00908203	1414	0.0114258	
1415	0.00727539	1415	0.00922852	
1416	0.00854492	1416	0.00615234	
1417	0.00751953	1417	0.00910645	
1418	0.00495605	1418	0.0108887	
1419	0.00649414	1419	0.00783691	
1420	0.00913086	1420	0.00563965	
1421	0.00830078	1421	0.00993652	
1422	0.00629883	1422	0.011499	
1423	0.0059082	1423	0.00666504	
1424	0.00854492	1424	0.00561523	
1425	0.00891113	1425	0.0104492	
1426	0.00632324	1426	0.0102539	
1427	0.00639648	1427	0.00732422	
1428	0.0101807	1428	0.0074707	
1429	0.0079834	1429	0.00859375	
1430	0.00632324	1430	0.0105469	
1431	0.00678711	1431	0.00827637	
1432	0.00900879	1432	0.00678711	
1433	0.0074707	1433	0.00939941	
1434	0.00595703	1434	0.0100098	
1435	0.00849609	1435	0.0078125	
1436	0.0098877	1436	0.00710449	
1437	0.00761719	1437	0.00898438	
1438	0.00678711	1438	0.00957031	
1439	0.00888672	1439	0.00817871	
1440	0.00839844	1440	0.0079834	
1441	0.00766602	1441	0.00932617	
1442	0.00722656	1442	0.0095459	
1443	0.0072998	1443	0.00869141	
1444	0.00776367	1444	0.0083252	
1445	0.00927734	1445	0.00910645	
1446	0.00766602	1446	0.00895996	
1447	0.00693359	1447	0.00998535	
1448	0.00791016	1448	0.00803223	
1449	0.0072998	1449	0.00791016	
1450	0.00629883	1450	0.00952148	
1451	0.00725098	1451	0.00942383	
1452	0.00925293	1452	0.00800781	
1453	0.00847168	1453	0.0083252	
1454	0.00661621	1454	0.00900879	
1455	0.00639648	1455	0.00959473	
1456	0.00849609	1456	0.00812988	
1457	0.0101318	1457	0.00776367	
1458	0.00681152	1458	0.0101318	
1459	0.00666504	1459	0.010376	
1460	0.00800781	1460	0.00893555	
1461	0.00888672	1461	0.00776367	
1462	0.00705566	1462	0.00942383	
1463	0.00646973	1463	0.00974121	
1464	0.00749512	1464	0.0079834	
1465	0.00864258	1465	0.00795898	
1466	0.00793457	1466	0.00979004	
1467	0.00720215	1467	0.009375	
1468	0.00710449	1468	0.00895996	
1469	0.00773926	1469	0.00788574	
1470	0.00844727	1470	0.00881348	
1471	0.00822754	1471	0.00915527	
1472	0.00769043	1472	0.0090332	
1473	0.00666504	1473	0.00927734	
1474	0.00693359	1474	0.00751953	
1475	0.00739746	1475	0.00869141	
1476	0.00715332	1476	0.00981445	
1477	0.00754395	1477	0.00769043	
1478	0.0079834	1478	0.00803223	
1479	0.00844727	1479	0.00869141	
1480	0.00710449	1480	0.0098877	
1481	0.00668945	1481	0.00849609	
1482	0.00812988	1482	0.0074707	
1483	0.00861816	1483	0.00900879	
1484	0.00661621	1484	0.010083	
1485	0.00578613	1485	0.00820313	
1486	0.00786133	1486	0.00705566	
1487	0.00861816	1487	0.00998535	
1488	0.00803223	1488	0.0101807	
1489	0.00749512	1489	0.00773926	
1490	0.00771484	1490	0.00761719	
1491	0.00695801	1491	0.00947266	
1492	0.00749512	1492	0.00996094	
1493	0.00839844	1493	0.00756836	
1494	0.0067627	1494	0.00737305	
1495	0.00554199	1495	0.010083	
1496	0.00737305	1496	0.0092041	
1497	0.0095459	1497	0.00620117	
1498	0.00783691	1498	0.00969238	
1499	0.00705566	1499	0.010376	
1500	0.00688477	1500	0.00722656	
1501	0.00856934	1501	0.00722656	
1502	0.00812988	1502	0.00947266	
1503	0.00678711	1503	0.0103516	
1504	0.00646973	1504	0.00725098	
1505	0.00854492	1505	0.00725098	
1506	0.00695801	1506	0.0106201	
1507	0.00744629	1507	0.00969238	
1508	0.0079834	1508	0.00585937	
1509	0.0072998	1509	0.00825195	
1510	0.00822754	1510	0.0116455	
1511	0.00795898	1511	0.00820313	
1512	0.00678711	1512	0.00576172	
1513	0.00651855	1513	0.0101318	
1514	0.00749512	1514	0.0104492	
1515	0.00871582	1515	0.0072998	
1516	0.00749512	1516	0.00817871	
1517	0.0059082	1517	0.0101807	
1518	0.00830078	1518	0.0083252	
1519	0.00844727	1519	0.00712891	
1520	0.00732422	1520	0.00957031	
1521	0.00690918	1521	0.00986328	
1522	0.00739746	1522	0.00681152	
1523	0.00869141	1523	0.009375	
1524	0.00712891	1524	0.0109131	
1525	0.00766602	1525	0.00834961	
1526	0.00874023	1526	0.00742188	
1527	0.00734863	1527	0.00952148	
1528	0.00666504	1528	0.0101318	
1529	0.00849609	1529	0.00820313	
1530	0.00822754	1530	0.00773926	
1531	0.00700684	1531	0.0101318	
1532	0.00771484	1532	0.00917969	
1533	0.00981445	1533	0.0078125	
1534	0.00717773	1534	0.0076416	
1535	0.00661621	1535	0.0101807	
1536	0.00761719	1536	0.0104004	
1537	0.0074707	1537	0.00690918	
1538	0.00786133	1538	0.0067627	
1539	0.00761719	1539	0.0100586	
1540	0.00754395	1540	0.010376	
1541	0.00783691	1541	0.00771484	
1542	0.00825195	1542	0.0083252	
1543	0.0083252	1543	0.00883789	
1544	0.00703125	1544	0.00893555	
1545	0.0076416	1545	0.00817871	
1546	0.00788574	1546	0.00915527	
1547	0.00727539	1547	0.0088623	
1548	0.00944824	1548	0.0072998	
1549	0.00595703	1549	0.00834961	
1550	0.00629883	1550	0.00974121	
1551	0.00893555	1551	0.00827637	
1552	0.00800781	1552	0.00695801	
1553	0.00734863	1553	0.0081543	
1554	0.00690918	1554	0.0092041	
1555	0.00854492	1555	0.00893555	
1556	0.00878906	1556	0.00737305	
1557	0.00683594	1557	0.010376	
1558	0.00700684	1558	0.00922852	
1559	0.00864258	1559	0.00725098	
1560	0.00820313	1560	0.00761719	
1561	0.00739746	1561	0.0105957	
1562	0.00639648	1562	0.00925293	
1563	0.00734863	1563	0.00610352	
1564	0.00910645	1564	0.00856934	
1565	0.00727539	1565	0.0112549	
1566	0.00710449	1566	0.00715332	
1567	0.00844727	1567	0.00720215	
1568	0.00778809	1568	0.00935059	
1569	0.00830078	1569	0.011084	
1570	0.0081543	1570	0.00874023	
1571	0.0064209	1571	0.00622559	
1572	0.00751953	1572	0.0101807	
1573	0.00812988	1573	0.011377	
1574	0.00751953	1574	0.00639648	
1575	0.00710449	1575	0.00698242	
1576	0.00739746	1576	0.0114014	
1577	0.00783691	1577	0.0101807	
1578	0.00710449	1578	0.0059082	
1579	0.00725098	1579	0.00825195	
1580	0.00717773	1580	0.0111084	
1581	0.00656738	1581	0.00922852	
1582	0.00712891	1582	0.00578613	
1583	0.00834961	1583	0.00935059	
1584	0.0076416	1584	0.0118164	
1585	0.00654297	1585	0.00727539	
1586	0.00681152	1586	0.00537109	
1587	0.00771484	1587	0.0108887	
1588	0.00825195	1588	0.0116699	
1589	0.00700684	1589	0.00637207	
1590	0.00744629	1590	0.00778809	
1591	0.00783691	1591	0.0106689	
1592	0.00778809	1592	0.00805664	
1593	0.00771484	1593	0.00739746	
1594	0.00617676	1594	0.00983887	
1595	0.00683594	1595	0.00935059	
1596	0.00822754	1596	0.0083252	
1597	0.0065918	1597	0.00690918	
1598	0.00605469	1598	0.00856934	
1599	0.00766602	1599	0.0109863	
1600	0.0083252	1600	0.00859375	
1601	0.00666504	1601	0.00678711	
1602	0.00568848	1602	0.00939941	
1603	0.0072998	1603	0.00976562	
1604	0.00895996	1604	0.00812988	
1605	0.00744629	1605	0.00893555	
1606	0.00698242	1606	0.00915527	
1607	0.0067627	1607	0.00817871	
1608	0.00783691	1608	0.00869141	
1609	0.00766602	1609	0.00947266	
1610	0.0059082	1610	0.00917969	
1611	0.00649414	1611	0.00783691	
1612	0.00893555	1612	0.0078125	
1613	0.00825195	1613	0.0107666	
1614	0.00651855	1614	0.00905762	
1615	0.00585937	1615	0.00710449	
1616	0.00754395	1616	0.00837402	
1617	0.00751953	1617	0.00993652	
1618	0.00739746	1618	0.009375	
1619	0.00683594	1619	0.00710449	
1620	0.00700684	1620	0.0081543	
1621	0.00759277	1621	0.0108643	
1622	0.00690918	1622	0.00864258	
1623	0.0064209	1623	0.00703125	
1624	0.00866699	1624	0.00952148	
1625	0.00839844	1625	0.0098877	
1626	0.00766602	1626	0.0076416	
1627	0.00708008	1627	0.00668945	
1628	0.00795898	1628	0.00959473	
1629	0.00776367	1629	0.0104736	
1630	0.00605469	1630	0.00705566	
1631	0.00632324	1631	0.00708008	
1632	0.00856934	1632	0.0101074	
1633	0.00805664	1633	0.0101807	
1634	0.00720215	1634	0.00632324	
1635	0.00710449	1635	0.00710449	
1636	0.00849609	1636	0.0106445	
1637	0.00822754	1637	0.0101074	
1638	0.00678711	1638	0.00637207	
1639	0.00712891	1639	0.00812988	
1640	0.00786133	1640	0.0102783	
1641	0.00805664	1641	0.00842285	
1642	0.00783691	1642	0.00661621	
1643	0.00749512	1643	0.00898438	
1644	0.00644531	1644	0.0108887	
1645	0.00690918	1645	0.00795898	
1646	0.00822754	1646	0.00576172	
1647	0.00717773	1647	0.00930176	
1648	0.00644531	1648	0.0106689	
1649	0.00769043	1649	0.00776367	
1650	0.00856934	1650	0.00656738	
1651	0.00773926	1651	0.00983887	
1652	0.00537109	1652	0.00991211	
1653	0.00712891	1653	0.00703125	
1654	0.0103271	1654	0.00773926	
1655	0.00761719	1655	0.0110352	
1656	0.00527344	1656	0.00881348	
1657	0.00688477	1657	0.00639648	
1658	0.00966797	1658	0.00932617	
1659	0.00634766	1659	0.010791	
1660	0.0057373	1660	0.00710449	
1661	0.00776367	1661	0.00703125	
1662	0.00739746	1662	0.0109863	
1663	0.0078125	1663	0.00930176	
1664	0.0078125	1664	0.00612793	
1665	0.00688477	1665	0.0083252	
1666	0.00825195	1666	0.0115723	
1667	0.00893555	1667	0.00805664	
1668	0.00639648	1668	0.00681152	
1669	0.00634766	1669	0.00949707	
1670	0.00810547	1670	0.0097168	
1671	0.00847168	1671	0.00854492	
1672	0.00717773	1672	0.00786133	
1673	0.00578613	1673	0.00949707	
1674	0.00793457	1674	0.00803223	
1675	0.00922852	1675	0.00759277	
1676	0.0072998	1676	0.00944824	
1677	0.00559082	1677	0.00942383	
1678	0.0076416	1678	0.0114258	
1679	0.0059082	1679	0.00690918	
1680	0.00710449	1680	0.00703125	
1681	0.00666504	1681	0.0108154	
1682	0.00739746	1682	0.00998535	
1683	0.009375	1683	0.00686035	
1684	0.00717773	1684	0.00810547	
1685	0.00478516	1685	0.00981445	
1686	0.00705566	1686	0.0100342	
1687	0.00883789	1687	0.0079834	
1688	0.00644531	1688	0.00705566	
1689	0.0060791	1689	0.0102539	
1690	0.00793457	1690	0.00961914	
1691	0.00791016	1691	0.00737305	
1692	0.00708008	1692	0.00800781	
1693	0.00629883	1693	0.00993652	
1694	0.00756836	1694	0.00900879	
1695	0.00698242	1695	0.00773926	
1696	0.00842285	1696	0.00908203	
1697	0.00776367	1697	0.0095459	
1698	0.00717773	1698	0.00834961	
1699	0.00776367	1699	0.00756836	
1700	0.00803223	1700	0.00866699	
1701	0.00656738	1701	0.00957031	
1702	0.00751953	1702	0.00793457	
1703	0.00820313	1703	0.00732422	
1704	0.00847168	1704	0.00991211	
1705	0.00610352	1705	0.009375	
1706	0.00673828	1706	0.00808105	
1707	0.00688477	1707	0.00708008	
1708	0.0088623	1708	0.0108398	
1709	0.00805664	1709	0.00942383	
1710	0.00705566	1710	0.00683594	
1711	0.0078125	1711	0.00708008	
1712	0.00939941	1712	0.0115479	
1713	0.00800781	1713	0.00986328	
1714	0.00759277	1714	0.00625	
1715	0.00734863	1715	0.00803223	
1716	0.00805664	1716	0.0113037	
1717	0.00864258	1717	0.00778809	
1718	0.00739746	1718	0.0065918	
1719	0.00690918	1719	0.00974121	
1720	0.00805664	1720	0.00947266	
1721	0.00842285	1721	0.00756836	
1722	0.0074707	1722	0.0081543	
1723	0.00644531	1723	0.00942383	
1724	0.00791016	1724	0.00878906	
1725	0.00849609	1725	0.00793457	
1726	0.00837402	1726	0.00925293	
1727	0.00661621	1727	0.0104248	
1728	0.00620117	1728	0.00690918	
1729	0.00874023	1729	0.00686035	
1730	0.00847168	1730	0.0106445	
1731	0.0057373	1731	0.00976562	
1732	0.00678711	1732	0.00615234	
1733	0.00910645	1733	0.00791016	
1734	0.00869141	1734	0.0105957	
1735	0.00537109	1735	0.00949707	
1736	0.00654297	1736	0.0076416	
1737	0.00922852	1737	0.00822754	
1738	0.00732422	1738	0.00964355	
1739	0.0060791	1739	0.00854492	
1740	0.00778809	1740	0.0078125	
1741	0.00852051	1741	0.00812988	
1742	0.00778809	1742	0.0101563	
1743	0.00786133	1743	0.00810547	
1744	0.0074707	1744	0.0081543	
1745	0.0076416	1745	0.00864258	
1746	0.00661621	1746	0.00993652	
1747	0.00654297	1747	0.009375	
1748	0.0072998	1748	0.00771484	
1749	0.00791016	1749	0.00820313	
1750	0.00654297	1750	0.0105713	
1751	0.00710449	1751	0.00827637	
1752	0.00751953	1752	0.00690918	
1753	0.0081543	1753	0.00983887	
1754	0.00776367	1754	0.00935059	
1755	0.00732422	1755	0.00795898	
1756	0.00698242	1756	0.00881348	
1757	0.00615234	1757	0.00966797	
1758	0.00715332	1758	0.00805664	
1759	0.00705566	1759	0.00786133	
1760	0.00717773	1760	0.00949707	
1761	0.00703125	1761	0.00864258	
1762	0.00861816	1762	0.00854492	
1763	0.00866699	1763	0.00917969	
1764	0.00578613	1764	0.00922852	
1765	0.0064209	1765	0.0083252	
1766	0.00842285	1766	0.0076416	
1767	0.00710449	1767	0.00993652	
1768	0.00705566	1768	0.00927734	
1769	0.00891113	1769	0.00737305	
1770	0.00876465	1770	0.00842285	
1771	0.00634766	1771	0.00947266	
1772	0.00654297	1772	0.00932617	
1773	0.00759277	1773	0.00800781	
1774	0.00771484	1774	0.0083252	
1775	0.00705566	1775	0.0101807	
1776	0.00666504	1776	0.00859375	
1777	0.00756836	1777	0.0072998	
1778	0.00817871	1778	0.00859375	
1779	0.00734863	1779	0.0108643	
1780	0.00905762	1780	0.00825195	
1781	0.00759277	1781	0.00717773	
1782	0.00610352	1782	0.00939941	
1783	0.00727539	1783	0.0101318	
1784	0.00939941	1784	0.00708008	
1785	0.00717773	1785	0.00788574	
1786	0.00522461	1786	0.0103271	
1787	0.00864258	1787	0.00915527	
1788	0.00974121	1788	0.00666504	
1789	0.00544434	1789	0.00944824	
1790	0.00532227	1790	0.00952148	
1791	0.00834961	1791	0.00732422	
1792	0.00976562	1792	0.0088623	
1793	0.00576172	1793	0.00983887	
1794	0.00495605	1794	0.00852051	
1795	0.00837402	1795	0.00791016	
1796	0.00893555	1796	0.00820313	
1797	0.00671387	1797	0.00974121	
1798	0.00629883	1798	0.00942383	
1799	0.00795898	1799	0.0078125	
1800	0.00932617	1800	0.00883789	
1801	0.00678711	1801	0.00871582	
1802	0.00583496	1802	0.00895996	
1803	0.00874023	1803	0.00949707	
1804	0.00910645	1804	0.0072998	
1805	0.00737305	1805	0.00908203	
1806	0.0064209	1806	0.010791	
1807	0.00808105	1807	0.00717773	
1808	0.00856934	1808	0.00656738	
1809	0.00666504	1809	0.0107422	
1810	0.00671387	1810	0.0103516	
1811	0.00808105	1811	0.00532227	
1812	0.00861816	1812	0.00749512	
1813	0.00856934	1813	0.0131836	
1814	0.00593262	1814	0.00913086	
1815	0.00817871	1815	0.00561523	
1816	0.00949707	1816	0.00891113	
1817	0.00712891	1817	0.0121094	
1818	0.00690918	1818	0.00744629	
1819	0.0074707	1819	0.00646973	
1820	0.0083252	1820	0.0117432	
1821	0.00754395	1821	0.0109619	
1822	0.00681152	1822	0.0059082	
1823	0.00856934	1823	0.0067627	
1824	0.0100098	1824	0.0114746	
1825	0.00791016	1825	0.0102051	
1826	0.00654297	1826	0.00524902	
1827	0.00808105	1827	0.00861816	
1828	0.00773926	1828	0.012085	
1829	0.00700684	1829	0.00844727	
1830	0.00852051	1830	0.00551758	
1831	0.00810547	1831	0.00974121	
1832	0.00695801	1832	0.0110107	
1833	0.00727539	1833	0.00766602	
1834	0.00949707	1834	0.00700684	
1835	0.00881348	1835	0.0110596	
1836	0.00646973	1836	0.00974121	
1837	0.00739746	1837	0.00622559	
1838	0.00866699	1838	0.00751953	
1839	0.00783691	1839	0.0120361	
1840	0.00598145	1840	0.00996094	
1841	0.00705566	1841	0.00605469	
1842	0.00983887	1842	0.00844727	
1843	0.00881348	1843	0.0104492	
1844	0.00622559	1844	0.00942383	
1845	0.00805664	1845	0.00793457	
1846	0.00874023	1846	0.0067627	
1847	0.00913086	1847	0.0107178	
1848	0.00737305	1848	0.00998535	
1849	0.00739746	1849	0.00627441	
1850	0.0067627	1850	0.00893555	
1851	0.0078125	1851	0.0101563	
1852	0.00895996	1852	0.00788574	
1853	0.00671387	1853	0.00639648	
1854	0.0067627	1854	0.0100342	
1855	0.0105957	1855	0.00939941	
1856	0.0079834	1856	0.00739746	
1857	0.00749512	1857	0.00842285	
1858	0.00759277	1858	0.00959473	
1859	0.00900879	1859	0.00817871	
1860	0.00759277	1860	0.00698242	
1861	0.00690918	1861	0.0111816	
1862	0.00776367	1862	0.00869141	
1863	0.00983887	1863	0.00522461	
1864	0.00756836	1864	0.00947266	
1865	0.00537109	1865	0.0109131	
1866	0.00783691	1866	0.00737305	
1867	0.0104492	1867	0.00646973	
1868	0.00773926	1868	0.00952148	
1869	0.00739746	1869	0.0109619	
1870	0.00759277	1870	0.00754395	
1871	0.00947266	1871	0.00766602	
1872	0.00849609	1872	0.00981445	
1873	0.00678711	1873	0.00939941	
1874	0.00725098	1874	0.00791016	
1875	0.00935059	1875	0.0067627	
1876	0.0083252	1876	0.00981445	
1877	0.00793457	1877	0.0107666	
1878	0.00708008	1878	0.00727539	
1879	0.00783691	1879	0.00759277	
1880	0.00998535	1880	0.0105469	
1881	0.00830078	1881	0.00910645	
1882	0.00722656	1882	0.0074707	
1883	0.00722656	1883	0.0081543	
1884	0.00830078	1884	0.00991211	
1885	0.00793457	1885	0.00837402	
1886	0.00625	1886	0.00771484	
1887	0.00693359	1887	0.00859375	
1888	0.00952148	1888	0.0107666	
1889	0.00810547	1889	0.0076416	
1890	0.0064209	1890	0.00808105	
1891	0.00810547	1891	0.00961914	
1892	0.00910645	1892	0.00974121	
1893	0.0076416	1893	0.00771484	
1894	0.00617676	1894	0.00852051	
1895	0.00756836	1895	0.00922852	
1896	0.00861816	1896	0.009375	
1897	0.00732422	1897	0.00869141	
1898	0.00661621	1898	0.00805664	
1899	0.00869141	1899	0.00925293	
1900	0.00827637	1900	0.00908203	
1901	0.00771484	1901	0.00739746	
1902	0.00756836	1902	0.00922852	
1903	0.00693359	1903	0.0107422	
1904	0.00673828	1904	0.00795898	
1905	0.00847168	1905	0.00656738	
1906	0.00820313	1906	0.0107422	
1907	0.00698242	1907	0.0110107	
1908	0.00686035	1908	0.00666504	
1909	0.0098877	1909	0.00771484	
1910	0.0095459	1910	0.0109619	
1911	0.0067627	1911	0.00925293	
1912	0.00576172	1912	0.00715332	
1913	0.00849609	1913	0.00854492	
1914	0.00922852	1914	0.0102539	
1915	0.00673828	1915	0.00900879	
1916	0.00725098	1916	0.00708008	
1917	0.00910645	1917	0.00817871	
1918	0.00915527	1918	0.0117432	
1919	0.00664063	1919	0.00878906	
1920	0.00688477	1920	0.00717773	
1921	0.00810547	1921	0.00969238	
1922	0.00878906	1922	0.00961914	
1923	0.00769043	1923	0.00773926	
1924	0.00788574	1924	0.00852051	
1925	0.00808105	1925	0.0104248	
1926	0.0097168	1926	0.00856934	
1927	0.00803223	1927	0.00708008	
1928	0.00720215	1928	0.00979004	
1929	0.00717773	1929	0.0102051	
1930	0.00849609	1930	0.0072998	
1931	0.00874023	1931	0.00803223	
1932	0.0078125	1932	0.00966797	
1933	0.00737305	1933	0.00895996	
1934	0.00834961	1934	0.00808105	
1935	0.00793457	1935	0.00766602	
1936	0.00734863	1936	0.0106689	
1937	0.00844727	1937	0.00966797	
1938	0.00981445	1938	0.00541992	
1939	0.00849609	1939	0.00783691	
1940	0.00603027	1940	0.0130859	
1941	0.00744629	1941	0.00769043	
1942	0.00927734	1942	0.00600586	
1943	0.00856934	1943	0.009375	
1944	0.00737305	1944	0.0123535	
1945	0.00878906	1945	0.00720215	
1946	0.00864258	1946	0.00529785	
1947	0.00795898	1947	0.0113525	
1948	0.00771484	1948	0.011499	
1949	0.0079834	1949	0.00610352	
1950	0.0076416	1950	0.00600586	
1951	0.00861816	1951	0.0119873	
1952	0.00898438	1952	0.0110596	
1953	0.0067627	1953	0.00544434	
1954	0.00690918	1954	0.00720215	
1955	0.00861816	1955	0.0118896	
1956	0.0102051	1956	0.00959473	
1957	0.00769043	1957	0.00595703	
1958	0.00737305	1958	0.00930176	
1959	0.00783691	1959	0.0118164	
1960	0.0102051	1960	0.00678711	
1961	0.00681152	1961	0.00698242	
1962	0.00583496	1962	0.0105225	
1963	0.00842285	1963	0.011084	
1964	0.00957031	1964	0.00544434	
1965	0.00632324	1965	0.00700684	
1966	0.00666504	1966	0.0127441	
1967	0.00839844	1967	0.00966797	
1968	0.00961914	1968	0.00412598	
1969	0.00808105	1969	0.00927734	
1970	0.00759277	1970	0.0133789	
1971	0.00878906	1971	0.00693359	
1972	0.00837402	1972	0.00593262	
1973	0.00834961	1973	0.0112793	
1974	0.00869141	1974	0.0109375	
1975	0.00842285	1975	0.00610352	
1976	0.00800781	1976	0.00732422	
1977	0.00825195	1977	0.0111328	
1978	0.00837402	1978	0.0102539	
1979	0.00810547	1979	0.00588379	
1980	0.00861816	1980	0.00827637	
1981	0.00866699	1981	0.0126221	
1982	0.00812988	1982	0.00842285	
1983	0.00854492	1983	0.00588379	
1984	0.00808105	1984	0.0101563	
1985	0.00744629	1985	0.0111816	
1986	0.00766602	1986	0.00683594	
1987	0.00825195	1987	0.00839844	
1988	0.00859375	1988	0.010498	
1989	0.00793457	1989	0.00910645	
1990	0.00737305	1990	0.00664063	
1991	0.00849609	1991	0.00961914	
1992	0.00888672	1992	0.0107178	
1993	0.00720215	1993	0.00759277	
1994	0.00847168	1994	0.00654297	
1995	0.00869141	1995	0.0110352	
1996	0.00871582	1996	0.0111084	
1997	0.00849609	1997	0.00646973	
1998	0.00742188	1998	0.00754395	
1999	0.00776367	1999	0.0106445	
2000	0.00822754	2000	0.00861816	
2001	0.00754395	2001	0.00837402	
2002	0.00803223	2002	0.00871582	
2003	0.00847168	2003	0.00964355	
2004	0.00839844	2004	0.00761719	
2005	0.0076416	2005	0.00837402	
2006	0.00895996	2006	0.00925293	
2007	0.00810547	2007	0.00808105	
2008	0.00820313	2008	0.00773926	
2009	0.00756836	2009	0.00925293	
2010	0.00827637	2010	0.00913086	
2011	0.00793457	2011	0.0079834	
2012	0.00913086	2012	0.00725098	
2013	0.00827637	2013	0.00964355	
2014	0.00678711	2014	0.00947266	
2015	0.00842285	2015	0.00686035	
2016	0.00793457	2016	0.00820313	
2017	0.00708008	2017	0.0102539	
2018	0.00849609	2018	0.00859375	
2019	0.00800781	2019	0.00693359	
2020	0.00766602	2020	0.0103516	
2021	0.00908203	2021	0.0102539	
2022	0.00830078	2022	0.00715332	
2023	0.00766602	2023	0.00717773	
2024	0.00871582	2024	0.0115723	
2025	0.00969238	2025	0.00852051	
2026	0.00827637	2026	0.00668945	
2027	0.00847168	2027	0.0103516	
2028	0.00927734	2028	0.00991211	
2029	0.00966797	2029	0.00656738	
2030	0.0059082	2030	0.0092041	
2031	0.00805664	2031	0.011084	
2032	0.00864258	2032	0.00822754	
2033	0.00966797	2033	0.0064209	
2034	0.00610352	2034	0.00952148	
2035	0.00771484	2035	0.0104492	
2036	0.00917969	2036	0.0072998	
2037	0.00849609	2037	0.00649414	
2038	0.00727539	2038	0.0105469	
2039	0.0079834	2039	0.0100098	
2040	0.00869141	2040	0.00661621	
2041	0.0083252	2041	0.00788574	
2042	0.00812988	2042	0.0116699	
2043	0.00766602	2043	0.00830078	
2044	0.00756836	2044	0.00651855	
2045	0.00915527	2045	0.00854492	
2046	0.00791016	2046	0.0100586	
2047	0.00822754	2047	0.00871582	
2048	0.00788574	2048	0.00742188	
2049	0.00881348	2049	0.0095459	
2050	0.00952148	2050	0.00878906	
2051	0.00849609	2051	0.00891113	
2052	0.00700684	2052	0.00900879	
2053	0.00734863	2053	0.00820313	
2054	0.009375	2054	0.00939941	
2055	0.0090332	2055	0.00947266	
2056	0.00859375	2056	0.00834961	
2057	0.00878906	2057	0.00839844	
2058	0.00788574	2058	0.00927734	
2059	0.00727539	2059	0.00876465	
2060	0.00910645	2060	0.00900879	
2061	0.00861816	2061	0.00996094	
2062	0.00788574	2062	0.00778809	
2063	0.00739746	2063	0.00756836	
2064	0.00876465	2064	0.00998535	
2065	0.00874023	2065	0.00825195	
2066	0.00756836	2066	0.00876465	
2067	0.00720215	2067	0.0092041	
2068	0.00834961	2068	0.00854492	
2069	0.00939941	2069	0.0083252	
2070	0.00808105	2070	0.00866699	
2071	0.00786133	2071	0.00915527	
2072	0.00827637	2072	0.00849609	
2073	0.00891113	2073	0.00883789	
2074	0.00800781	2074	0.00817871	
2075	0.00771484	2075	0.00761719	
2076	0.00830078	2076	0.00900879	
2077	0.0090332	2077	0.0105225	
2078	0.00771484	2078	0.0074707	
2079	0.00825195	2079	0.00759277	
2080	0.00878906	2080	0.0107422	
2081	0.00830078	2081	0.0105957	
2082	0.00830078	2082	0.00541992	
2083	0.00856934	2083	0.0072998	
2084	0.00842285	2084	0.0126221	
2085	0.00979004	2085	0.00820313	
2086	0.00876465	2086	0.00551758	
2087	0.00759277	2087	0.0106934	
2088	0.00720215	2088	0.0109131	
2089	0.00805664	2089	0.00600586	
2090	0.00856934	2090	0.00773926	
2091	0.00800781	2091	0.0117187	
2092	0.00859375	2092	0.00888672	
2093	0.00959473	2093	0.00681152	
2094	0.00866699	2094	0.00969238	
2095	0.00754395	2095	0.010791	
2096	0.0078125	2096	0.00593262	
2097	0.011377	2097	0.00881348	
2098	0.00900879	2098	0.0115967	
2099	0.00664063	2099	0.00749512	
2100	0.00793457	2100	0.0057373	
2101	0.0104004	2101	0.00917969	
2102	0.00922852	2102	0.0108887	
2103	0.00637207	2103	0.00727539	
2104	0.00761719	2104	0.00698242	
2105	0.00996094	2105	0.00976562	
2106	0.00805664	2106	0.00986328	
2107	0.00651855	2107	0.00778809	
2108	0.00859375	2108	0.00720215	
2109	0.00969238	2109	0.00842285	
2110	0.0079834	2110	0.0107178	
2111	0.00654297	2111	0.00805664	
2112	0.0088623	2112	0.00717773	
2113	0.0098877	2113	0.00983887	
2114	0.00761719	2114	0.00957031	
2115	0.00629883	2115	0.00834961	
2116	0.00786133	2116	0.00778809	
2117	0.00883789	2117	0.00942383	
2118	0.00795898	2118	0.00959473	
2119	0.0078125	2119	0.0103027	
2120	0.00766602	2120	0.00830078	
2121	0.00966797	2121	0.00861816	
2122	0.00895996	2122	0.009375	
2123	0.00742188	2123	0.00922852	
2124	0.00695801	2124	0.0097168	
2125	0.00981445	2125	0.00695801	
2126	0.00893555	2126	0.00856934	
2127	0.00874023	2127	0.010791	
2128	0.00783691	2128	0.00825195	
2129	0.00825195	2129	0.00683594	
2130	0.00976562	2130	0.0095459	
2131	0.00869141	2131	0.0109375	
2132	0.00666504	2132	0.00822754	
2133	0.0081543	2133	0.00715332	
2134	0.009375	2134	0.0102295	
2135	0.00842285	2135	0.0107666	
2136	0.00776367	2136	0.0072998	
2137	0.00878906	2137	0.00788574	
2138	0.00881348	2138	0.0101807	
2139	0.00756836	2139	0.00976562	
2140	0.00698242	2140	0.00734863	
2141	0.00856934	2141	0.00864258	
2142	0.00939941	2142	0.0107422	
2143	0.00839844	2143	0.00935059	
2144	0.00812988	2144	0.00720215	
2145	0.00761719	2145	0.00949707	
2146	0.00866699	2146	0.0107422	
2147	0.00878906	2147	0.00773926	
2148	0.00817871	2148	0.00744629	
2149	0.00661621	2149	0.0105957	
2150	0.00864258	2150	0.00883789	
2151	0.00974121	2151	0.00678711	
2152	0.00825195	2152	0.00952148	
2153	0.0078125	2153	0.0111328	
2154	0.00805664	2154	0.00915527	
2155	0.00947266	2155	0.00715332	
2156	0.00871582	2156	0.00944824	
2157	0.00776367	2157	0.0114502	
2158	0.00776367	2158	0.00810547	
2159	0.00876465	2159	0.00744629	
2160	0.00871582	2160	0.0103271	
2161	0.0065918	2161	0.00883789	
2162	0.00769043	2162	0.00773926	
2163	0.0102539	2163	0.010083	
2164	0.00888672	2164	0.0107422	
2165	0.00668945	2165	0.00710449	
2166	0.00834961	2166	0.00727539	
2167	0.0103027	2167	0.00910645	
2168	0.00822754	2168	0.0110596	
2169	0.00732422	2169	0.00856934	
2170	0.00949707	2170	0.00644531	
2171	0.00925293	2171	0.0108643	
2172	0.00690918	2172	0.00996094	
2173	0.00810547	2173	0.00681152	
2174	0.00925293	2174	0.00883789	
2175	0.00932617	2175	0.0109619	
2176	0.0090332	2176	0.00766602	
2177	0.00791016	2177	0.00708008	
2178	0.00810547	2178	0.0102783	
2179	0.00837402	2179	0.010083	
2180	0.00842285	2180	0.0078125	
2181	0.00822754	2181	0.00800781	
2182	0.00808105	2182	0.0102051	
2183	0.00861816	2183	0.00996094	
2184	0.00891113	2184	0.00876465	
2185	0.00852051	2185	0.00749512	
2186	0.00788574	2186	0.00922852	
2187	0.00874023	2187	0.00910645	
2188	0.00861816	2188	0.00869141	
2189	0.00803223	2189	0.00898438	
2190	0.0076416	2190	0.00969238	
2191	0.00942383	2191	0.00805664	
2192	0.00986328	2192	0.00878906	
2193	0.00837402	2193	0.00964355	
2194	0.00661621	2194	0.00771484	
2195	0.0076416	2195	0.00771484	
2196	0.00942383	2196	0.010498	
2197	0.00852051	2197	0.00883789	
2198	0.00830078	2198	0.00651855	
2199	0.00717773	2199	0.00964355	
2200	0.00737305	2200	0.0101563	
2201	0.00944824	2201	0.0083252	
2202	0.00939941	2202	0.0078125	
2203	0.00725098	2203	0.00927734	
2204	0.0076416	2204	0.0098877	
2205	0.00998535	2205	0.00773926	
2206	0.00878906	2206	0.00786133	
2207	0.0076416	2207	0.0100098	
2208	0.0064209	2208	0.00915527	
2209	0.00893555	2209	0.00820313	
2210	0.0090332	2210	0.00803223	
2211	0.00783691	2211	0.00891113	
2212	0.00847168	2212	0.00932617	
2213	0.00927734	2213	0.00881348	
2214	0.00861816	2214	0.00812988	
2215	0.00769043	2215	0.00827637	
2216	0.0079834	2216	0.0102051	
2217	0.00888672	2217	0.0088623	
2218	0.00949707	2218	0.00671387	
2219	0.00800781	2219	0.0100586	
2220	0.00822754	2220	0.0102051	
2221	0.00981445	2221	0.00761719	
2222	0.00895996	2222	0.00727539	
2223	0.00681152	2223	0.0110596	
2224	0.00842285	2224	0.00979004	
2225	0.00927734	2225	0.0067627	
2226	0.00888672	2226	0.00769043	
2227	0.00776367	2227	0.0110107	
2228	0.00859375	2228	0.00979004	
2229	0.00800781	2229	0.00703125	
2230	0.00908203	2230	0.00773926	
2231	0.00844727	2231	0.0113037	
2232	0.00827637	2232	0.00925293	
2233	0.00842285	2233	0.00664063	
2234	0.00859375	2234	0.00793457	
2235	0.00856934	2235	0.0105713	
2236	0.0079834	2236	0.00996094	
2237	0.00710449	2237	0.00805664	
2238	0.00969238	2238	0.00717773	
2239	0.00996094	2239	0.00986328	
2240	0.00776367	2240	0.0092041	
2241	0.00786133	2241	0.00732422	
2242	0.00839844	2242	0.00898438	
2243	0.00856934	2243	0.00861816	
2244	0.0076416	2244	0.00866699	
2245	0.00810547	2245	0.00786133	
2246	0.00969238	2246	0.00874023	
2247	0.00869141	2247	0.00915527	
2248	0.0078125	2248	0.00881348	
2249	0.00795898	2249	0.0083252	
2250	0.00932617	2250	0.00913086	
2251	0.00773926	2251	0.00852051	
2252	0.00847168	2252	0.0083252	
2253	0.00871582	2253	0.0095459	
2254	0.0090332	2254	0.00913086	
2255	0.00944824	2255	0.00847168	
2256	0.0081543	2256	0.00871582	
2257	0.00776367	2257	0.00966797	
2258	0.00891113	2258	0.00891113	
2259	0.00842285	2259	0.00800781	
2260	0.00883789	2260	0.00803223	
2261	0.0083252	2261	0.0100342	
2262	0.00744629	2262	0.0092041	
2263	0.00837402	2263	0.0078125	
2264	0.00949707	2264	0.00979004	
2265	0.00795898	2265	0.00964355	
2266	0.0074707	2266	0.00737305	
2267	0.00783691	2267	0.00830078	
2268	0.00854492	2268	0.0107422	
2269	0.0083252	2269	0.00917969	
2270	0.00759277	2270	0.00795898	
2271	0.00837402	2271	0.0102539	
2272	0.00822754	2272	0.00969238	
2273	0.00849609	2273	0.00766602	
2274	0.00939941	2274	0.00854492	
2275	0.00834961	2275	0.0106689	
2276	0.00715332	2276	0.00800781	
2277	0.00834961	2277	0.00739746	
2278	0.00893555	2278	0.0100586	
2279	0.00734863	2279	0.00908203	
2280	0.00666504	2280	0.00827637	
2281	0.00847168	2281	0.00854492	
2282	0.00939941	2282	0.0106934	
2283	0.00800781	2283	0.00822754	
2284	0.00766602	2284	0.00795898	
2285	0.00788574	2285	0.0092041	
2286	0.00856934	2286	0.00842285	
2287	0.00800781	2287	0.00871582	
2288	0.00791016	2288	0.00939941	
2289	0.00822754	2289	0.00979004	
2290	0.00883789	2290	0.00822754	
2291	0.00856934	2291	0.00734863	
2292	0.00773926	2292	0.00969238	
2293	0.00705566	2293	0.00959473	
2294	0.00839844	2294	0.0088623	
2295	0.00932617	2295	0.00793457	
2296	0.00756836	2296	0.00874023	
2297	0.00656738	2297	0.0097168	
2298	0.00771484	2298	0.00895996	
2299	0.00949707	2299	0.00847168	
2300	0.00837402	2300	0.00852051	
2301	0.00600586	2301	0.0100098	
2302	0.00793457	2302	0.00856934	
2303	0.0100342	2303	0.00783691	
2304	0.00810547	2304	0.0105469	
2305	0.00646973	2305	0.00966797	
2306	0.00688477	2306	0.00664063	
2307	0.0101563	2307	0.00913086	
2308	0.00852051	2308	0.0106689	
2309	0.00605469	2309	0.00769043	
2310	0.00793457	2310	0.00859375	
2311	0.0095459	2311	0.0102539	
2312	0.00800781	2312	0.00756836	
2313	0.00671387	2313	0.00917969	
2314	0.0079834	2314	0.00864258	
2315	0.00949707	2315	0.0102295	
2316	0.00942383	2316	0.00852051	
2317	0.00588379	2317	0.00732422	
2318	0.00639648	2318	0.00949707	
2319	0.00878906	2319	0.0109131	
2320	0.00935059	2320	0.00771484	
2321	0.00717773	2321	0.00773926	
2322	0.00612793	2322	0.010376	
2323	0.00817871	2323	0.010083	
2324	0.00861816	2324	0.00751953	
2325	0.00705566	2325	0.00854492	
2326	0.00727539	2326	0.0104248	
2327	0.00817871	2327	0.00900879	
2328	0.00795898	2328	0.00629883	
2329	0.00854492	2329	0.00932617	
2330	0.00773926	2330	0.0113281	
2331	0.00830078	2331	0.00769043	
2332	0.00866699	2332	0.0057373	
2333	0.00773926	2333	0.0119141	
2334	0.00698242	2334	0.0108398	
2335	0.00617676	2335	0.0043457	
2336	0.00844727	2336	0.00756836	
2337	0.00917969	2337	0.0137939	
2338	0.00905762	2338	0.00795898	
2339	0.00783691	2339	0.0045166	
2340	0.00715332	2340	0.0109619	
2341	0.00793457	2341	0.0127441	
2342	0.00852051	2342	0.0052002	
2343	0.00852051	2343	0.00656738	
2344	0.00664063	2344	0.0133789	
2345	0.00786133	2345	0.00969238	
2346	0.00749512	2346	0.00505371	
2347	0.00756836	2347	0.00822754	
2348	0.00917969	2348	0.0116211	
2349	0.009375	2349	0.00927734	
2350	0.00708008	2350	0.00583496	
2351	0.00866699	2351	0.00883789	
2352	0.00944824	2352	0.0115479	
2353	0.00737305	2353	0.00793457	
2354	0.00656738	2354	0.00585937	
2355	0.00793457	2355	0.009375	
2356	0.00939941	2356	0.0116211	
2357	0.00742188	2357	0.00935059	
2358	0.00756836	2358	0.00678711	
2359	0.00734863	2359	0.0079834	
2360	0.00717773	2360	0.0114502	
2361	0.00915527	2361	0.00876465	
2362	0.00895996	2362	0.00710449	
2363	0.00744629	2363	0.00883789	
2364	0.00761719	2364	0.0104736	
2365	0.00788574	2365	0.00861816	
2366	0.00808105	2366	0.00583496	
2367	0.00791016	2367	0.00957031	
2368	0.00854492	2368	0.011499	
2369	0.00905762	2369	0.00629883	
2370	0.0078125	2370	0.00727539	
2371	0.00734863	2371	0.011084	
2372	0.00837402	2372	0.0097168	
2373	0.00825195	2373	0.00644531	
2374	0.00876465	2374	0.00876465	
2375	0.00854492	2375	0.00976562	
2376	0.00766602	2376	0.0092041	
2377	0.00847168	2377	0.00834961	
2378	0.00759277	2378	0.00737305	
2379	0.00874023	2379	0.00949707	
2380	0.00803223	2380	0.00910645	
2381	0.0116211	2381	0.010083	
2382	0.00688477	2382	0.00612793	
2383	0.00612793	2383	0.00812988	
2384	0.00742188	2384	0.0114014	
2385	0.00808105	2385	0.00773926	
2386	0.00817871	2386	0.00627441	
2387	0.00895996	2387	0.0106201	
2388	0.00803223	2388	0.0116699	
2389	0.00852051	2389	0.00605469	
2390	0.00742188	2390	0.00605469	
2391	0.00866699	2391	0.0115479	
2392	0.00739746	2392	0.0101318	
2393	0.00705566	2393	0.00515137	
2394	0.00834961	2394	0.00778809	
2395	0.00993652	2395	0.0126221	
2396	0.00732422	2396	0.00859375	
2397	0.00688477	2397	0.00483398	
2398	0.00869141	2398	0.00949707	
2399	0.0104492	2399	0.0118164	
2400	0.00727539	2400	0.00805664	
2401	0.00756836	2401	0.00576172	
2402	0.00839844	2402	0.00993652	
2403	0.00883789	2403	0.0114502	
2404	0.00732422	2404	0.00742188	
2405	0.00749512	2405	0.00620117	
2406	0.00900879	2406	0.00935059	
2407	0.00871582	2407	0.0109131	
2408	0.00688477	2408	0.00722656	
2409	0.00654297	2409	0.00793457	
2410	0.00881348	2410	0.0104736	
2411	0.00874023	2411	0.00893555	
2412	0.00625	2412	0.00610352	
2413	0.00698242	2413	0.00952148	
2414	0.00952148	2414	0.0121826	
2415	0.0083252	2415	0.00629883	
2416	0.00766602	2416	0.00666504	
2417	0.00810547	2417	0.0109375	
2418	0.00883789	2418	0.010791	
2419	0.00869141	2419	0.00524902	
2420	0.00769043	2420	0.0079834	
2421	0.00737305	2421	0.0128906	
2422	0.00700684	2422	0.00917969	
2423	0.00827637	2423	0.00505371	
2424	0.00751953	2424	0.00922852	
2425	0.00644531	2425	0.0118164	
2426	0.00805664	2426	0.00839844	
2427	0.0088623	2427	0.00488281	
2428	0.00734863	2428	0.0111328	
2429	0.00690918	2429	0.012207	
2430	0.00783691	2430	0.00588379	
2431	0.00922852	2431	0.00617676	
2432	0.00759277	2432	0.0123779	
2433	0.0064209	2433	0.00908203	
2434	0.00871582	2434	0.00532227	
2435	0.00883789	2435	0.0088623	
2436	0.00773926	2436	0.012793	
2437	0.00712891	2437	0.0083252	
2438	0.00800781	2438	0.00595703	
2439	0.00766602	2439	0.00979004	
2440	0.00681152	2440	0.0108154	
2441	0.00788574	2441	0.00712891	
2442	0.00795898	2442	0.00749512	
2443	0.00754395	2443	0.0110352	
2444	0.00773926	2444	0.00825195	
2445	0.00839844	2445	0.00754395	
2446	0.00805664	2446	0.00900879	
2447	0.00693359	2447	0.0108154	
2448	0.00720215	2448	0.00905762	
2449	0.00808105	2449	0.00688477	
2450	0.00771484	2450	0.00915527	
2451	0.0074707	2451	0.010498	
2452	0.00681152	2452	0.0079834	
2453	0.00678711	2453	0.00793457	
2454	0.00895996	2454	0.0105225	
2455	0.00913086	2455	0.00878906	
2456	0.00778809	2456	0.00690918	
2457	0.00717773	2457	0.00930176	
2458	0.00771484	2458	0.0102051	
2459	0.00783691	2459	0.00744629	
2460	0.00644531	2460	0.00727539	
2461	0.00761719	2461	0.00964355	
2462	0.00910645	2462	0.0102539	
2463	0.00891113	2463	0.00822754	
2464	0.00708008	2464	0.00791016	
2465	0.00695801	2465	0.00866699	
2466	0.00637207	2466	0.0108643	
2467	0.00725098	2467	0.0076416	
2468	0.00888672	2468	0.00810547	
2469	0.00778809	2469	0.00925293	
2470	0.00703125	2470	0.0100098	
2471	0.0065918	2471	0.00761719	
2472	0.00622559	2472	0.00842285	
2473	0.00742188	2473	0.00864258	
2474	0.0081543	2474	0.00964355	
2475	0.00754395	2475	0.00876465	
2476	0.00681152	2476	0.0078125	
2477	0.00732422	2477	0.00917969	
2478	0.00820313	2478	0.00966797	
2479	0.00688477	2479	0.00776367	
2480	0.00625	2480	0.00859375	
2481	0.00739746	2481	0.0102051	
2482	0.00852051	2482	0.00834961	
2483	0.00861816	2483	0.00817871	
2484	0.00686035	2484	0.00881348	
2485	0.0065918	2485	0.0111084	
2486	0.00964355	2486	0.00695801	
2487	0.0095459	2487	0.00744629	
2488	0.00661621	2488	0.00947266	
2489	0.00686035	2489	0.00922852	
2490	0.00964355	2490	0.00744629	
2491	0.00852051	2491	0.00830078	
2492	0.00581055	2492	0.00993652	
2493	0.00527344	2493	0.00871582	
2494	0.00891113	2494	0.00786133	
2495	0.00769043	2495	0.00847168	
2496	0.0059082	2496	0.00993652	
2497	0.00683594	2497	0.00878906	
2498	0.00913086	2498	0.00727539	
2499	0.00842285	2499	0.00842285