#Time - Plot 0	Amplitude - Plot 0	Time - Plot 1	Amplitude - Plot 1	
0	-0.137207	0	-0.130615	
1	-0.137451	1	-0.132568	
2	-0.136963	2	-0.128418	
3	-0.137451	3	-0.13208	
4	-0.137695	4	-0.130127	
5	-0.136719	5	-0.131592	
6	-0.136963	6	-0.12915	
7	-0.136963	7	-0.13208	
8	-0.13623	8	-0.128662	
9	-0.136719	9	-0.130859	
10	-0.136963	10	-0.130371	
11	-0.13623	11	-0.129883	
12	-0.136475	12	-0.130615	
13	-0.135986	13	-0.129639	
14	-0.135986	14	-0.131104	
15	-0.136475	15	-0.12915	
16	-0.136475	16	-0.129639	
17	-0.135986	17	-0.130371	
18	-0.136719	18	-0.129395	
19	-0.136719	19	-0.130615	
20	-0.135986	20	-0.129395	
21	-0.136475	21	-0.131104	
22	-0.136719	22	-0.130127	
23	-0.135742	23	-0.12915	
24	-0.135498	24	-0.130127	
25	-0.13623	25	-0.128418	
26	-0.136475	26	-0.131104	
27	-0.135498	27	-0.128174	
28	-0.136475	28	-0.129395	
29	-0.134766	29	-0.128906	
30	-0.135498	30	-0.129395	
31	-0.136475	31	-0.129639	
32	-0.135254	32	-0.126953	
33	-0.13501	33	-0.129395	
34	-0.135498	34	-0.127686	
35	-0.135254	35	-0.12793	
36	-0.13501	36	-0.12915	
37	-0.13501	37	-0.126709	
38	-0.134033	38	-0.128662	
39	-0.134033	39	-0.126221	
40	-0.134521	40	-0.12793	
41	-0.134033	41	-0.126953	
42	-0.133545	42	-0.127441	
43	-0.133545	43	-0.125977	
44	-0.134033	44	-0.126953	
45	-0.134521	45	-0.125977	
46	-0.133057	46	-0.125	
47	-0.133057	47	-0.12793	
48	-0.133789	48	-0.123779	
49	-0.133545	49	-0.126953	
50	-0.133545	50	-0.125	
51	-0.133057	51	-0.124268	
52	-0.132568	52	-0.126465	
53	-0.133301	53	-0.123779	
54	-0.132568	54	-0.126709	
55	-0.132324	55	-0.124268	
56	-0.132812	56	-0.125488	
57	-0.132568	57	-0.125977	
58	-0.132324	58	-0.123047	
59	-0.131592	59	-0.127441	
60	-0.131836	60	-0.12207	
61	-0.131592	61	-0.125977	
62	-0.131836	62	-0.123047	
63	-0.132324	63	-0.124023	
64	-0.131348	64	-0.123779	
65	-0.131104	65	-0.122314	
66	-0.132324	66	-0.124512	
67	-0.131592	67	-0.122559	
68	-0.131836	68	-0.123047	
69	-0.131348	69	-0.122803	
70	-0.130371	70	-0.122559	
71	-0.130371	71	-0.121094	
72	-0.130371	72	-0.122559	
73	-0.130127	73	-0.121094	
74	-0.129883	74	-0.121094	
75	-0.128662	75	-0.122559	
76	-0.128662	76	-0.119141	
77	-0.12915	77	-0.12207	
78	-0.128174	78	-0.119141	
79	-0.128662	79	-0.120605	
80	-0.127686	80	-0.120605	
81	-0.128174	81	-0.118652	
82	-0.129395	82	-0.119873	
83	-0.12793	83	-0.119385	
84	-0.127686	84	-0.118408	
85	-0.127441	85	-0.119873	
86	-0.127441	86	-0.119141	
87	-0.127441	87	-0.118652	
88	-0.127441	88	-0.118896	
89	-0.127441	89	-0.118652	
90	-0.126709	90	-0.117676	
91	-0.126953	91	-0.117676	
92	-0.126709	92	-0.118164	
93	-0.126465	93	-0.115723	
94	-0.126221	94	-0.117676	
95	-0.125732	95	-0.116699	
96	-0.125488	96	-0.114746	
97	-0.125488	97	-0.117676	
98	-0.125488	98	-0.114014	
99	-0.125488	99	-0.117187	
100	-0.125732	100	-0.113281	
101	-0.124268	101	-0.115967	
102	-0.124268	102	-0.112061	
103	-0.124756	103	-0.115723	
104	-0.123291	104	-0.112061	
105	-0.124268	105	-0.114258	
106	-0.123779	106	-0.111328	
107	-0.122559	107	-0.114014	
108	-0.122314	108	-0.111084	
109	-0.122803	109	-0.114014	
110	-0.123291	110	-0.109863	
111	-0.122559	111	-0.112305	
112	-0.121582	112	-0.111328	
113	-0.122559	113	-0.111084	
114	-0.121826	114	-0.111084	
115	-0.122314	115	-0.109863	
116	-0.121826	116	-0.110107	
117	-0.121338	117	-0.109619	
118	-0.121826	118	-0.109619	
119	-0.12085	119	-0.109131	
120	-0.120361	120	-0.108643	
121	-0.120605	121	-0.108398	
122	-0.120361	122	-0.106934	
123	-0.118896	123	-0.107666	
124	-0.119629	124	-0.107666	
125	-0.119873	125	-0.106445	
126	-0.118652	126	-0.106201	
127	-0.118164	127	-0.105469	
128	-0.118408	128	-0.106201	
129	-0.118164	129	-0.104248	
130	-0.117432	130	-0.105225	
131	-0.118164	131	-0.104248	
132	-0.116943	132	-0.103516	
133	-0.117187	133	-0.104004	
134	-0.116943	134	-0.102051	
135	-0.116211	135	-0.102783	
136	-0.116211	136	-0.102539	
137	-0.115723	137	-0.101318	
138	-0.115234	138	-0.101807	
139	-0.115723	139	-0.100342	
140	-0.115479	140	-0.101074	
141	-0.114746	141	-0.100586	
142	-0.11499	142	-0.0986328	
143	-0.114258	143	-0.0991211	
144	-0.113281	144	-0.098877	
145	-0.113525	145	-0.0993652	
146	-0.114014	146	-0.0974121	
147	-0.114258	147	-0.0976562	
148	-0.112305	148	-0.0964355	
149	-0.112061	149	-0.0961914	
150	-0.112793	150	-0.0969238	
151	-0.112061	151	-0.095459	
152	-0.111816	152	-0.0959473	
153	-0.111816	153	-0.0947266	
154	-0.111572	154	-0.0949707	
155	-0.111084	155	-0.0932617	
156	-0.11084	156	-0.0925293	
157	-0.110107	157	-0.0935059	
158	-0.109375	158	-0.090332	
159	-0.109131	159	-0.0927734	
160	-0.108887	160	-0.090332	
161	-0.109131	161	-0.0893555	
162	-0.108887	162	-0.0915527	
163	-0.108154	163	-0.0874023	
164	-0.108398	164	-0.0905762	
165	-0.107178	165	-0.0861816	
166	-0.107422	166	-0.088623	
167	-0.107422	167	-0.0871582	
168	-0.106689	168	-0.0849609	
169	-0.105713	169	-0.0864258	
170	-0.105713	170	-0.0844727	
171	-0.104736	171	-0.0834961	
172	-0.10498	172	-0.0834961	
173	-0.104492	173	-0.0820312	
174	-0.104004	174	-0.0825195	
175	-0.10376	175	-0.081543	
176	-0.104004	176	-0.079834	
177	-0.103027	177	-0.0805664	
178	-0.102295	178	-0.078125	
179	-0.101807	179	-0.0791016	
180	-0.102783	180	-0.0771484	
181	-0.102051	181	-0.0773926	
182	-0.101807	182	-0.0771484	
183	-0.101074	183	-0.0759277	
184	-0.101562	184	-0.0766602	
185	-0.101318	185	-0.0742187	
186	-0.100098	186	-0.0761719	
187	-0.100098	187	-0.0722656	
188	-0.100342	188	-0.0749512	
189	-0.0996094	189	-0.0722656	
190	-0.0993652	190	-0.0722656	
191	-0.0993652	191	-0.0720215	
192	-0.0981445	192	-0.0710449	
193	-0.098877	193	-0.0725098	
194	-0.0979004	194	-0.0703125	
195	-0.097168	195	-0.0712891	
196	-0.0983887	196	-0.0698242	
197	-0.0974121	197	-0.0698242	
198	-0.0979004	198	-0.0703125	
199	-0.0976562	199	-0.0683594	
200	-0.0969238	200	-0.0698242	
201	-0.0979004	201	-0.0686035	
202	-0.0964355	202	-0.0690918	
203	-0.0966797	203	-0.0688477	
204	-0.0969238	204	-0.0690918	
205	-0.097168	205	-0.0671387	
206	-0.0964355	206	-0.0698242	
207	-0.0969238	207	-0.0686035	
208	-0.0966797	208	-0.0703125	
209	-0.0969238	209	-0.0700684	
210	-0.0969238	210	-0.0703125	
211	-0.0974121	211	-0.0708008	
212	-0.0981445	212	-0.0705566	
213	-0.0976562	213	-0.0717773	
214	-0.0974121	214	-0.0717773	
215	-0.0981445	215	-0.0708008	
216	-0.0981445	216	-0.0734863	
217	-0.0983887	217	-0.0722656	
218	-0.0986328	218	-0.074707	
219	-0.0981445	219	-0.072998	
220	-0.098877	220	-0.0761719	
221	-0.098877	221	-0.0739746	
222	-0.0996094	222	-0.0773926	
223	-0.0993652	223	-0.0751953	
224	-0.100098	224	-0.0766602	
225	-0.0996094	225	-0.0773926	
226	-0.100098	226	-0.0766602	
227	-0.0996094	227	-0.0786133	
228	-0.0996094	228	-0.0761719	
229	-0.0998535	229	-0.0778809	
230	-0.100342	230	-0.0773926	
231	-0.100342	231	-0.0783691	
232	-0.100342	232	-0.0786133	
233	-0.100342	233	-0.0766602	
234	-0.10083	234	-0.0810547	
235	-0.101074	235	-0.0776367	
236	-0.101318	236	-0.0805664	
237	-0.101318	237	-0.0791016	
238	-0.102051	238	-0.0817871	
239	-0.101562	239	-0.0795898	
240	-0.101562	240	-0.0817871	
241	-0.102051	241	-0.0803223	
242	-0.102051	242	-0.0810547	
243	-0.101318	243	-0.0825195	
244	-0.103027	244	-0.0812988	
245	-0.102539	245	-0.0842285	
246	-0.102539	246	-0.0812988	
247	-0.102539	247	-0.0834961	
248	-0.103027	248	-0.0830078	
249	-0.103027	249	-0.0830078	
250	-0.103027	250	-0.0847168	
251	-0.102783	251	-0.083252	
252	-0.103516	252	-0.0859375	
253	-0.103027	253	-0.0827637	
254	-0.103516	254	-0.0856934	
255	-0.103516	255	-0.0844727	
256	-0.104492	256	-0.0856934	
257	-0.104248	257	-0.0856934	
258	-0.104004	258	-0.0854492	
259	-0.103516	259	-0.0859375	
260	-0.10376	260	-0.0854492	
261	-0.104492	261	-0.0881348	
262	-0.104492	262	-0.0859375	
263	-0.104736	263	-0.0883789	
264	-0.105469	264	-0.0869141	
265	-0.105225	265	-0.0888672	
266	-0.105225	266	-0.0893555	
267	-0.105957	267	-0.088623	
268	-0.105225	268	-0.0891113	
269	-0.105957	269	-0.0881348	
270	-0.106934	270	-0.0910645	
271	-0.107178	271	-0.0891113	
272	-0.106201	272	-0.0913086	
273	-0.105957	273	-0.0898437	
274	-0.106689	274	-0.0900879	
275	-0.107422	275	-0.092041	
276	-0.106934	276	-0.090332	
277	-0.106689	277	-0.092041	
278	-0.10791	278	-0.0910645	
279	-0.107666	279	-0.0917969	
280	-0.106201	280	-0.0925293	
281	-0.107666	281	-0.0910645	
282	-0.108154	282	-0.0947266	
283	-0.108154	283	-0.0917969	
284	-0.10791	284	-0.0944824	
285	-0.108398	285	-0.0925293	
286	-0.108154	286	-0.0930176	
287	-0.109131	287	-0.0947266	
288	-0.109131	288	-0.0932617	
289	-0.108643	289	-0.0957031	
290	-0.109131	290	-0.0939941	
291	-0.109619	291	-0.0959473	
292	-0.110107	292	-0.0964355	
293	-0.109131	293	-0.0952148	
294	-0.110596	294	-0.0966797	
295	-0.110107	295	-0.0949707	
296	-0.110596	296	-0.0976562	
297	-0.110352	297	-0.097168	
298	-0.110596	298	-0.0964355	
299	-0.109619	299	-0.0969238	
300	-0.109863	300	-0.0964355	
301	-0.110596	301	-0.0979004	
302	-0.110107	302	-0.0966797	
303	-0.11084	303	-0.0991211	
304	-0.11084	304	-0.0976562	
305	-0.111084	305	-0.100098	
306	-0.111328	306	-0.0981445	
307	-0.112305	307	-0.0993652	
308	-0.112549	308	-0.101074	
309	-0.111572	309	-0.0976562	
310	-0.112549	310	-0.101318	
311	-0.112549	311	-0.0993652	
312	-0.113281	312	-0.101318	
313	-0.113525	313	-0.102539	
314	-0.113281	314	-0.098877	
315	-0.113037	315	-0.103027	
316	-0.112793	316	-0.100342	
317	-0.113281	317	-0.10376	
318	-0.113525	318	-0.100586	
319	-0.113037	319	-0.103516	
320	-0.11377	320	-0.102783	
321	-0.11499	321	-0.101318	
322	-0.114258	322	-0.10498	
323	-0.11377	323	-0.102295	
324	-0.11499	324	-0.103516	
325	-0.114014	325	-0.106445	
326	-0.115234	326	-0.103271	
327	-0.115479	327	-0.105469	
328	-0.115479	328	-0.104248	
329	-0.115479	329	-0.105957	
330	-0.115967	330	-0.104492	
331	-0.115479	331	-0.106689	
332	-0.116943	332	-0.104736	
333	-0.116211	333	-0.107666	
334	-0.115723	334	-0.105469	
335	-0.116699	335	-0.107178	
336	-0.117187	336	-0.107666	
337	-0.117187	337	-0.105957	
338	-0.117432	338	-0.109619	
339	-0.117432	339	-0.106201	
340	-0.117432	340	-0.110596	
341	-0.118896	341	-0.10791	
342	-0.118164	342	-0.109375	
343	-0.119141	343	-0.109131	
344	-0.119385	344	-0.109863	
345	-0.118652	345	-0.110352	
346	-0.119385	346	-0.108887	
347	-0.119873	347	-0.111572	
348	-0.118652	348	-0.109619	
349	-0.120117	349	-0.111328	
350	-0.119629	350	-0.110596	
351	-0.116211	351	-0.111084	
352	-0.12207	352	-0.111572	
353	-0.12085	353	-0.109863	
354	-0.12085	354	-0.115234	
355	-0.12085	355	-0.108887	
356	-0.121582	356	-0.11499	
357	-0.12207	357	-0.110596	
358	-0.121582	358	-0.114258	
359	-0.121338	359	-0.112305	
360	-0.121826	360	-0.114258	
361	-0.122803	361	-0.113525	
362	-0.121582	362	-0.114258	
363	-0.122559	363	-0.114502	
364	-0.123047	364	-0.114258	
365	-0.123047	365	-0.115967	
366	-0.122803	366	-0.114502	
367	-0.123535	367	-0.115723	
368	-0.123291	368	-0.115967	
369	-0.124023	369	-0.115234	
370	-0.123535	370	-0.117432	
371	-0.124512	371	-0.114502	
372	-0.124756	372	-0.118408	
373	-0.124023	373	-0.116699	
374	-0.124512	374	-0.116943	
375	-0.123535	375	-0.116943	
376	-0.125244	376	-0.118164	
377	-0.126221	377	-0.11792	
378	-0.126465	378	-0.119141	
379	-0.125	379	-0.118164	
380	-0.125488	380	-0.118408	
381	-0.126221	381	-0.119385	
382	-0.126221	382	-0.118652	
383	-0.126465	383	-0.120117	
384	-0.126221	384	-0.120117	
385	-0.125977	385	-0.119141	
386	-0.127686	386	-0.121582	
387	-0.127197	387	-0.119873	
388	-0.127686	388	-0.121094	
389	-0.126953	389	-0.120605	
390	-0.128418	390	-0.12085	
391	-0.128174	391	-0.121094	
392	-0.128662	392	-0.122803	
393	-0.12793	393	-0.121094	
394	-0.128662	394	-0.123535	
395	-0.12915	395	-0.121582	
396	-0.129639	396	-0.122314	
397	-0.128906	397	-0.123291	
398	-0.12915	398	-0.121826	
399	-0.128906	399	-0.125488	
400	-0.12915	400	-0.12085	
401	-0.12915	401	-0.124268	
402	-0.129639	402	-0.122803	
403	-0.129639	403	-0.124268	
404	-0.130371	404	-0.123779	
405	-0.130127	405	-0.123047	
406	-0.130127	406	-0.125244	
407	-0.131348	407	-0.124268	
408	-0.131348	408	-0.125977	
409	-0.132568	409	-0.124268	
410	-0.130859	410	-0.126221	
411	-0.131592	411	-0.124756	
412	-0.131836	412	-0.125977	
413	-0.132324	413	-0.126221	
414	-0.132324	414	-0.125732	
415	-0.132568	415	-0.125977	
416	-0.132324	416	-0.125977	
417	-0.13208	417	-0.127197	
418	-0.132568	418	-0.126221	
419	-0.132568	419	-0.126709	
420	-0.132812	420	-0.126465	
421	-0.132812	421	-0.126953	
422	-0.133789	422	-0.127197	
423	-0.133301	423	-0.126953	
424	-0.133057	424	-0.128662	
425	-0.133301	425	-0.125732	
426	-0.133301	426	-0.128906	
427	-0.13501	427	-0.127686	
428	-0.134766	428	-0.127197	
429	-0.133789	429	-0.128906	
430	-0.133301	430	-0.126221	
431	-0.133789	431	-0.129395	
432	-0.134033	432	-0.126709	
433	-0.13501	433	-0.130127	
434	-0.134766	434	-0.126709	
435	-0.134277	435	-0.130371	
436	-0.133789	436	-0.126953	
437	-0.134766	437	-0.129395	
438	-0.134521	438	-0.128418	
439	-0.13501	439	-0.128418	
440	-0.134521	440	-0.130371	
441	-0.135742	441	-0.127686	
442	-0.135254	442	-0.129639	
443	-0.134766	443	-0.128418	
444	-0.134521	444	-0.130615	
445	-0.135254	445	-0.129639	
446	-0.135742	446	-0.129639	
447	-0.135742	447	-0.129639	
448	-0.135254	448	-0.12915	
449	-0.13501	449	-0.130615	
450	-0.135742	450	-0.127441	
451	-0.135254	451	-0.131348	
452	-0.135986	452	-0.128418	
453	-0.13623	453	-0.131104	
454	-0.135498	454	-0.128906	
455	-0.135742	455	-0.131348	
456	-0.135742	456	-0.130127	
457	-0.13623	457	-0.129395	
458	-0.136719	458	-0.131348	
459	-0.136475	459	-0.128662	
460	-0.13623	460	-0.131104	
461	-0.135254	461	-0.12915	
462	-0.13623	462	-0.130859	
463	-0.13623	463	-0.130615	
464	-0.13623	464	-0.129395	
465	-0.136963	465	-0.131104	
466	-0.135742	466	-0.130615	
467	-0.13623	467	-0.129883	
468	-0.13623	468	-0.130859	
469	-0.136475	469	-0.129883	
470	-0.136963	470	-0.130371	
471	-0.13623	471	-0.130127	
472	-0.13623	472	-0.130615	
473	-0.135742	473	-0.130615	
474	-0.13623	474	-0.130127	
475	-0.136719	475	-0.131348	
476	-0.137695	476	-0.128906	
477	-0.136475	477	-0.132324	
478	-0.135742	478	-0.12915	
479	-0.13623	479	-0.130371	
480	-0.136475	480	-0.131104	
481	-0.13623	481	-0.129639	
482	-0.13623	482	-0.131104	
483	-0.136719	483	-0.129883	
484	-0.136963	484	-0.130859	
485	-0.136719	485	-0.130127	
486	-0.13623	486	-0.130615	
487	-0.135986	487	-0.130859	
488	-0.13623	488	-0.131104	
489	-0.136963	489	-0.131104	
490	-0.13623	490	-0.129639	
491	-0.135986	491	-0.130615	
492	-0.136963	492	-0.130615	
493	-0.13623	493	-0.130615	
494	-0.137207	494	-0.129883	
495	-0.136719	495	-0.131104	
496	-0.13623	496	-0.128662	
497	-0.136475	497	-0.132568	
498	-0.137207	498	-0.128418	
499	-0.134521	499	-0.130859	
500	-0.135742	500	-0.12915	
501	-0.135742	501	-0.130371	
502	-0.13623	502	-0.129883	
503	-0.13623	503	-0.130371	
504	-0.135742	504	-0.129883	
505	-0.135742	505	-0.129395	
506	-0.13623	506	-0.131592	
507	-0.137451	507	-0.128418	
508	-0.137207	508	-0.132812	
509	-0.136475	509	-0.127686	
510	-0.135986	510	-0.131348	
511	-0.135986	511	-0.129639	
512	-0.135986	512	-0.129639	
513	-0.136963	513	-0.131104	
514	-0.136475	514	-0.129395	
515	-0.136475	515	-0.129883	
516	-0.135986	516	-0.129883	
517	-0.135498	517	-0.129395	
518	-0.135498	518	-0.130127	
519	-0.135986	519	-0.128906	
520	-0.135254	520	-0.129639	
521	-0.135742	521	-0.128906	
522	-0.13623	522	-0.128662	
523	-0.135742	523	-0.130371	
524	-0.135986	524	-0.127686	
525	-0.13501	525	-0.129883	
526	-0.135742	526	-0.12793	
527	-0.13501	527	-0.12915	
528	-0.134521	528	-0.128418	
529	-0.134766	529	-0.127686	
530	-0.13501	530	-0.12915	
531	-0.134521	531	-0.127686	
532	-0.134277	532	-0.128418	
533	-0.133789	533	-0.126953	
534	-0.13501	534	-0.128906	
535	-0.134033	535	-0.126709	
536	-0.13501	536	-0.128662	
537	-0.133301	537	-0.125977	
538	-0.133789	538	-0.128174	
539	-0.134277	539	-0.126953	
540	-0.133789	540	-0.126953	
541	-0.132812	541	-0.128174	
542	-0.133301	542	-0.125977	
543	-0.133789	543	-0.126465	
544	-0.134033	544	-0.126953	
545	-0.133545	545	-0.125732	
546	-0.132568	546	-0.125732	
547	-0.133057	547	-0.126465	
548	-0.133057	548	-0.126221	
549	-0.133789	549	-0.125488	
550	-0.132324	550	-0.126953	
551	-0.132324	551	-0.123535	
552	-0.132568	552	-0.126953	
553	-0.13208	553	-0.123779	
554	-0.132568	554	-0.126221	
555	-0.131104	555	-0.123291	
556	-0.132324	556	-0.124512	
557	-0.13208	557	-0.124756	
558	-0.131104	558	-0.123047	
559	-0.131592	559	-0.124512	
560	-0.130615	560	-0.123047	
561	-0.131104	561	-0.123779	
562	-0.130371	562	-0.123291	
563	-0.131104	563	-0.122803	
564	-0.130615	564	-0.123535	
565	-0.130371	565	-0.122314	
566	-0.129883	566	-0.122803	
567	-0.129395	567	-0.12207	
568	-0.129395	568	-0.122559	
569	-0.130127	569	-0.120605	
570	-0.128906	570	-0.122559	
571	-0.129639	571	-0.121338	
572	-0.12915	572	-0.122314	
573	-0.129883	573	-0.120605	
574	-0.12915	574	-0.12207	
575	-0.129639	575	-0.119873	
576	-0.128906	576	-0.122559	
577	-0.129395	577	-0.118896	
578	-0.128174	578	-0.120605	
579	-0.12915	579	-0.120361	
580	-0.128418	580	-0.119385	
581	-0.128174	581	-0.120605	
582	-0.12793	582	-0.118896	
583	-0.128418	583	-0.118652	
584	-0.127197	584	-0.119141	
585	-0.127441	585	-0.119141	
586	-0.127441	586	-0.118408	
587	-0.127197	587	-0.117187	
588	-0.126709	588	-0.119141	
589	-0.126709	589	-0.116455	
590	-0.126221	590	-0.118164	
591	-0.126465	591	-0.115723	
592	-0.125977	592	-0.118652	
593	-0.125244	593	-0.115479	
594	-0.125977	594	-0.117676	
595	-0.125977	595	-0.116943	
596	-0.125244	596	-0.114746	
597	-0.124756	597	-0.117187	
598	-0.124756	598	-0.113281	
599	-0.124268	599	-0.115967	
600	-0.123779	600	-0.114258	
601	-0.123535	601	-0.11377	
602	-0.123291	602	-0.114258	
603	-0.123779	603	-0.112549	
604	-0.122803	604	-0.114258	
605	-0.122803	605	-0.111328	
606	-0.123047	606	-0.112793	
607	-0.12207	607	-0.113037	
608	-0.123047	608	-0.111328	
609	-0.122314	609	-0.112549	
610	-0.121094	610	-0.110352	
611	-0.121582	611	-0.112061	
612	-0.121094	612	-0.110596	
613	-0.121826	613	-0.109619	
614	-0.121826	614	-0.11084	
615	-0.12085	615	-0.109375	
616	-0.120605	616	-0.109375	
617	-0.120605	617	-0.11084	
618	-0.120117	618	-0.107666	
619	-0.119873	619	-0.109619	
620	-0.120117	620	-0.107178	
621	-0.119873	621	-0.108643	
622	-0.119385	622	-0.107666	
623	-0.118652	623	-0.106934	
624	-0.118652	624	-0.107666	
625	-0.118652	625	-0.105469	
626	-0.117187	626	-0.105957	
627	-0.118164	627	-0.105469	
628	-0.118164	628	-0.105225	
629	-0.117432	629	-0.104736	
630	-0.116699	630	-0.103516	
631	-0.116699	631	-0.10498	
632	-0.116211	632	-0.102051	
633	-0.116455	633	-0.103271	
634	-0.116455	634	-0.102539	
635	-0.115967	635	-0.102051	
636	-0.114746	636	-0.101807	
637	-0.11499	637	-0.101562	
638	-0.115479	638	-0.101807	
639	-0.11499	639	-0.100342	
640	-0.114014	640	-0.100098	
641	-0.114502	641	-0.100342	
642	-0.114258	642	-0.0979004	
643	-0.114258	643	-0.100586	
644	-0.113281	644	-0.0976562	
645	-0.113281	645	-0.098877	
646	-0.114258	646	-0.0969238	
647	-0.113281	647	-0.0976562	
648	-0.112549	648	-0.0959473	
649	-0.112549	649	-0.0969238	
650	-0.111816	650	-0.0944824	
651	-0.112305	651	-0.0959473	
652	-0.111816	652	-0.0947266	
653	-0.111572	653	-0.0932617	
654	-0.110352	654	-0.0947266	
655	-0.110352	655	-0.0925293	
656	-0.110352	656	-0.0930176	
657	-0.109863	657	-0.0913086	
658	-0.109131	658	-0.0915527	
659	-0.109863	659	-0.0917969	
660	-0.109131	660	-0.090332	
661	-0.108154	661	-0.0898437	
662	-0.108398	662	-0.0888672	
663	-0.108398	663	-0.088623	
664	-0.108154	664	-0.0871582	
665	-0.107666	665	-0.0874023	
666	-0.106445	666	-0.0871582	
667	-0.106201	667	-0.0856934	
668	-0.106445	668	-0.0854492	
669	-0.105957	669	-0.0852051	
670	-0.105225	670	-0.0844727	
671	-0.105469	671	-0.0837402	
672	-0.104492	672	-0.0827637	
673	-0.104492	673	-0.0825195	
674	-0.104004	674	-0.0817871	
675	-0.10376	675	-0.0810547	
676	-0.103516	676	-0.0808105	
677	-0.103271	677	-0.0793457	
678	-0.102051	678	-0.0795898	
679	-0.102783	679	-0.0783691	
680	-0.102051	680	-0.0788574	
681	-0.101807	681	-0.0761719	
682	-0.101562	682	-0.0769043	
683	-0.10083	683	-0.0756836	
684	-0.100586	684	-0.0751953	
685	-0.100586	685	-0.0744629	
686	-0.101074	686	-0.0751953	
687	-0.098877	687	-0.0720215	
688	-0.0991211	688	-0.0742187	
689	-0.0996094	689	-0.0715332	
690	-0.0986328	690	-0.072998	
691	-0.0983887	691	-0.0717773	
692	-0.0979004	692	-0.0705566	
693	-0.0986328	693	-0.0715332	
694	-0.0979004	694	-0.0695801	
695	-0.0979004	695	-0.0712891	
696	-0.0981445	696	-0.0695801	
697	-0.0969238	697	-0.0705566	
698	-0.0976562	698	-0.0688477	
699	-0.0969238	699	-0.0695801	
700	-0.0966797	700	-0.0693359	
701	-0.0969238	701	-0.0688477	
702	-0.0966797	702	-0.0678711	
703	-0.0959473	703	-0.0683594	
704	-0.0966797	704	-0.0693359	
705	-0.0964355	705	-0.0693359	
706	-0.0966797	706	-0.0688477	
707	-0.0974121	707	-0.0698242	
708	-0.0969238	708	-0.0708008	
709	-0.0976562	709	-0.0698242	
710	-0.097168	710	-0.0722656	
711	-0.0981445	711	-0.0705566	
712	-0.0976562	712	-0.0710449	
713	-0.0974121	713	-0.0722656	
714	-0.0983887	714	-0.0705566	
715	-0.0976562	715	-0.0734863	
716	-0.0979004	716	-0.0715332	
717	-0.0976562	717	-0.0749512	
718	-0.0986328	718	-0.0720215	
719	-0.0983887	719	-0.0749512	
720	-0.0991211	720	-0.0744629	
721	-0.0996094	721	-0.0756836	
722	-0.0996094	722	-0.0754395	
723	-0.0986328	723	-0.0756836	
724	-0.0996094	724	-0.0761719	
725	-0.0998535	725	-0.0766602	
726	-0.0998535	726	-0.0766602	
727	-0.100098	727	-0.0766602	
728	-0.0998535	728	-0.0778809	
729	-0.0998535	729	-0.0766602	
730	-0.100098	730	-0.0778809	
731	-0.0998535	731	-0.0778809	
732	-0.100586	732	-0.0776367	
733	-0.100342	733	-0.0795898	
734	-0.100098	734	-0.0776367	
735	-0.10083	735	-0.079834	
736	-0.101074	736	-0.0788574	
737	-0.101074	737	-0.079834	
738	-0.101074	738	-0.0793457	
739	-0.101074	739	-0.0808105	
740	-0.10083	740	-0.0793457	
741	-0.10083	741	-0.081543	
742	-0.101562	742	-0.079834	
743	-0.102051	743	-0.0817871	
744	-0.101318	744	-0.0820312	
745	-0.102539	745	-0.0822754	
746	-0.101562	746	-0.0812988	
747	-0.102539	747	-0.0837402	
748	-0.102295	748	-0.0822754	
749	-0.103271	749	-0.0839844	
750	-0.102295	750	-0.0827637	
751	-0.102783	751	-0.0839844	
752	-0.103271	752	-0.0842285	
753	-0.103027	753	-0.0830078	
754	-0.102783	754	-0.0844727	
755	-0.103027	755	-0.0847168	
756	-0.10376	756	-0.0842285	
757	-0.103516	757	-0.0866699	
758	-0.10376	758	-0.0849609	
759	-0.104004	759	-0.0861816	
760	-0.103516	760	-0.0856934	
761	-0.104004	761	-0.0871582	
762	-0.104004	762	-0.0869141	
763	-0.105225	763	-0.0876465	
764	-0.104736	764	-0.0871582	
765	-0.10498	765	-0.0891113	
766	-0.104492	766	-0.0876465	
767	-0.105713	767	-0.0908203	
768	-0.105957	768	-0.0878906	
769	-0.105713	769	-0.0900879	
770	-0.106201	770	-0.0888672	
771	-0.105225	771	-0.0908203	
772	-0.105713	772	-0.0891113	
773	-0.106201	773	-0.0908203	
774	-0.105957	774	-0.0895996	
775	-0.106445	775	-0.0908203	
776	-0.106689	776	-0.0915527	
777	-0.107422	777	-0.090332	
778	-0.106689	778	-0.0925293	
779	-0.106934	779	-0.0905762	
780	-0.107178	780	-0.0930176	
781	-0.107666	781	-0.0913086	
782	-0.107178	782	-0.0927734	
783	-0.107178	783	-0.0932617	
784	-0.108154	784	-0.0925293	
785	-0.10791	785	-0.0939941	
786	-0.108398	786	-0.0925293	
787	-0.108398	787	-0.0952148	
788	-0.108398	788	-0.0935059	
789	-0.107666	789	-0.0947266	
790	-0.109375	790	-0.0939941	
791	-0.108398	791	-0.095459	
792	-0.108887	792	-0.0947266	
793	-0.109375	793	-0.0957031	
794	-0.110107	794	-0.095459	
795	-0.109619	795	-0.0961914	
796	-0.110596	796	-0.0966797	
797	-0.109375	797	-0.095459	
798	-0.110596	798	-0.0981445	
799	-0.110352	799	-0.0957031	
800	-0.110352	800	-0.0981445	
801	-0.11084	801	-0.0966797	
802	-0.110107	802	-0.0974121	
803	-0.110352	803	-0.0969238	
804	-0.110596	804	-0.0983887	
805	-0.111816	805	-0.0991211	
806	-0.11084	806	-0.0993652	
807	-0.112305	807	-0.098877	
808	-0.111816	808	-0.0993652	
809	-0.112793	809	-0.0996094	
810	-0.113037	810	-0.10083	
811	-0.112793	811	-0.0996094	
812	-0.112305	812	-0.100342	
813	-0.113037	813	-0.101562	
814	-0.113037	814	-0.10083	
815	-0.113525	815	-0.102051	
816	-0.11377	816	-0.101318	
817	-0.113281	817	-0.101807	
818	-0.114258	818	-0.102539	
819	-0.114014	819	-0.101562	
820	-0.11377	820	-0.103516	
821	-0.114502	821	-0.10083	
822	-0.114502	822	-0.104492	
823	-0.114502	823	-0.102783	
824	-0.115479	824	-0.104736	
825	-0.11499	825	-0.103027	
826	-0.115479	826	-0.104248	
827	-0.114746	827	-0.10498	
828	-0.115479	828	-0.104492	
829	-0.115967	829	-0.104248	
830	-0.115967	830	-0.106445	
831	-0.115723	831	-0.105225	
832	-0.116699	832	-0.106201	
833	-0.117432	833	-0.106689	
834	-0.116211	834	-0.105225	
835	-0.116699	835	-0.108154	
836	-0.117187	836	-0.106201	
837	-0.117187	837	-0.108398	
838	-0.118408	838	-0.107666	
839	-0.117187	839	-0.10791	
840	-0.117676	840	-0.107422	
841	-0.118408	841	-0.109131	
842	-0.117676	842	-0.108887	
843	-0.118896	843	-0.108643	
844	-0.119385	844	-0.109619	
845	-0.118408	845	-0.108398	
846	-0.119873	846	-0.111328	
847	-0.119385	847	-0.109863	
848	-0.119873	848	-0.111084	
849	-0.120117	849	-0.110352	
850	-0.120361	850	-0.11084	
851	-0.120361	851	-0.111328	
852	-0.120605	852	-0.11084	
853	-0.121094	853	-0.111816	
854	-0.120361	854	-0.113037	
855	-0.12085	855	-0.111328	
856	-0.121094	856	-0.113281	
857	-0.121582	857	-0.112549	
858	-0.121338	858	-0.112305	
859	-0.121582	859	-0.113525	
860	-0.121826	860	-0.112549	
861	-0.121582	861	-0.114014	
862	-0.122314	862	-0.114746	
863	-0.122803	863	-0.113037	
864	-0.122314	864	-0.115479	
865	-0.123047	865	-0.114014	
866	-0.122803	866	-0.114746	
867	-0.123779	867	-0.115967	
868	-0.123291	868	-0.11499	
869	-0.123535	869	-0.116211	
870	-0.124268	870	-0.114502	
871	-0.123779	871	-0.117432	
872	-0.124512	872	-0.116455	
873	-0.124268	873	-0.116455	
874	-0.124756	874	-0.118164	
875	-0.124756	875	-0.116211	
876	-0.125488	876	-0.117676	
877	-0.125732	877	-0.118164	
878	-0.125488	878	-0.11792	
879	-0.125488	879	-0.117676	
880	-0.125732	880	-0.119141	
881	-0.126465	881	-0.118652	
882	-0.127197	882	-0.119385	
883	-0.126465	883	-0.119873	
884	-0.126953	884	-0.118896	
885	-0.127197	885	-0.120361	
886	-0.127197	886	-0.119873	
887	-0.127441	887	-0.120361	
888	-0.127441	888	-0.121826	
889	-0.128174	889	-0.118896	
890	-0.12793	890	-0.123535	
891	-0.128662	891	-0.119141	
892	-0.128418	892	-0.122314	
893	-0.128662	893	-0.12207	
894	-0.128662	894	-0.12207	
895	-0.129639	895	-0.122803	
896	-0.128662	896	-0.121582	
897	-0.128906	897	-0.123535	
898	-0.129883	898	-0.123047	
899	-0.129395	899	-0.122559	
900	-0.129883	900	-0.123291	
901	-0.129883	901	-0.123047	
902	-0.129639	902	-0.123047	
903	-0.130615	903	-0.123779	
904	-0.129883	904	-0.124268	
905	-0.130859	905	-0.123291	
906	-0.130371	906	-0.125	
907	-0.131348	907	-0.124023	
908	-0.132568	908	-0.125488	
909	-0.131348	909	-0.125488	
910	-0.131836	910	-0.124268	
911	-0.13208	911	-0.126221	
912	-0.132812	912	-0.124268	
913	-0.132568	913	-0.126709	
914	-0.132568	914	-0.126465	
915	-0.131836	915	-0.125	
916	-0.132568	916	-0.12793	
917	-0.132812	917	-0.124268	
918	-0.132568	918	-0.12915	
919	-0.133301	919	-0.125	
920	-0.133301	920	-0.12793	
921	-0.132324	921	-0.125732	
922	-0.132812	922	-0.127197	
923	-0.133545	923	-0.127686	
924	-0.133545	924	-0.127441	
925	-0.132812	925	-0.128174	
926	-0.134277	926	-0.126465	
927	-0.134521	927	-0.129883	
928	-0.133789	928	-0.125977	
929	-0.13501	929	-0.130127	
930	-0.134277	930	-0.126709	
931	-0.134766	931	-0.128418	
932	-0.134277	932	-0.128906	
933	-0.134521	933	-0.127441	
934	-0.13501	934	-0.129883	
935	-0.134277	935	-0.12793	
936	-0.135254	936	-0.129883	
937	-0.134766	937	-0.12793	
938	-0.134766	938	-0.129639	
939	-0.135742	939	-0.12915	
940	-0.135986	940	-0.128906	
941	-0.135742	941	-0.128906	
942	-0.135742	942	-0.128662	
943	-0.135254	943	-0.130615	
944	-0.134766	944	-0.12793	
945	-0.135986	945	-0.131836	
946	-0.135742	946	-0.127441	
947	-0.13623	947	-0.130371	
948	-0.135742	948	-0.130615	
949	-0.136475	949	-0.127441	
950	-0.13623	950	-0.133057	
951	-0.135986	951	-0.126709	
952	-0.135742	952	-0.132568	
953	-0.135986	953	-0.128174	
954	-0.136475	954	-0.130859	
955	-0.136963	955	-0.130615	
956	-0.136963	956	-0.129639	
957	-0.136475	957	-0.130859	
958	-0.13623	958	-0.129883	
959	-0.136719	959	-0.130859	
960	-0.136963	960	-0.130371	
961	-0.136475	961	-0.130371	
962	-0.135986	962	-0.130615	
963	-0.136719	963	-0.129883	
964	-0.13623	964	-0.131592	
965	-0.137451	965	-0.12915	
966	-0.136475	966	-0.132812	
967	-0.136475	967	-0.127686	
968	-0.136719	968	-0.133545	
969	-0.136475	969	-0.128174	
970	-0.137207	970	-0.132568	
971	-0.136963	971	-0.129639	
972	-0.136719	972	-0.129883	
973	-0.136963	973	-0.132324	
974	-0.136719	974	-0.12915	
975	-0.137207	975	-0.13208	
976	-0.137207	976	-0.130127	
977	-0.136475	977	-0.130615	
978	-0.137695	978	-0.131104	
979	-0.137451	979	-0.131104	
980	-0.136963	980	-0.130127	
981	-0.137695	981	-0.131836	
982	-0.135742	982	-0.129639	
983	-0.13623	983	-0.131348	
984	-0.137695	984	-0.130615	
985	-0.137207	985	-0.131348	
986	-0.137451	986	-0.130127	
987	-0.136719	987	-0.132568	
988	-0.137695	988	-0.12915	
989	-0.136963	989	-0.132324	
990	-0.138184	990	-0.12915	
991	-0.136963	991	-0.132324	
992	-0.136475	992	-0.130859	
993	-0.137451	993	-0.129639	
994	-0.136963	994	-0.133057	
995	-0.136963	995	-0.129639	
996	-0.137451	996	-0.131836	
997	-0.137939	997	-0.130615	
998	-0.137451	998	-0.130371	
999	-0.136963	999	-0.13208	
1000	-0.136719	1000	-0.129395	
1001	-0.136475	1001	-0.131836	
1002	-0.137695	1002	-0.129639	
1003	-0.137207	1003	-0.13208	
1004	-0.135986	1004	-0.129639	
1005	-0.136475	1005	-0.131104	
1006	-0.136963	1006	-0.129883	
1007	-0.136719	1007	-0.131836	
1008	-0.13623	1008	-0.130615	
1009	-0.136475	1009	-0.129883	
1010	-0.137207	1010	-0.132812	
1011	-0.136963	1011	-0.128906	
1012	-0.13623	1012	-0.131592	
1013	-0.13623	1013	-0.130127	
1014	-0.136963	1014	-0.130371	
1015	-0.137207	1015	-0.130127	
1016	-0.137207	1016	-0.130127	
1017	-0.135986	1017	-0.12915	
1018	-0.136475	1018	-0.131348	
1019	-0.136475	1019	-0.128662	
1020	-0.136475	1020	-0.130859	
1021	-0.136963	1021	-0.128906	
1022	-0.136475	1022	-0.129639	
1023	-0.135986	1023	-0.129883	
1024	-0.135742	1024	-0.128906	
1025	-0.136963	1025	-0.130127	
1026	-0.135742	1026	-0.128174	
1027	-0.136475	1027	-0.129395	
1028	-0.136475	1028	-0.128906	
1029	-0.135498	1029	-0.128662	
1030	-0.135498	1030	-0.128662	
1031	-0.135986	1031	-0.12915	
1032	-0.135254	1032	-0.128174	
1033	-0.135498	1033	-0.128174	
1034	-0.135254	1034	-0.128174	
1035	-0.13501	1035	-0.127441	
1036	-0.134766	1036	-0.129639	
1037	-0.133789	1037	-0.125732	
1038	-0.134521	1038	-0.12915	
1039	-0.135254	1039	-0.126465	
1040	-0.135254	1040	-0.127441	
1041	-0.134033	1041	-0.127686	
1042	-0.133789	1042	-0.126465	
1043	-0.134521	1043	-0.12793	
1044	-0.134766	1044	-0.125977	
1045	-0.134766	1045	-0.127441	
1046	-0.134033	1046	-0.125	
1047	-0.134033	1047	-0.127686	
1048	-0.133545	1048	-0.125732	
1049	-0.133301	1049	-0.125732	
1050	-0.133057	1050	-0.125977	
1051	-0.133057	1051	-0.124512	
1052	-0.132568	1052	-0.125977	
1053	-0.133301	1053	-0.125732	
1054	-0.132812	1054	-0.124512	
1055	-0.131592	1055	-0.125488	
1056	-0.131836	1056	-0.124756	
1057	-0.133057	1057	-0.124268	
1058	-0.134766	1058	-0.127197	
1059	-0.132812	1059	-0.124512	
1060	-0.131104	1060	-0.12207	
1061	-0.131836	1061	-0.126709	
1062	-0.131836	1062	-0.121338	
1063	-0.131592	1063	-0.126709	
1064	-0.131104	1064	-0.121338	
1065	-0.131348	1065	-0.124268	
1066	-0.131348	1066	-0.122314	
1067	-0.130615	1067	-0.123779	
1068	-0.129883	1068	-0.122314	
1069	-0.130371	1069	-0.122803	
1070	-0.130859	1070	-0.122559	
1071	-0.130859	1071	-0.121826	
1072	-0.129883	1072	-0.122803	
1073	-0.129639	1073	-0.12085	
1074	-0.128906	1074	-0.12207	
1075	-0.129395	1075	-0.119873	
1076	-0.129883	1076	-0.12207	
1077	-0.128906	1077	-0.120117	
1078	-0.128906	1078	-0.121338	
1079	-0.128906	1079	-0.119385	
1080	-0.129639	1080	-0.12085	
1081	-0.128662	1081	-0.119873	
1082	-0.128906	1082	-0.119873	
1083	-0.128174	1083	-0.119873	
1084	-0.12793	1084	-0.118164	
1085	-0.127441	1085	-0.120117	
1086	-0.12793	1086	-0.118164	
1087	-0.127197	1087	-0.119873	
1088	-0.125977	1088	-0.116699	
1089	-0.126953	1089	-0.120117	
1090	-0.127441	1090	-0.117187	
1091	-0.127197	1091	-0.11792	
1092	-0.126709	1092	-0.118408	
1093	-0.125732	1093	-0.115479	
1094	-0.126221	1094	-0.117432	
1095	-0.125488	1095	-0.117187	
1096	-0.125244	1096	-0.115479	
1097	-0.125488	1097	-0.115967	
1098	-0.125244	1098	-0.11499	
1099	-0.125244	1099	-0.115234	
1100	-0.124756	1100	-0.114746	
1101	-0.124023	1101	-0.115234	
1102	-0.124268	1102	-0.113037	
1103	-0.124023	1103	-0.115479	
1104	-0.123535	1104	-0.11377	
1105	-0.123779	1105	-0.11377	
1106	-0.123291	1106	-0.113281	
1107	-0.123291	1107	-0.112793	
1108	-0.122803	1108	-0.112305	
1109	-0.123291	1109	-0.112549	
1110	-0.123047	1110	-0.112793	
1111	-0.123291	1111	-0.11084	
1112	-0.122803	1112	-0.112305	
1113	-0.122314	1113	-0.110596	
1114	-0.12207	1114	-0.110352	
1115	-0.122314	1115	-0.111084	
1116	-0.121094	1116	-0.108887	
1117	-0.121338	1117	-0.11084	
1118	-0.121582	1118	-0.108643	
1119	-0.121094	1119	-0.110352	
1120	-0.119873	1120	-0.108154	
1121	-0.120117	1121	-0.109131	
1122	-0.119385	1122	-0.107422	
1123	-0.119141	1123	-0.10791	
1124	-0.118896	1124	-0.106689	
1125	-0.118896	1125	-0.107666	
1126	-0.118896	1126	-0.105713	
1127	-0.119141	1127	-0.106689	
1128	-0.118164	1128	-0.105469	
1129	-0.118164	1129	-0.105713	
1130	-0.11792	1130	-0.104736	
1131	-0.117432	1131	-0.10498	
1132	-0.117432	1132	-0.104248	
1133	-0.116943	1133	-0.104248	
1134	-0.117187	1134	-0.102051	
1135	-0.116699	1135	-0.104004	
1136	-0.116455	1136	-0.101318	
1137	-0.115967	1137	-0.103027	
1138	-0.116211	1138	-0.102051	
1139	-0.115234	1139	-0.10083	
1140	-0.115234	1140	-0.102783	
1141	-0.114746	1141	-0.098877	
1142	-0.11499	1142	-0.101074	
1143	-0.114502	1143	-0.0981445	
1144	-0.11377	1144	-0.0998535	
1145	-0.114746	1145	-0.098877	
1146	-0.113281	1146	-0.0981445	
1147	-0.113281	1147	-0.0976562	
1148	-0.113037	1148	-0.0976562	
1149	-0.112549	1149	-0.0964355	
1150	-0.112061	1150	-0.0959473	
1151	-0.113037	1151	-0.0957031	
1152	-0.111816	1152	-0.095459	
1153	-0.111572	1153	-0.0949707	
1154	-0.110352	1154	-0.09375	
1155	-0.111572	1155	-0.09375	
1156	-0.110596	1156	-0.0927734	
1157	-0.109863	1157	-0.0930176	
1158	-0.109619	1158	-0.0913086	
1159	-0.108887	1159	-0.0927734	
1160	-0.109131	1160	-0.0900879	
1161	-0.108398	1161	-0.092041	
1162	-0.108398	1162	-0.088623	
1163	-0.108887	1163	-0.0910645	
1164	-0.10791	1164	-0.0876465	
1165	-0.107666	1165	-0.088623	
1166	-0.107178	1166	-0.0876465	
1167	-0.107178	1167	-0.0861816	
1168	-0.105957	1168	-0.0871582	
1169	-0.106445	1169	-0.0842285	
1170	-0.105957	1170	-0.0861816	
1171	-0.10498	1171	-0.0827637	
1172	-0.104736	1172	-0.0844727	
1173	-0.105713	1173	-0.0820312	
1174	-0.10498	1174	-0.0822754	
1175	-0.104248	1175	-0.0827637	
1176	-0.103516	1176	-0.0791016	
1177	-0.10376	1177	-0.0825195	
1178	-0.10376	1178	-0.0773926	
1179	-0.102539	1179	-0.0803223	
1180	-0.102783	1180	-0.0773926	
1181	-0.102783	1181	-0.0771484	
1182	-0.101562	1182	-0.078125	
1183	-0.101074	1183	-0.074707	
1184	-0.101562	1184	-0.0776367	
1185	-0.10083	1185	-0.0727539	
1186	-0.0998535	1186	-0.0754395	
1187	-0.0998535	1187	-0.0734863	
1188	-0.0998535	1188	-0.072998	
1189	-0.100098	1189	-0.072998	
1190	-0.098877	1190	-0.0720215	
1191	-0.098877	1191	-0.0717773	
1192	-0.098877	1192	-0.0705566	
1193	-0.0983887	1193	-0.0712891	
1194	-0.0991211	1194	-0.0700684	
1195	-0.0979004	1195	-0.0712891	
1196	-0.0974121	1196	-0.0698242	
1197	-0.0979004	1197	-0.0695801	
1198	-0.0976562	1198	-0.0708008	
1199	-0.0974121	1199	-0.067627	
1200	-0.0974121	1200	-0.0710449	
1201	-0.0969238	1201	-0.0678711	
1202	-0.0969238	1202	-0.0690918	
1203	-0.0974121	1203	-0.0686035	
1204	-0.0966797	1204	-0.0678711	
1205	-0.0961914	1205	-0.0681152	
1206	-0.0966797	1206	-0.0690918	
1207	-0.0966797	1207	-0.0700684	
1208	-0.0969238	1208	-0.0673828	
1209	-0.0969238	1209	-0.0727539	
1210	-0.0976562	1210	-0.0686035	
1211	-0.0976562	1211	-0.0725098	
1212	-0.0979004	1212	-0.0703125	
1213	-0.0979004	1213	-0.0720215	
1214	-0.0981445	1214	-0.0720215	
1215	-0.0981445	1215	-0.0717773	
1216	-0.0983887	1216	-0.0725098	
1217	-0.0983887	1217	-0.0725098	
1218	-0.098877	1218	-0.072998	
1219	-0.098877	1219	-0.0742187	
1220	-0.0986328	1220	-0.0732422	
1221	-0.0996094	1221	-0.0754395	
1222	-0.0991211	1222	-0.0751953	
1223	-0.098877	1223	-0.0756836	
1224	-0.0993652	1224	-0.076416	
1225	-0.100098	1225	-0.0756836	
1226	-0.0996094	1226	-0.0776367	
1227	-0.0998535	1227	-0.0761719	
1228	-0.10083	1228	-0.0783691	
1229	-0.100098	1229	-0.0766602	
1230	-0.100342	1230	-0.078125	
1231	-0.100586	1231	-0.0778809	
1232	-0.100098	1232	-0.0788574	
1233	-0.100342	1233	-0.0776367	
1234	-0.100586	1234	-0.0793457	
1235	-0.10083	1235	-0.0786133	
1236	-0.101074	1236	-0.079834	
1237	-0.10083	1237	-0.079834	
1238	-0.10083	1238	-0.0788574	
1239	-0.101562	1239	-0.0810547	
1240	-0.101074	1240	-0.0805664	
1241	-0.102051	1241	-0.0805664	
1242	-0.101562	1242	-0.0817871	
1243	-0.102051	1243	-0.0810547	
1244	-0.102295	1244	-0.0825195	
1245	-0.102539	1245	-0.0822754	
1246	-0.102783	1246	-0.083252	
1247	-0.102539	1247	-0.0825195	
1248	-0.102051	1248	-0.0827637	
1249	-0.102539	1249	-0.0837402	
1250	-0.103027	1250	-0.083252	
1251	-0.102539	1251	-0.0847168	
1252	-0.103271	1252	-0.0827637	
1253	-0.102295	1253	-0.0847168	
1254	-0.10376	1254	-0.0837402	
1255	-0.103516	1255	-0.0842285	
1256	-0.103516	1256	-0.0847168	
1257	-0.10376	1257	-0.0856934	
1258	-0.104004	1258	-0.0869141	
1259	-0.104492	1259	-0.0847168	
1260	-0.10498	1260	-0.0883789	
1261	-0.104736	1261	-0.0854492	
1262	-0.104736	1262	-0.088623	
1263	-0.105225	1263	-0.0871582	
1264	-0.105225	1264	-0.0874023	
1265	-0.105957	1265	-0.0893555	
1266	-0.105225	1266	-0.0876465	
1267	-0.106445	1267	-0.090332	
1268	-0.105713	1268	-0.0883789	
1269	-0.105957	1269	-0.0891113	
1270	-0.105957	1270	-0.0898437	
1271	-0.106689	1271	-0.0891113	
1272	-0.106445	1272	-0.0910645	
1273	-0.106934	1273	-0.0898437	
1274	-0.106689	1274	-0.0913086	
1275	-0.107178	1275	-0.0900879	
1276	-0.106934	1276	-0.0917969	
1277	-0.106934	1277	-0.0908203	
1278	-0.106689	1278	-0.0922852	
1279	-0.107666	1279	-0.0913086	
1280	-0.10791	1280	-0.0930176	
1281	-0.106689	1281	-0.0910645	
1282	-0.10791	1282	-0.0935059	
1283	-0.108154	1283	-0.0927734	
1284	-0.108154	1284	-0.0932617	
1285	-0.108154	1285	-0.0942383	
1286	-0.108154	1286	-0.0925293	
1287	-0.108887	1287	-0.095459	
1288	-0.109131	1288	-0.09375	
1289	-0.108154	1289	-0.095459	
1290	-0.108643	1290	-0.0932617	
1291	-0.109375	1291	-0.0966797	
1292	-0.109131	1292	-0.0944824	
1293	-0.109619	1293	-0.0952148	
1294	-0.109863	1294	-0.0974121	
1295	-0.110352	1295	-0.0939941	
1296	-0.110107	1296	-0.098877	
1297	-0.11084	1297	-0.0947266	
1298	-0.11084	1298	-0.0981445	
1299	-0.111084	1299	-0.0969238	
1300	-0.110596	1300	-0.0966797	
1301	-0.110596	1301	-0.0981445	
1302	-0.110107	1302	-0.0961914	
1303	-0.111084	1303	-0.098877	
1304	-0.111328	1304	-0.0983887	
1305	-0.111572	1305	-0.0981445	
1306	-0.11084	1306	-0.098877	
1307	-0.111572	1307	-0.0998535	
1308	-0.111816	1308	-0.098877	
1309	-0.111572	1309	-0.100342	
1310	-0.112061	1310	-0.0991211	
1311	-0.112305	1311	-0.101562	
1312	-0.112549	1312	-0.100342	
1313	-0.11377	1313	-0.101807	
1314	-0.113281	1314	-0.101318	
1315	-0.113281	1315	-0.100586	
1316	-0.11377	1316	-0.10376	
1317	-0.11377	1317	-0.101318	
1318	-0.114258	1318	-0.102295	
1319	-0.114258	1319	-0.102539	
1320	-0.114746	1320	-0.102539	
1321	-0.114502	1321	-0.103027	
1322	-0.114258	1322	-0.103271	
1323	-0.11499	1323	-0.104248	
1324	-0.114746	1324	-0.103271	
1325	-0.115479	1325	-0.10498	
1326	-0.11499	1326	-0.103271	
1327	-0.115234	1327	-0.104492	
1328	-0.11499	1328	-0.105225	
1329	-0.115723	1329	-0.105225	
1330	-0.117432	1330	-0.105713	
1331	-0.115479	1331	-0.106201	
1332	-0.116211	1332	-0.105225	
1333	-0.117187	1333	-0.106689	
1334	-0.116943	1334	-0.105957	
1335	-0.116211	1335	-0.105713	
1336	-0.118408	1336	-0.108398	
1337	-0.116699	1337	-0.104736	
1338	-0.117676	1338	-0.110352	
1339	-0.117676	1339	-0.104736	
1340	-0.117676	1340	-0.109375	
1341	-0.118164	1341	-0.108398	
1342	-0.117676	1342	-0.106689	
1343	-0.118896	1343	-0.111084	
1344	-0.119141	1344	-0.106445	
1345	-0.119141	1345	-0.112061	
1346	-0.118164	1346	-0.107178	
1347	-0.119873	1347	-0.112305	
1348	-0.120117	1348	-0.109619	
1349	-0.119629	1349	-0.11084	
1350	-0.120117	1350	-0.110352	
1351	-0.120117	1351	-0.111816	
1352	-0.121094	1352	-0.111328	
1353	-0.120361	1353	-0.110596	
1354	-0.120361	1354	-0.113525	
1355	-0.121094	1355	-0.111084	
1356	-0.121338	1356	-0.112305	
1357	-0.12085	1357	-0.112793	
1358	-0.121582	1358	-0.11377	
1359	-0.121582	1359	-0.113037	
1360	-0.121582	1360	-0.112793	
1361	-0.123291	1361	-0.114014	
1362	-0.122803	1362	-0.114746	
1363	-0.121826	1363	-0.113525	
1364	-0.122559	1364	-0.115234	
1365	-0.123535	1365	-0.11499	
1366	-0.123535	1366	-0.114258	
1367	-0.123779	1367	-0.116455	
1368	-0.123535	1368	-0.115234	
1369	-0.123047	1369	-0.116699	
1370	-0.124512	1370	-0.115234	
1371	-0.123535	1371	-0.116211	
1372	-0.124512	1372	-0.118164	
1373	-0.124756	1373	-0.115479	
1374	-0.124023	1374	-0.118652	
1375	-0.125244	1375	-0.116699	
1376	-0.124512	1376	-0.118896	
1377	-0.124756	1377	-0.116943	
1378	-0.125244	1378	-0.118652	
1379	-0.125	1379	-0.119141	
1380	-0.125488	1380	-0.11792	
1381	-0.126465	1381	-0.119873	
1382	-0.126221	1382	-0.119141	
1383	-0.126221	1383	-0.119873	
1384	-0.126465	1384	-0.119385	
1385	-0.127686	1385	-0.120117	
1386	-0.126953	1386	-0.120361	
1387	-0.126953	1387	-0.120605	
1388	-0.127197	1388	-0.121582	
1389	-0.126465	1389	-0.118896	
1390	-0.126953	1390	-0.123291	
1391	-0.12793	1391	-0.120117	
1392	-0.128662	1392	-0.121582	
1393	-0.127686	1393	-0.122314	
1394	-0.128418	1394	-0.121826	
1395	-0.128174	1395	-0.122559	
1396	-0.128906	1396	-0.121338	
1397	-0.12915	1397	-0.124268	
1398	-0.129639	1398	-0.121582	
1399	-0.12915	1399	-0.123291	
1400	-0.12915	1400	-0.123047	
1401	-0.129639	1401	-0.123535	
1402	-0.130127	1402	-0.123779	
1403	-0.130371	1403	-0.123535	
1404	-0.130371	1404	-0.124756	
1405	-0.130371	1405	-0.123291	
1406	-0.130127	1406	-0.124268	
1407	-0.131104	1407	-0.125488	
1408	-0.131348	1408	-0.123535	
1409	-0.131104	1409	-0.125488	
1410	-0.131348	1410	-0.125488	
1411	-0.132324	1411	-0.124512	
1412	-0.132324	1412	-0.127197	
1413	-0.132568	1413	-0.124023	
1414	-0.131104	1414	-0.127441	
1415	-0.131836	1415	-0.125732	
1416	-0.132568	1416	-0.125488	
1417	-0.133301	1417	-0.128174	
1418	-0.133301	1418	-0.124756	
1419	-0.131836	1419	-0.128174	
1420	-0.133301	1420	-0.125732	
1421	-0.132812	1421	-0.126709	
1422	-0.133057	1422	-0.12793	
1423	-0.133789	1423	-0.126221	
1424	-0.133545	1424	-0.12793	
1425	-0.132568	1425	-0.127441	
1426	-0.133301	1426	-0.126953	
1427	-0.133789	1427	-0.128906	
1428	-0.133789	1428	-0.127197	
1429	-0.134277	1429	-0.128418	
1430	-0.134033	1430	-0.127441	
1431	-0.134277	1431	-0.127441	
1432	-0.134277	1432	-0.12915	
1433	-0.134033	1433	-0.127686	
1434	-0.135254	1434	-0.12915	
1435	-0.134277	1435	-0.128174	
1436	-0.134766	1436	-0.12915	
1437	-0.134033	1437	-0.128418	
1438	-0.13501	1438	-0.128174	
1439	-0.134766	1439	-0.12915	
1440	-0.13501	1440	-0.12915	
1441	-0.13501	1441	-0.12915	
1442	-0.13501	1442	-0.12915	
1443	-0.13501	1443	-0.130615	
1444	-0.134033	1444	-0.128662	
1445	-0.13623	1445	-0.129883	
1446	-0.135254	1446	-0.129395	
1447	-0.134766	1447	-0.128662	
1448	-0.135498	1448	-0.130371	
1449	-0.135498	1449	-0.128418	
1450	-0.135254	1450	-0.129883	
1451	-0.13623	1451	-0.129639	
1452	-0.135742	1452	-0.129395	
1453	-0.135498	1453	-0.131104	
1454	-0.136719	1454	-0.128906	
1455	-0.135498	1455	-0.131348	
1456	-0.13501	1456	-0.12915	
1457	-0.135498	1457	-0.131348	
1458	-0.13623	1458	-0.129639	
1459	-0.136963	1459	-0.131348	
1460	-0.136475	1460	-0.130127	
1461	-0.13623	1461	-0.129639	
1462	-0.135986	1462	-0.131348	
1463	-0.136963	1463	-0.12915	
1464	-0.136719	1464	-0.132568	
1465	-0.13623	1465	-0.128418	
1466	-0.13623	1466	-0.132324	
1467	-0.13623	1467	-0.128906	
1468	-0.13623	1468	-0.131348	
1469	-0.136475	1469	-0.130615	
1470	-0.137695	1470	-0.130859	
1471	-0.136719	1471	-0.130615	
1472	-0.136719	1472	-0.130615	
1473	-0.136963	1473	-0.130859	
1474	-0.13623	1474	-0.12915	
1475	-0.135986	1475	-0.131348	
1476	-0.13623	1476	-0.130371	
1477	-0.137207	1477	-0.130127	
1478	-0.135986	1478	-0.130371	
1479	-0.136475	1479	-0.129639	
1480	-0.136719	1480	-0.131348	
1481	-0.137207	1481	-0.129639	
1482	-0.136475	1482	-0.130859	
1483	-0.137451	1483	-0.129883	
1484	-0.136719	1484	-0.131104	
1485	-0.13623	1485	-0.129883	
1486	-0.136475	1486	-0.130371	
1487	-0.136475	1487	-0.129395	
1488	-0.136719	1488	-0.131592	
1489	-0.136963	1489	-0.129395	
1490	-0.13623	1490	-0.131348	
1491	-0.13623	1491	-0.12915	
1492	-0.136719	1492	-0.130859	
1493	-0.136475	1493	-0.129639	
1494	-0.136963	1494	-0.131348	
1495	-0.135986	1495	-0.129395	
1496	-0.137207	1496	-0.131592	
1497	-0.13623	1497	-0.130615	
1498	-0.136963	1498	-0.129395	
1499	-0.13623	1499	-0.131348	
1500	-0.136719	1500	-0.129883	
1501	-0.136963	1501	-0.130615	
1502	-0.135986	1502	-0.129639	
1503	-0.136475	1503	-0.131104	
1504	-0.13623	1504	-0.12915	
1505	-0.136963	1505	-0.131104	
1506	-0.136475	1506	-0.129395	
1507	-0.137695	1507	-0.130371	
1508	-0.13623	1508	-0.130371	
1509	-0.13623	1509	-0.129395	
1510	-0.135986	1510	-0.131836	
1511	-0.137451	1511	-0.129395	
1512	-0.13623	1512	-0.130371	
1513	-0.136475	1513	-0.130371	
1514	-0.135498	1514	-0.128906	
1515	-0.137207	1515	-0.131348	
1516	-0.135986	1516	-0.127197	
1517	-0.13623	1517	-0.132324	
1518	-0.136963	1518	-0.128174	
1519	-0.13623	1519	-0.130859	
1520	-0.13623	1520	-0.128906	
1521	-0.135986	1521	-0.129639	
1522	-0.135498	1522	-0.129639	
1523	-0.135498	1523	-0.12793	
1524	-0.136719	1524	-0.130371	
1525	-0.135254	1525	-0.128418	
1526	-0.135742	1526	-0.129639	
1527	-0.135254	1527	-0.128174	
1528	-0.135498	1528	-0.128662	
1529	-0.133789	1529	-0.127686	
1530	-0.13501	1530	-0.128418	
1531	-0.13501	1531	-0.128906	
1532	-0.135254	1532	-0.128418	
1533	-0.13501	1533	-0.126953	
1534	-0.134766	1534	-0.128906	
1535	-0.133545	1535	-0.127197	
1536	-0.134766	1536	-0.128906	
1537	-0.13501	1537	-0.125977	
1538	-0.134521	1538	-0.128906	
1539	-0.134033	1539	-0.125732	
1540	-0.134033	1540	-0.128174	
1541	-0.133789	1541	-0.127197	
1542	-0.133301	1542	-0.126221	
1543	-0.134033	1543	-0.127686	
1544	-0.133789	1544	-0.125732	
1545	-0.133301	1545	-0.126709	
1546	-0.132568	1546	-0.126709	
1547	-0.132568	1547	-0.124756	
1548	-0.133057	1548	-0.126953	
1549	-0.133301	1549	-0.124756	
1550	-0.132568	1550	-0.126465	
1551	-0.13208	1551	-0.124756	
1552	-0.13208	1552	-0.124756	
1553	-0.132812	1553	-0.126465	
1554	-0.13208	1554	-0.123291	
1555	-0.132812	1555	-0.126953	
1556	-0.132324	1556	-0.12207	
1557	-0.132324	1557	-0.127197	
1558	-0.131104	1558	-0.121582	
1559	-0.130615	1559	-0.126221	
1560	-0.131592	1560	-0.12207	
1561	-0.131348	1561	-0.124756	
1562	-0.130859	1562	-0.123535	
1563	-0.131592	1563	-0.123535	
1564	-0.130615	1564	-0.124023	
1565	-0.130127	1565	-0.121582	
1566	-0.131104	1566	-0.123779	
1567	-0.130615	1567	-0.122314	
1568	-0.130127	1568	-0.123291	
1569	-0.129639	1569	-0.121826	
1570	-0.130127	1570	-0.121338	
1571	-0.130127	1571	-0.123047	
1572	-0.129639	1572	-0.119873	
1573	-0.12915	1573	-0.124023	
1574	-0.12915	1574	-0.118652	
1575	-0.12915	1575	-0.122559	
1576	-0.128418	1576	-0.120361	
1577	-0.128662	1577	-0.121338	
1578	-0.128662	1578	-0.120117	
1579	-0.128418	1579	-0.119385	
1580	-0.12793	1580	-0.12085	
1581	-0.12793	1581	-0.118164	
1582	-0.127197	1582	-0.120605	
1583	-0.127197	1583	-0.11792	
1584	-0.127197	1584	-0.119141	
1585	-0.127197	1585	-0.118896	
1586	-0.126953	1586	-0.117432	
1587	-0.126709	1587	-0.119141	
1588	-0.127686	1588	-0.116699	
1589	-0.126221	1589	-0.118652	
1590	-0.126221	1590	-0.117676	
1591	-0.126221	1591	-0.116699	
1592	-0.125977	1592	-0.118164	
1593	-0.125488	1593	-0.116211	
1594	-0.125732	1594	-0.117432	
1595	-0.125488	1595	-0.115723	
1596	-0.124756	1596	-0.116455	
1597	-0.125244	1597	-0.115723	
1598	-0.124512	1598	-0.114258	
1599	-0.124023	1599	-0.116211	
1600	-0.123535	1600	-0.114258	
1601	-0.124512	1601	-0.114014	
1602	-0.123291	1602	-0.113525	
1603	-0.123779	1603	-0.113281	
1604	-0.123535	1604	-0.114014	
1605	-0.123047	1605	-0.112549	
1606	-0.123047	1606	-0.112549	
1607	-0.123535	1607	-0.113281	
1608	-0.122803	1608	-0.111328	
1609	-0.12207	1609	-0.112793	
1610	-0.122314	1610	-0.110596	
1611	-0.12207	1611	-0.112305	
1612	-0.121826	1612	-0.110596	
1613	-0.12207	1613	-0.111084	
1614	-0.121338	1614	-0.111816	
1615	-0.12085	1615	-0.108154	
1616	-0.120605	1616	-0.111572	
1617	-0.120605	1617	-0.108154	
1618	-0.121582	1618	-0.11084	
1619	-0.119629	1619	-0.107178	
1620	-0.119385	1620	-0.108398	
1621	-0.119385	1621	-0.109619	
1622	-0.119873	1622	-0.105225	
1623	-0.118896	1623	-0.109131	
1624	-0.119141	1624	-0.106201	
1625	-0.119873	1625	-0.106201	
1626	-0.118408	1626	-0.106201	
1627	-0.117676	1627	-0.105225	
1628	-0.118408	1628	-0.106689	
1629	-0.117676	1629	-0.103271	
1630	-0.116699	1630	-0.105225	
1631	-0.116699	1631	-0.10376	
1632	-0.117187	1632	-0.104004	
1633	-0.116211	1633	-0.103027	
1634	-0.117187	1634	-0.103516	
1635	-0.115967	1635	-0.102295	
1636	-0.115967	1636	-0.102295	
1637	-0.115723	1637	-0.10083	
1638	-0.115479	1638	-0.102051	
1639	-0.115234	1639	-0.100342	
1640	-0.115479	1640	-0.101074	
1641	-0.114502	1641	-0.0996094	
1642	-0.114502	1642	-0.100098	
1643	-0.114502	1643	-0.0976562	
1644	-0.113525	1644	-0.0998535	
1645	-0.113037	1645	-0.0966797	
1646	-0.113037	1646	-0.0979004	
1647	-0.113281	1647	-0.0976562	
1648	-0.111816	1648	-0.0961914	
1649	-0.111816	1649	-0.0961914	
1650	-0.112061	1650	-0.0949707	
1651	-0.111328	1651	-0.0959473	
1652	-0.111328	1652	-0.0939941	
1653	-0.110596	1653	-0.0935059	
1654	-0.110596	1654	-0.0942383	
1655	-0.11084	1655	-0.0927734	
1656	-0.110107	1656	-0.0935059	
1657	-0.109863	1657	-0.0915527	
1658	-0.110107	1658	-0.0925293	
1659	-0.108887	1659	-0.0898437	
1660	-0.108887	1660	-0.0913086	
1661	-0.108154	1661	-0.0891113	
1662	-0.108154	1662	-0.0900879	
1663	-0.108154	1663	-0.088623	
1664	-0.108887	1664	-0.0878906	
1665	-0.107422	1665	-0.0874023	
1666	-0.106201	1666	-0.0869141	
1667	-0.106445	1667	-0.0856934	
1668	-0.106689	1668	-0.0866699	
1669	-0.105957	1669	-0.0844727	
1670	-0.105469	1670	-0.0837402	
1671	-0.105225	1671	-0.0849609	
1672	-0.105469	1672	-0.0822754	
1673	-0.104736	1673	-0.0830078	
1674	-0.10498	1674	-0.0808105	
1675	-0.104004	1675	-0.0812988	
1676	-0.103271	1676	-0.0795898	
1677	-0.103516	1677	-0.0808105	
1678	-0.102295	1678	-0.0783691	
1679	-0.102295	1679	-0.0786133	
1680	-0.101807	1680	-0.0776367	
1681	-0.101318	1681	-0.0761719	
1682	-0.101318	1682	-0.0773926	
1683	-0.101318	1683	-0.074707	
1684	-0.0996094	1684	-0.0766602	
1685	-0.0998535	1685	-0.0737305	
1686	-0.10083	1686	-0.074707	
1687	-0.0996094	1687	-0.0732422	
1688	-0.0996094	1688	-0.072998	
1689	-0.0993652	1689	-0.072998	
1690	-0.0991211	1690	-0.0708008	
1691	-0.098877	1691	-0.0737305	
1692	-0.0986328	1692	-0.0686035	
1693	-0.0979004	1693	-0.0725098	
1694	-0.0986328	1694	-0.0698242	
1695	-0.0983887	1695	-0.0703125	
1696	-0.097168	1696	-0.0703125	
1697	-0.0976562	1697	-0.0693359	
1698	-0.0976562	1698	-0.0712891	
1699	-0.0969238	1699	-0.0681152	
1700	-0.0964355	1700	-0.0695801	
1701	-0.0966797	1701	-0.0683594	
1702	-0.0964355	1702	-0.0690918	
1703	-0.0969238	1703	-0.0683594	
1704	-0.095459	1704	-0.0690918	
1705	-0.0966797	1705	-0.0695801	
1706	-0.0974121	1706	-0.0683594	
1707	-0.0974121	1707	-0.0705566	
1708	-0.0974121	1708	-0.0700684	
1709	-0.097168	1709	-0.0703125	
1710	-0.0979004	1710	-0.0717773	
1711	-0.097168	1711	-0.0703125	
1712	-0.0983887	1712	-0.0727539	
1713	-0.0981445	1713	-0.0695801	
1714	-0.0976562	1714	-0.0742187	
1715	-0.0976562	1715	-0.0695801	
1716	-0.098877	1716	-0.0744629	
1717	-0.0983887	1717	-0.0717773	
1718	-0.0981445	1718	-0.0727539	
1719	-0.0981445	1719	-0.076416	
1720	-0.0991211	1720	-0.0710449	
1721	-0.0991211	1721	-0.0786133	
1722	-0.0996094	1722	-0.0727539	
1723	-0.098877	1723	-0.0783691	
1724	-0.0998535	1724	-0.0744629	
1725	-0.100342	1725	-0.0773926	
1726	-0.0996094	1726	-0.0771484	
1727	-0.100098	1727	-0.0751953	
1728	-0.0993652	1728	-0.0791016	
1729	-0.0993652	1729	-0.074707	
1730	-0.100098	1730	-0.0795898	
1731	-0.100342	1731	-0.0771484	
1732	-0.100098	1732	-0.0788574	
1733	-0.100342	1733	-0.0793457	
1734	-0.10083	1734	-0.0776367	
1735	-0.10083	1735	-0.079834	
1736	-0.10083	1736	-0.0786133	
1737	-0.101318	1737	-0.0808105	
1738	-0.10083	1738	-0.0786133	
1739	-0.101074	1739	-0.0808105	
1740	-0.101318	1740	-0.0800781	
1741	-0.101562	1741	-0.0810547	
1742	-0.102051	1742	-0.0812988	
1743	-0.101562	1743	-0.0805664	
1744	-0.101807	1744	-0.083252	
1745	-0.101807	1745	-0.081543	
1746	-0.102783	1746	-0.0822754	
1747	-0.102051	1747	-0.0837402	
1748	-0.102051	1748	-0.081543	
1749	-0.102783	1749	-0.0852051	
1750	-0.103027	1750	-0.0817871	
1751	-0.102539	1751	-0.0842285	
1752	-0.102783	1752	-0.083252	
1753	-0.103271	1753	-0.0849609	
1754	-0.103271	1754	-0.0842285	
1755	-0.103516	1755	-0.0817871	
1756	-0.102051	1756	-0.0888672	
1757	-0.103516	1757	-0.0812988	
1758	-0.103516	1758	-0.0888672	
1759	-0.104004	1759	-0.0847168	
1760	-0.10376	1760	-0.0864258	
1761	-0.103516	1761	-0.0876465	
1762	-0.10498	1762	-0.0856934	
1763	-0.104248	1763	-0.0891113	
1764	-0.10376	1764	-0.0861816	
1765	-0.104248	1765	-0.0891113	
1766	-0.104736	1766	-0.0874023	
1767	-0.105225	1767	-0.0881348	
1768	-0.105713	1768	-0.0900879	
1769	-0.105225	1769	-0.088623	
1770	-0.105469	1770	-0.0900879	
1771	-0.106201	1771	-0.0891113	
1772	-0.106689	1772	-0.0913086	
1773	-0.106445	1773	-0.0898437	
1774	-0.106934	1774	-0.090332	
1775	-0.106689	1775	-0.0913086	
1776	-0.107178	1776	-0.0910645	
1777	-0.106934	1777	-0.0917969	
1778	-0.106934	1778	-0.0900879	
1779	-0.107178	1779	-0.0927734	
1780	-0.106934	1780	-0.0900879	
1781	-0.107422	1781	-0.0942383	
1782	-0.107422	1782	-0.0915527	
1783	-0.107422	1783	-0.0935059	
1784	-0.10791	1784	-0.0925293	
1785	-0.10791	1785	-0.0927734	
1786	-0.107666	1786	-0.0939941	
1787	-0.108398	1787	-0.0935059	
1788	-0.108643	1788	-0.0932617	
1789	-0.108643	1789	-0.0949707	
1790	-0.108154	1790	-0.0939941	
1791	-0.109619	1791	-0.095459	
1792	-0.109131	1792	-0.0952148	
1793	-0.109619	1793	-0.0947266	
1794	-0.109863	1794	-0.0959473	
1795	-0.108643	1795	-0.0947266	
1796	-0.110352	1796	-0.0964355	
1797	-0.110596	1797	-0.0964355	
1798	-0.110107	1798	-0.0961914	
1799	-0.109863	1799	-0.0976562	
1800	-0.110596	1800	-0.095459	
1801	-0.110596	1801	-0.0979004	
1802	-0.110352	1802	-0.0964355	
1803	-0.110352	1803	-0.0983887	
1804	-0.111816	1804	-0.0996094	
1805	-0.111572	1805	-0.0974121	
1806	-0.111084	1806	-0.100342	
1807	-0.112061	1807	-0.0981445	
1808	-0.112061	1808	-0.100586	
1809	-0.112549	1809	-0.0993652	
1810	-0.112549	1810	-0.100586	
1811	-0.113281	1811	-0.0998535	
1812	-0.112549	1812	-0.100098	
1813	-0.113525	1813	-0.102295	
1814	-0.112793	1814	-0.100342	
1815	-0.112305	1815	-0.101807	
1816	-0.113281	1816	-0.101074	
1817	-0.11377	1817	-0.101807	
1818	-0.114014	1818	-0.101807	
1819	-0.114258	1819	-0.102295	
1820	-0.114258	1820	-0.101807	
1821	-0.114258	1821	-0.103516	
1822	-0.115234	1822	-0.102295	
1823	-0.115479	1823	-0.104492	
1824	-0.115234	1824	-0.103027	
1825	-0.115234	1825	-0.104736	
1826	-0.115723	1826	-0.102051	
1827	-0.115479	1827	-0.105225	
1828	-0.115479	1828	-0.104492	
1829	-0.115234	1829	-0.10376	
1830	-0.116455	1830	-0.107422	
1831	-0.115723	1831	-0.103271	
1832	-0.117187	1832	-0.107666	
1833	-0.116943	1833	-0.105469	
1834	-0.116455	1834	-0.105957	
1835	-0.117187	1835	-0.106689	
1836	-0.117187	1836	-0.106689	
1837	-0.116699	1837	-0.107178	
1838	-0.116943	1838	-0.10791	
1839	-0.118164	1839	-0.107422	
1840	-0.11792	1840	-0.107666	
1841	-0.11792	1841	-0.109131	
1842	-0.118164	1842	-0.108154	
1843	-0.118896	1843	-0.108887	
1844	-0.118408	1844	-0.109863	
1845	-0.119141	1845	-0.107422	
1846	-0.118896	1846	-0.112305	
1847	-0.119385	1847	-0.108154	
1848	-0.120117	1848	-0.112305	
1849	-0.119141	1849	-0.108887	
1850	-0.120605	1850	-0.111572	
1851	-0.120605	1851	-0.111816	
1852	-0.120361	1852	-0.110596	
1853	-0.119629	1853	-0.111816	
1854	-0.12085	1854	-0.112061	
1855	-0.120361	1855	-0.111572	
1856	-0.122314	1856	-0.112305	
1857	-0.121094	1857	-0.113037	
1858	-0.121338	1858	-0.112305	
1859	-0.121338	1859	-0.113525	
1860	-0.122559	1860	-0.113037	
1861	-0.122559	1861	-0.113281	
1862	-0.122803	1862	-0.114502	
1863	-0.121826	1863	-0.112061	
1864	-0.123047	1864	-0.116455	
1865	-0.123535	1865	-0.113281	
1866	-0.122559	1866	-0.115967	
1867	-0.123779	1867	-0.115479	
1868	-0.123291	1868	-0.115479	
1869	-0.124023	1869	-0.116211	
1870	-0.123535	1870	-0.115967	
1871	-0.124512	1871	-0.115723	
1872	-0.124023	1872	-0.117676	
1873	-0.125244	1873	-0.115967	
1874	-0.125244	1874	-0.117676	
1875	-0.125244	1875	-0.117676	
1876	-0.125	1876	-0.117432	
1877	-0.125977	1877	-0.119141	
1878	-0.125977	1878	-0.11792	
1879	-0.125977	1879	-0.119141	
1880	-0.126221	1880	-0.118896	
1881	-0.126221	1881	-0.118652	
1882	-0.126221	1882	-0.119629	
1883	-0.127197	1883	-0.119385	
1884	-0.126709	1884	-0.119873	
1885	-0.126709	1885	-0.119385	
1886	-0.126953	1886	-0.121094	
1887	-0.126953	1887	-0.119873	
1888	-0.128418	1888	-0.122559	
1889	-0.127197	1889	-0.119141	
1890	-0.128418	1890	-0.122559	
1891	-0.127441	1891	-0.12085	
1892	-0.128418	1892	-0.12085	
1893	-0.128662	1893	-0.122803	
1894	-0.12915	1894	-0.120605	
1895	-0.12915	1895	-0.124512	
1896	-0.129395	1896	-0.121582	
1897	-0.12915	1897	-0.123779	
1898	-0.130371	1898	-0.123779	
1899	-0.129883	1899	-0.122803	
1900	-0.130859	1900	-0.123291	
1901	-0.129639	1901	-0.124512	
1902	-0.130859	1902	-0.122314	
1903	-0.130371	1903	-0.125488	
1904	-0.130371	1904	-0.123047	
1905	-0.130371	1905	-0.125244	
1906	-0.130615	1906	-0.123535	
1907	-0.131104	1907	-0.124512	
1908	-0.131104	1908	-0.125244	
1909	-0.131592	1909	-0.124023	
1910	-0.130615	1910	-0.125977	
1911	-0.131104	1911	-0.124512	
1912	-0.131836	1912	-0.125977	
1913	-0.13208	1913	-0.125732	
1914	-0.131836	1914	-0.125732	
1915	-0.131348	1915	-0.125244	
1916	-0.131836	1916	-0.127441	
1917	-0.132812	1917	-0.125244	
1918	-0.132568	1918	-0.126709	
1919	-0.132812	1919	-0.127441	
1920	-0.132812	1920	-0.126221	
1921	-0.133789	1921	-0.128418	
1922	-0.133057	1922	-0.127197	
1923	-0.133057	1923	-0.128174	
1924	-0.134033	1924	-0.128906	
1925	-0.134766	1925	-0.126953	
1926	-0.13501	1926	-0.128906	
1927	-0.134277	1927	-0.127686	
1928	-0.133545	1928	-0.127686	
1929	-0.134521	1929	-0.129639	
1930	-0.13501	1930	-0.127197	
1931	-0.134766	1931	-0.130127	
1932	-0.134277	1932	-0.128418	
1933	-0.134521	1933	-0.128418	
1934	-0.13501	1934	-0.130371	
1935	-0.13501	1935	-0.127441	
1936	-0.134766	1936	-0.130371	
1937	-0.135254	1937	-0.128418	
1938	-0.135986	1938	-0.129883	
1939	-0.13501	1939	-0.128418	
1940	-0.135254	1940	-0.128906	
1941	-0.135254	1941	-0.129395	
1942	-0.135986	1942	-0.12915	
1943	-0.135986	1943	-0.12915	
1944	-0.135742	1944	-0.128662	
1945	-0.13623	1945	-0.130127	
1946	-0.136475	1946	-0.129639	
1947	-0.136963	1947	-0.12915	
1948	-0.135498	1948	-0.130371	
1949	-0.13623	1949	-0.128418	
1950	-0.136719	1950	-0.131104	
1951	-0.136475	1951	-0.12915	
1952	-0.135742	1952	-0.130615	
1953	-0.136475	1953	-0.128662	
1954	-0.135742	1954	-0.130127	
1955	-0.135986	1955	-0.129883	
1956	-0.136719	1956	-0.129639	
1957	-0.135742	1957	-0.130615	
1958	-0.135498	1958	-0.128906	
1959	-0.13623	1959	-0.131104	
1960	-0.136475	1960	-0.12915	
1961	-0.136719	1961	-0.131104	
1962	-0.137207	1962	-0.129883	
1963	-0.137451	1963	-0.131348	
1964	-0.136963	1964	-0.129395	
1965	-0.136963	1965	-0.131348	
1966	-0.136475	1966	-0.130615	
1967	-0.137695	1967	-0.130127	
1968	-0.136963	1968	-0.131104	
1969	-0.136963	1969	-0.130127	
1970	-0.13623	1970	-0.130127	
1971	-0.137207	1971	-0.131348	
1972	-0.137451	1972	-0.129395	
1973	-0.137939	1973	-0.131592	
1974	-0.137451	1974	-0.129883	
1975	-0.137207	1975	-0.130859	
1976	-0.136719	1976	-0.131104	
1977	-0.137207	1977	-0.130371	
1978	-0.136963	1978	-0.131104	
1979	-0.136963	1979	-0.130859	
1980	-0.137695	1980	-0.130859	
1981	-0.137695	1981	-0.131104	
1982	-0.137451	1982	-0.129883	
1983	-0.136719	1983	-0.131592	
1984	-0.136963	1984	-0.130615	
1985	-0.137939	1985	-0.130615	
1986	-0.137451	1986	-0.131104	
1987	-0.136963	1987	-0.129395	
1988	-0.136963	1988	-0.133057	
1989	-0.137451	1989	-0.128906	
1990	-0.137207	1990	-0.132568	
1991	-0.136475	1991	-0.129883	
1992	-0.137695	1992	-0.131104	
1993	-0.136719	1993	-0.131104	
1994	-0.137451	1994	-0.130371	
1995	-0.136963	1995	-0.131104	
1996	-0.137695	1996	-0.129639	
1997	-0.137207	1997	-0.132324	
1998	-0.137207	1998	-0.129395	
1999	-0.137207	1999	-0.131836	
2000	-0.137695	2000	-0.130127	
2001	-0.136719	2001	-0.129883	
2002	-0.136475	2002	-0.131348	
2003	-0.137451	2003	-0.128906	
2004	-0.136475	2004	-0.132324	
2005	-0.136475	2005	-0.128906	
2006	-0.136719	2006	-0.131836	
2007	-0.137451	2007	-0.130127	
2008	-0.13623	2008	-0.130127	
2009	-0.136475	2009	-0.131104	
2010	-0.138184	2010	-0.129395	
2011	-0.137451	2011	-0.131836	
2012	-0.136719	2012	-0.129395	
2013	-0.137207	2013	-0.131836	
2014	-0.137695	2014	-0.129395	
2015	-0.136719	2015	-0.131104	
2016	-0.136475	2016	-0.129639	
2017	-0.137207	2017	-0.130859	
2018	-0.136475	2018	-0.129639	
2019	-0.136963	2019	-0.130127	
2020	-0.136719	2020	-0.129639	
2021	-0.13623	2021	-0.129395	
2022	-0.136719	2022	-0.130371	
2023	-0.137695	2023	-0.12915	
2024	-0.13623	2024	-0.130371	
2025	-0.135254	2025	-0.128418	
2026	-0.135742	2026	-0.130371	
2027	-0.135742	2027	-0.127686	
2028	-0.135742	2028	-0.130859	
2029	-0.135742	2029	-0.128418	
2030	-0.13623	2030	-0.128418	
2031	-0.135254	2031	-0.129883	
2032	-0.135742	2032	-0.127197	
2033	-0.13501	2033	-0.12915	
2034	-0.13501	2034	-0.128174	
2035	-0.134766	2035	-0.128174	
2036	-0.135498	2036	-0.128418	
2037	-0.135254	2037	-0.127441	
2038	-0.134277	2038	-0.128418	
2039	-0.135498	2039	-0.127197	
2040	-0.134277	2040	-0.128174	
2041	-0.134521	2041	-0.126709	
2042	-0.134766	2042	-0.12793	
2043	-0.134033	2043	-0.126221	
2044	-0.134033	2044	-0.12793	
2045	-0.133789	2045	-0.126709	
2046	-0.134033	2046	-0.126953	
2047	-0.134033	2047	-0.126953	
2048	-0.134033	2048	-0.125488	
2049	-0.133057	2049	-0.128174	
2050	-0.133301	2050	-0.123535	
2051	-0.133057	2051	-0.128662	
2052	-0.132568	2052	-0.123291	
2053	-0.132324	2053	-0.127197	
2054	-0.132324	2054	-0.124512	
2055	-0.13208	2055	-0.125	
2056	-0.13208	2056	-0.125244	
2057	-0.133057	2057	-0.124756	
2058	-0.132812	2058	-0.126221	
2059	-0.13208	2059	-0.124023	
2060	-0.131104	2060	-0.124512	
2061	-0.13208	2061	-0.124756	
2062	-0.13208	2062	-0.123535	
2063	-0.132324	2063	-0.124512	
2064	-0.131348	2064	-0.123047	
2065	-0.130615	2065	-0.124512	
2066	-0.131836	2066	-0.123291	
2067	-0.131104	2067	-0.123535	
2068	-0.130615	2068	-0.124023	
2069	-0.130859	2069	-0.122559	
2070	-0.130859	2070	-0.123535	
2071	-0.130371	2071	-0.121338	
2072	-0.130371	2072	-0.123047	
2073	-0.129639	2073	-0.122314	
2074	-0.12915	2074	-0.121826	
2075	-0.130127	2075	-0.121826	
2076	-0.129883	2076	-0.121826	
2077	-0.12915	2077	-0.120605	
2078	-0.128906	2078	-0.121094	
2079	-0.128418	2079	-0.119873	
2080	-0.128906	2080	-0.121338	
2081	-0.128418	2081	-0.119873	
2082	-0.128174	2082	-0.119873	
2083	-0.12793	2083	-0.119385	
2084	-0.128906	2084	-0.119873	
2085	-0.127441	2085	-0.118652	
2086	-0.127197	2086	-0.119385	
2087	-0.128174	2087	-0.118164	
2088	-0.127197	2088	-0.118408	
2089	-0.127441	2089	-0.119141	
2090	-0.126709	2090	-0.116211	
2091	-0.126709	2091	-0.118896	
2092	-0.125977	2092	-0.116699	
2093	-0.126953	2093	-0.116455	
2094	-0.125732	2094	-0.11792	
2095	-0.125977	2095	-0.115234	
2096	-0.125244	2096	-0.116943	
2097	-0.125	2097	-0.11499	
2098	-0.126221	2098	-0.116943	
2099	-0.125488	2099	-0.115234	
2100	-0.124756	2100	-0.114746	
2101	-0.124756	2101	-0.114502	
2102	-0.124023	2102	-0.114502	
2103	-0.124023	2103	-0.11377	
2104	-0.124023	2104	-0.114502	
2105	-0.123779	2105	-0.113525	
2106	-0.123779	2106	-0.112061	
2107	-0.123047	2107	-0.114258	
2108	-0.123535	2108	-0.111816	
2109	-0.123291	2109	-0.113525	
2110	-0.122803	2110	-0.111084	
2111	-0.122559	2111	-0.112061	
2112	-0.122314	2112	-0.111328	
2113	-0.122803	2113	-0.111328	
2114	-0.122559	2114	-0.111328	
2115	-0.121826	2115	-0.110107	
2116	-0.121582	2116	-0.11084	
2117	-0.121582	2117	-0.109619	
2118	-0.12207	2118	-0.109863	
2119	-0.121338	2119	-0.108887	
2120	-0.120605	2120	-0.109131	
2121	-0.119873	2121	-0.107666	
2122	-0.119141	2122	-0.109375	
2123	-0.119873	2123	-0.106445	
2124	-0.119385	2124	-0.109375	
2125	-0.119141	2125	-0.106201	
2126	-0.119141	2126	-0.106689	
2127	-0.118896	2127	-0.105469	
2128	-0.118408	2128	-0.106445	
2129	-0.118408	2129	-0.104248	
2130	-0.117676	2130	-0.105225	
2131	-0.11792	2131	-0.104004	
2132	-0.11792	2132	-0.103271	
2133	-0.117432	2133	-0.104492	
2134	-0.116943	2134	-0.102783	
2135	-0.116943	2135	-0.103027	
2136	-0.116455	2136	-0.103271	
2137	-0.116943	2137	-0.102051	
2138	-0.116211	2138	-0.101807	
2139	-0.115479	2139	-0.101318	
2140	-0.115234	2140	-0.10083	
2141	-0.115967	2141	-0.101074	
2142	-0.114746	2142	-0.0991211	
2143	-0.114014	2143	-0.100098	
2144	-0.114502	2144	-0.0986328	
2145	-0.11377	2145	-0.0993652	
2146	-0.113525	2146	-0.0976562	
2147	-0.113525	2147	-0.0981445	
2148	-0.113037	2148	-0.0961914	
2149	-0.113037	2149	-0.0969238	
2150	-0.113037	2150	-0.0964355	
2151	-0.111572	2151	-0.097168	
2152	-0.111816	2152	-0.095459	
2153	-0.111328	2153	-0.09375	
2154	-0.111572	2154	-0.0961914	
2155	-0.11084	2155	-0.0925293	
2156	-0.111328	2156	-0.09375	
2157	-0.111084	2157	-0.0932617	
2158	-0.109863	2158	-0.0910645	
2159	-0.109619	2159	-0.0930176	
2160	-0.109375	2160	-0.0898437	
2161	-0.109131	2161	-0.0917969	
2162	-0.108154	2162	-0.0883789	
2163	-0.109131	2163	-0.0910645	
2164	-0.108398	2164	-0.0878906	
2165	-0.10791	2165	-0.0883789	
2166	-0.10791	2166	-0.0883789	
2167	-0.106934	2167	-0.0861816	
2168	-0.107422	2168	-0.0871582	
2169	-0.106201	2169	-0.0847168	
2170	-0.106201	2170	-0.0859375	
2171	-0.105713	2171	-0.083252	
2172	-0.105225	2172	-0.0844727	
2173	-0.104736	2173	-0.0825195	
2174	-0.105713	2174	-0.0842285	
2175	-0.104492	2175	-0.0810547	
2176	-0.103516	2176	-0.0805664	
2177	-0.10376	2177	-0.0810547	
2178	-0.104248	2178	-0.078125	
2179	-0.102783	2179	-0.0803223	
2180	-0.102539	2180	-0.0778809	
2181	-0.102783	2181	-0.078125	
2182	-0.102295	2182	-0.0773926	
2183	-0.101318	2183	-0.0754395	
2184	-0.101074	2184	-0.0776367	
2185	-0.10083	2185	-0.0734863	
2186	-0.101074	2186	-0.0751953	
2187	-0.100098	2187	-0.0739746	
2188	-0.0996094	2188	-0.0734863	
2189	-0.0996094	2189	-0.0734863	
2190	-0.0993652	2190	-0.0725098	
2191	-0.0993652	2191	-0.0720215	
2192	-0.0983887	2192	-0.0715332	
2193	-0.0986328	2193	-0.0710449	
2194	-0.0986328	2194	-0.0715332	
2195	-0.0981445	2195	-0.0705566	
2196	-0.0974121	2196	-0.0700684	
2197	-0.0979004	2197	-0.0705566	
2198	-0.0976562	2198	-0.0698242	
2199	-0.097168	2199	-0.0700684	
2200	-0.0974121	2200	-0.0690918	
2201	-0.0966797	2201	-0.0693359	
2202	-0.0961914	2202	-0.0688477	
2203	-0.0969238	2203	-0.0686035	
2204	-0.0969238	2204	-0.0688477	
2205	-0.0974121	2205	-0.0688477	
2206	-0.0966797	2206	-0.0690918	
2207	-0.0966797	2207	-0.0698242	
2208	-0.0976562	2208	-0.0688477	
2209	-0.097168	2209	-0.0717773	
2210	-0.097168	2210	-0.0686035	
2211	-0.0974121	2211	-0.072998	
2212	-0.0976562	2212	-0.0690918	
2213	-0.0979004	2213	-0.0734863	
2214	-0.0979004	2214	-0.0708008	
2215	-0.0979004	2215	-0.0715332	
2216	-0.0976562	2216	-0.0732422	
2217	-0.0983887	2217	-0.0720215	
2218	-0.0986328	2218	-0.0742187	
2219	-0.098877	2219	-0.0734863	
2220	-0.0981445	2220	-0.074707	
2221	-0.0993652	2221	-0.074707	
2222	-0.0993652	2222	-0.0759277	
2223	-0.0993652	2223	-0.0759277	
2224	-0.0996094	2224	-0.0759277	
2225	-0.0993652	2225	-0.0769043	
2226	-0.10083	2226	-0.076416	
2227	-0.0996094	2227	-0.0778809	
2228	-0.0993652	2228	-0.0771484	
2229	-0.10083	2229	-0.0771484	
2230	-0.100098	2230	-0.0778809	
2231	-0.100342	2231	-0.0778809	
2232	-0.100098	2232	-0.0783691	
2233	-0.101074	2233	-0.0778809	
2234	-0.100586	2234	-0.0786133	
2235	-0.100098	2235	-0.0791016	
2236	-0.10083	2236	-0.0791016	
2237	-0.101074	2237	-0.0795898	
2238	-0.101074	2238	-0.079834	
2239	-0.101074	2239	-0.0803223	
2240	-0.101074	2240	-0.0808105	
2241	-0.101562	2241	-0.0810547	
2242	-0.101562	2242	-0.0808105	
2243	-0.101807	2243	-0.0808105	
2244	-0.102051	2244	-0.083252	
2245	-0.102539	2245	-0.081543	
2246	-0.102295	2246	-0.0822754	
2247	-0.102783	2247	-0.0837402	
2248	-0.102539	2248	-0.0812988	
2249	-0.103516	2249	-0.0849609	
2250	-0.103027	2250	-0.0825195	
2251	-0.10376	2251	-0.0847168	
2252	-0.103516	2252	-0.083252	
2253	-0.102783	2253	-0.0842285	
2254	-0.104736	2254	-0.0856934	
2255	-0.104004	2255	-0.0837402	
2256	-0.102539	2256	-0.0856934	
2257	-0.103516	2257	-0.0849609	
2258	-0.104004	2258	-0.0861816	
2259	-0.10376	2259	-0.0861816	
2260	-0.104004	2260	-0.0856934	
2261	-0.10376	2261	-0.0871582	
2262	-0.105225	2262	-0.0869141	
2263	-0.105225	2263	-0.088623	
2264	-0.104248	2264	-0.0861816	
2265	-0.105225	2265	-0.0895996	
2266	-0.105469	2266	-0.0883789	
2267	-0.105225	2267	-0.0888672	
2268	-0.105225	2268	-0.0895996	
2269	-0.106445	2269	-0.0888672	
2270	-0.106445	2270	-0.0895996	
2271	-0.107422	2271	-0.0900879	
2272	-0.105957	2272	-0.0908203	
2273	-0.107178	2273	-0.090332	
2274	-0.107422	2274	-0.0908203	
2275	-0.106689	2275	-0.0900879	
2276	-0.107178	2276	-0.0913086	
2277	-0.107422	2277	-0.0913086	
2278	-0.106934	2278	-0.092041	
2279	-0.106689	2279	-0.0910645	
2280	-0.10791	2280	-0.0927734	
2281	-0.107666	2281	-0.0925293	
2282	-0.107178	2282	-0.0927734	
2283	-0.10791	2283	-0.0930176	
2284	-0.108154	2284	-0.0935059	
2285	-0.108398	2285	-0.0935059	
2286	-0.107422	2286	-0.0930176	
2287	-0.10791	2287	-0.0939941	
2288	-0.108887	2288	-0.0942383	
2289	-0.108887	2289	-0.0957031	
2290	-0.109131	2290	-0.0932617	
2291	-0.108887	2291	-0.0966797	
2292	-0.109131	2292	-0.0939941	
2293	-0.109375	2293	-0.0957031	
2294	-0.109619	2294	-0.0959473	
2295	-0.109863	2295	-0.095459	
2296	-0.110352	2296	-0.0966797	
2297	-0.110352	2297	-0.0966797	
2298	-0.11084	2298	-0.097168	
2299	-0.110596	2299	-0.0964355	
2300	-0.11084	2300	-0.0979004	
2301	-0.11084	2301	-0.0969238	
2302	-0.11084	2302	-0.0986328	
2303	-0.111084	2303	-0.0974121	
2304	-0.111084	2304	-0.0986328	
2305	-0.11084	2305	-0.0986328	
2306	-0.111328	2306	-0.0966797	
2307	-0.111084	2307	-0.100586	
2308	-0.112549	2308	-0.0986328	
2309	-0.112549	2309	-0.100586	
2310	-0.112549	2310	-0.098877	
2311	-0.112305	2311	-0.101562	
2312	-0.113037	2312	-0.100342	
2313	-0.113525	2313	-0.102295	
2314	-0.113281	2314	-0.101074	
2315	-0.112793	2315	-0.101807	
2316	-0.113037	2316	-0.102295	
2317	-0.114014	2317	-0.101318	
2318	-0.114014	2318	-0.102783	
2319	-0.11377	2319	-0.102051	
2320	-0.114014	2320	-0.103027	
2321	-0.115234	2321	-0.103271	
2322	-0.115723	2322	-0.10376	
2323	-0.114502	2323	-0.103516	
2324	-0.115234	2324	-0.10376	
2325	-0.114746	2325	-0.104736	
2326	-0.114746	2326	-0.103027	
2327	-0.115479	2327	-0.104492	
2328	-0.115723	2328	-0.10498	
2329	-0.116211	2329	-0.104492	
2330	-0.115479	2330	-0.105957	
2331	-0.116943	2331	-0.105957	
2332	-0.115967	2332	-0.105469	
2333	-0.116943	2333	-0.106201	
2334	-0.116943	2334	-0.107422	
2335	-0.116455	2335	-0.105225	
2336	-0.117187	2336	-0.107666	
2337	-0.117432	2337	-0.106934	
2338	-0.117432	2338	-0.107178	
2339	-0.11792	2339	-0.108643	
2340	-0.118408	2340	-0.106689	
2341	-0.118408	2341	-0.110596	
2342	-0.118408	2342	-0.106689	
2343	-0.118164	2343	-0.110107	
2344	-0.119141	2344	-0.109131	
2345	-0.119141	2345	-0.108887	
2346	-0.118896	2346	-0.110107	
2347	-0.118408	2347	-0.108154	
2348	-0.119873	2348	-0.111572	
2349	-0.119385	2349	-0.109619	
2350	-0.120117	2350	-0.11084	
2351	-0.119629	2351	-0.112305	
2352	-0.119629	2352	-0.110352	
2353	-0.12085	2353	-0.112305	
2354	-0.121338	2354	-0.111816	
2355	-0.12085	2355	-0.112793	
2356	-0.121094	2356	-0.111084	
2357	-0.12207	2357	-0.114258	
2358	-0.121094	2358	-0.111816	
2359	-0.12207	2359	-0.114258	
2360	-0.122314	2360	-0.112549	
2361	-0.121582	2361	-0.114014	
2362	-0.121826	2362	-0.113525	
2363	-0.122803	2363	-0.114746	
2364	-0.123047	2364	-0.115234	
2365	-0.123535	2365	-0.11499	
2366	-0.12207	2366	-0.114014	
2367	-0.123291	2367	-0.116699	
2368	-0.123779	2368	-0.114258	
2369	-0.124023	2369	-0.117432	
2370	-0.124268	2370	-0.114746	
2371	-0.123535	2371	-0.116455	
2372	-0.125	2372	-0.117432	
2373	-0.124512	2373	-0.116943	
2374	-0.124512	2374	-0.11792	
2375	-0.124268	2375	-0.116455	
2376	-0.125488	2376	-0.118164	
2377	-0.124756	2377	-0.117432	
2378	-0.124756	2378	-0.118164	
2379	-0.126221	2379	-0.118652	
2380	-0.125977	2380	-0.117432	
2381	-0.125732	2381	-0.120361	
2382	-0.126221	2382	-0.11792	
2383	-0.126709	2383	-0.121094	
2384	-0.126465	2384	-0.118652	
2385	-0.125977	2385	-0.121338	
2386	-0.127197	2386	-0.119629	
2387	-0.127441	2387	-0.120117	
2388	-0.127441	2388	-0.121582	
2389	-0.127197	2389	-0.119629	
2390	-0.128418	2390	-0.121826	
2391	-0.12793	2391	-0.121338	
2392	-0.12793	2392	-0.121094	
2393	-0.127441	2393	-0.122314	
2394	-0.128662	2394	-0.121094	
2395	-0.128418	2395	-0.123535	
2396	-0.129395	2396	-0.12207	
2397	-0.128906	2397	-0.122803	
2398	-0.12915	2398	-0.123291	
2399	-0.130127	2399	-0.124268	
2400	-0.130127	2400	-0.122803	
2401	-0.129883	2401	-0.124512	
2402	-0.129395	2402	-0.123291	
2403	-0.130371	2403	-0.123535	
2404	-0.130371	2404	-0.123535	
2405	-0.130127	2405	-0.124023	
2406	-0.130371	2406	-0.124756	
2407	-0.130127	2407	-0.124023	
2408	-0.131104	2408	-0.125732	
2409	-0.131836	2409	-0.123779	
2410	-0.131348	2410	-0.126221	
2411	-0.13208	2411	-0.124512	
2412	-0.131104	2412	-0.126465	
2413	-0.131348	2413	-0.125732	
2414	-0.13208	2414	-0.125488	
2415	-0.133057	2415	-0.127441	
2416	-0.133301	2416	-0.124512	
2417	-0.132568	2417	-0.128906	
2418	-0.131592	2418	-0.124023	
2419	-0.132568	2419	-0.12915	
2420	-0.133057	2420	-0.125	
2421	-0.134033	2421	-0.128906	
2422	-0.132812	2422	-0.126465	
2423	-0.133057	2423	-0.127686	
2424	-0.133057	2424	-0.12793	
2425	-0.132812	2425	-0.127197	
2426	-0.133789	2426	-0.128418	
2427	-0.134277	2427	-0.126465	
2428	-0.133057	2428	-0.129395	
2429	-0.133545	2429	-0.126221	
2430	-0.134521	2430	-0.128906	
2431	-0.133301	2431	-0.128174	
2432	-0.133301	2432	-0.128174	
2433	-0.134521	2433	-0.128662	
2434	-0.135254	2434	-0.127686	
2435	-0.13501	2435	-0.129883	
2436	-0.13501	2436	-0.126953	
2437	-0.133545	2437	-0.130371	
2438	-0.134521	2438	-0.128418	
2439	-0.134521	2439	-0.12915	
2440	-0.134766	2440	-0.129883	
2441	-0.13501	2441	-0.128174	
2442	-0.135498	2442	-0.130127	
2443	-0.135254	2443	-0.12793	
2444	-0.134766	2444	-0.129395	
2445	-0.13623	2445	-0.130615	
2446	-0.135986	2446	-0.128662	
2447	-0.136475	2447	-0.130615	
2448	-0.135986	2448	-0.128906	
2449	-0.134521	2449	-0.12915	
2450	-0.134766	2450	-0.130371	
2451	-0.135742	2451	-0.12915	
2452	-0.13623	2452	-0.130127	
2453	-0.135986	2453	-0.129639	
2454	-0.135986	2454	-0.129883	
2455	-0.136475	2455	-0.130371	
2456	-0.135742	2456	-0.129883	
2457	-0.13501	2457	-0.130615	
2458	-0.136963	2458	-0.129395	
2459	-0.135986	2459	-0.131104	
2460	-0.135986	2460	-0.129395	
2461	-0.135742	2461	-0.130859	
2462	-0.131836	2462	-0.131104	
2463	-0.138184	2463	-0.130859	
2464	-0.137451	2464	-0.12915	
2465	-0.136475	2465	-0.131348	
2466	-0.137451	2466	-0.12915	
2467	-0.13623	2467	-0.132324	
2468	-0.135742	2468	-0.128662	
2469	-0.135986	2469	-0.131592	
2470	-0.136963	2470	-0.128662	
2471	-0.136963	2471	-0.13208	
2472	-0.136475	2472	-0.130127	
2473	-0.137207	2473	-0.12915	
2474	-0.136719	2474	-0.131836	
2475	-0.135742	2475	-0.128418	
2476	-0.136963	2476	-0.132324	
2477	-0.136963	2477	-0.128418	
2478	-0.136963	2478	-0.131836	
2479	-0.13623	2479	-0.129395	
2480	-0.136719	2480	-0.130859	
2481	-0.136475	2481	-0.130859	
2482	-0.137207	2482	-0.129395	
2483	-0.13623	2483	-0.13208	
2484	-0.135986	2484	-0.12915	
2485	-0.137939	2485	-0.131836	
2486	-0.136719	2486	-0.129395	
2487	-0.135986	2487	-0.130371	
2488	-0.13623	2488	-0.132324	
2489	-0.136475	2489	-0.128174	
2490	-0.137451	2490	-0.131836	
2491	-0.136475	2491	-0.129883	
2492	-0.13623	2492	-0.130127	
2493	-0.13623	2493	-0.131348	
2494	-0.136719	2494	-0.129395	
2495	-0.137451	2495	-0.132568	
2496	-0.136963	2496	-0.128418	
2497	-0.136963	2497	-0.132812	
2498	-0.136719	2498	-0.129395	
2499	-0.136475	2499	-0.131104