#time	ch1	ch2	lambda	delta
102.0	0.0016113275	-0.006958006	763.0	35.0
112.0	0.001440429	-0.007568355	783.0	147.0
122.0	0.0001464844	-0.006665033	950.0	61.0
132.0	0.0010742187	-0.008300788	823.0	192.0
142.0	0.0011474603	-0.006713874	793.0	177.0
152.0	0.0015869144	-0.007226566	767.0	4.0
162.0	0.0011230485	-0.008105459	815.0	172.0
182.0	-0.04916993	-0.06462402	632.0	17.0
192.0	-0.05075684	-0.06557616	630.0	17.0
202.0	-0.05119629	-0.06516113	629.0	15.0
212.0	-0.05007323	-0.06582032	632.0	16.0
222.0	-0.05043945	-0.06499023	630.0	16.0
232.0	-0.05283203	-0.06513672	627.0	15.0
242.0	-0.05354004	-0.06547853	626.0	16.0
252.0	-0.0541748	-0.06538086	625.0	16.0
262.0	-0.05507812	-0.06740722	626.0	15.0
272.0	-0.05590819	-0.06665038	624.0	14.0
282.0	-0.05710449	-0.0684082	624.0	11.0
292.0	-0.05874022	-0.0703125	624.0	14.0
302.0	-0.06069335	-0.07006835	620.0	17.0
312.0	-0.06137695	-0.06989746	619.0	18.0
322.0	-0.06215822	-0.07004395	618.0	16.0
332.0	-0.06301268	-0.07060547	617.0	17.0
342.0	-0.06323242	-0.0709961	617.0	17.0
352.0	-0.06586914	-0.07077636	613.0	15.0
362.0	-0.06721191	-0.07282714	614.0	15.0
372.0	-0.06884765	-0.07290039	610.0	14.0
382.0	-0.07033692	-0.07309571	608.0	12.0
392.0	-0.07150878	-0.07441406	608.0	15.0
402.0	-0.07121582	-0.07224121	606.0	9.0
412.0	-0.07370605	-0.0751953	607.0	14.0
422.0	-0.07375489	-0.07441405	606.0	14.0
432.0	-0.07661133	-0.07683106	605.0	11.0
442.0	-0.07832032	-0.07873533	606.0	14.0
452.0	-0.0782959	-0.07658691	603.0	12.0
462.0	-0.0791504	-0.07871092	605.0	12.0
472.0	-0.08054199	-0.07829588	603.0	11.0
482.0	-0.08186036	-0.07922365	602.0	10.0
492.0	-0.08376465	-0.0798584	601.0	11.0
502.0	-0.0852295	-0.07919923	599.0	11.0
512.0	-0.08637694	-0.08105469	600.0	10.0
522.0	-0.08886718	-0.0805664	596.0	11.0
532.0	-0.09001464	-0.08247071	597.0	10.0
542.0	-0.09145508	-0.08281251	596.0	12.0
552.0	-0.09370116	-0.08393555	595.0	10.0
562.0	-0.0954834	-0.08444824	594.0	10.0
572.0	-0.09667968	-0.08752441	596.0	9.0
582.0	-0.09899902	-0.08693847	593.0	11.0
592.0	-0.1012452	-0.08735351	592.0	9.0
602.0	-0.1032225	-0.088916	592.0	9.0
612.0	-0.1049316	-0.08779296	588.0	11.0
622.0	-0.1070801	-0.08911133	588.0	9.0
632.0	-0.110498	-0.09182129	588.0	11.0
642.0	-0.1133056	-0.09294434	586.0	10.0
652.0	-0.1159668	-0.09372558	585.0	10.0
662.0	-0.11687	-0.0942871	585.0	8.0
672.0	-0.1216064	-0.09736328	584.0	8.0
682.0	-0.1225342	-0.09643558	582.0	9.0
692.0	-0.1226073	-0.09699707	583.0	8.0
702.0	-0.1191406	-0.09445802	583.0	9.0
712.0	-0.1172363	-0.09025878	580.0	8.0
722.0	-0.1145752	-0.08886719	581.0	10.0
732.0	-0.1120118	-0.08645019	581.0	10.0
742.0	-0.1107177	-0.08337402	579.0	9.0
752.0	-0.1069092	-0.08120119	579.0	13.0
762.0	-0.106787	-0.07885744	577.0	11.0
772.0	-0.1045165	-0.07712402	577.0	10.0
782.0	-0.1026366	-0.07556153	576.0	11.0
792.0	-0.10187982	-0.07314453	574.0	12.0
802.0	-0.09848636	-0.07214357	576.0	14.0
812.0	-0.09785155	-0.06914063	573.0	12.0
822.0	-0.09592284	-0.06877442	574.0	13.0
832.0	-0.09499513	-0.06848145	575.0	13.0
842.0	-0.09433593	-0.06540528	571.0	12.0
852.0	-0.09421386	-0.06652832	573.0	15.0
862.0	-0.09187012	-0.06374511	571.0	10.0
872.0	-0.09233398	-0.06262207	569.0	15.0
882.0	-0.09077149	-0.06252441	570.0	11.0
892.0	-0.08952635	-0.06000976	568.0	12.0
902.0	-0.08798827	-0.05961914	569.0	15.0
912.0	-0.08781739	-0.05839845	567.0	13.0
922.0	-0.08623047	-0.05803222	568.0	16.0
932.0	-0.08623048	-0.0573242	567.0	13.0
942.0	-0.08591308	-0.055542	565.0	14.0
952.0	-0.08459472	-0.05590818	567.0	16.0
962.0	-0.08269043	-0.05327148	565.0	17.0
972.0	-0.08227539	-0.05263671	564.0	16.0
982.0	-0.08098144	-0.05268553	565.0	14.0
992.0	-0.08098145	-0.05097657	563.0	18.0
1002.0	-0.07888183	-0.05092772	565.0	19.0
1012.0	-0.07844239	-0.04843751	561.0	15.0
1022.0	-0.07819824	-0.04843749	561.0	15.0
1032.0	-0.07756348	-0.04577636	557.0	17.0
1042.0	-0.07678221	-0.04616699	559.0	16.0
1052.0	-0.07570801	-0.04499512	558.0	18.0
1062.0	-0.07543946	-0.04245605	553.0	16.0
1072.0	-0.07416993	-0.04350586	556.0	20.0
1082.0	-0.07326659	-0.04294433	556.0	19.0
1092.0	-0.07131346	-0.0411377	555.0	20.0
1102.0	-0.0720459	-0.04279785	558.0	18.0
1112.0	-0.0717041	-0.04140625	555.0	17.0
1122.0	-0.07236327	-0.04016115	552.0	18.0
1132.0	-0.07106935	-0.04052735	554.0	15.0
1142.0	-0.0701416	-0.04011233	555.0	18.0
1152.0	-0.07028809	-0.03942872	553.0	19.0
1162.0	-0.06921388	-0.03898925	553.0	19.0
1172.0	-0.06987305	-0.03911133	553.0	19.0
1182.0	-0.06999512	-0.03884277	552.0	19.0
1192.0	-0.07004394	-0.03894042	552.0	19.0
1202.0	-0.07121583	-0.04020996	553.0	20.0
1212.0	-0.07138672	-0.03850096	550.0	14.0
1222.0	-0.07075196	-0.03894043	552.0	18.0
1232.0	-0.07109374	-0.03940429	552.0	18.0
1242.0	-0.07121581	-0.03916015	552.0	20.0
1252.0	-0.07141113	-0.04030762	553.0	22.0
1262.0	-0.07265624	-0.03901366	550.0	16.0
1272.0	-0.07272948	-0.04121094	554.0	15.0
1282.0	-0.072583	-0.03964843	551.0	18.0
1292.0	-0.07277832	-0.03950195	550.0	17.0
1302.0	-0.07426756	-0.0411377	552.0	14.0
1312.0	-0.07451171	-0.03835448	546.0	17.0
1322.0	-0.07568359	-0.04069825	550.0	15.0
1332.0	-0.07526856	-0.03942871	548.0	16.0
1342.0	-0.07785644	-0.03984373	546.0	17.0
1352.0	-0.0782959	-0.04035645	546.0	16.0
1362.0	-0.07963866	-0.0401123	544.0	14.0
1372.0	-0.07968749	-0.04133299	547.0	16.0
1382.0	-0.08127441	-0.04150391	546.0	16.0
1392.0	-0.08156737	-0.04196777	546.0	15.0
1402.0	-0.082959	-0.04135741	544.0	15.0
1412.0	-0.0845215	-0.04008789	541.0	17.0
1422.0	-0.08479005	-0.0411377	542.0	14.0
1432.0	-0.08503417	-0.04106446	542.0	16.0
1442.0	-0.08562013	-0.0409424	541.0	12.0
1452.0	-0.08686522	-0.04174805	541.0	15.0
1462.0	-0.08666993	-0.04128417	541.0	14.0
1472.0	-0.08867188	-0.0409668	539.0	15.0
1482.0	-0.08930662	-0.04143067	539.0	14.0
1492.0	-0.09008787	-0.04118651	538.0	12.0
1502.0	-0.08940428	-0.04177247	539.0	15.0
1512.0	-0.09199218	-0.0421875	538.0	14.0
1522.0	-0.09245606	-0.04301758	539.0	12.0
1532.0	-0.09282228	-0.04189454	537.0	14.0
1542.0	-0.09470213	-0.04279785	537.0	12.0
1552.0	-0.0942871	-0.04226075	536.0	14.0
1562.0	-0.09675292	-0.04191893	534.0	14.0
1572.0	-0.0979004	-0.04326171	535.0	13.0
1582.0	-0.09809574	-0.04199219	533.0	12.0
1592.0	-0.09853507	-0.04238281	534.0	15.0
1602.0	-0.09948733	-0.04199217	532.0	12.0
1612.0	-0.10046384	-0.043042	533.0	12.0
1622.0	-0.10241702	-0.04191895	530.0	12.0
1632.0	-0.1047364	-0.04304199	531.0	10.0
1642.0	-0.1042724	-0.04416502	533.0	12.0
1652.0	-0.1054931	-0.042334	529.0	11.0
1662.0	-0.1069091	-0.0451416	532.0	10.0
1672.0	-0.1082277	-0.0435791	530.0	11.0
1682.0	-0.1105223	-0.04370115	529.0	10.0
1692.0	-0.1109375	-0.04396972	529.0	9.0
1702.0	-0.1097655	-0.04257812	528.0	11.0
1712.0	-0.1067627	-0.04250489	529.0	12.0
1722.0	-0.10380855	-0.04111329	529.0	13.0
1732.0	-0.10097668	-0.04003906	529.0	12.0
1742.0	-0.0993164	-0.03901367	528.0	11.0
1752.0	-0.09606934	-0.03676759	527.0	14.0
1762.0	-0.09326173	-0.03647461	528.0	12.0
1772.0	-0.09152831	-0.03540039	527.0	13.0
1782.0	-0.08884277	-0.03381349	526.0	11.0
1792.0	-0.0873779	-0.03422852	528.0	15.0
1802.0	-0.08503418	-0.03266603	527.0	17.0
1812.0	-0.08366699	-0.0324707	528.0	15.0
1822.0	-0.08208007	-0.03034669	525.0	15.0
1832.0	-0.08037109	-0.02976075	525.0	13.0
1842.0	-0.07854005	-0.02922362	525.0	16.0
1852.0	-0.07729492	-0.0272461	522.0	16.0
1862.0	-0.0749756	-0.02761231	524.0	15.0
1872.0	-0.07341308	-0.02546387	521.0	14.0
1882.0	-0.07126466	-0.02595215	524.0	20.0
1892.0	-0.07194823	-0.02678222	525.0	17.0
1902.0	-0.06992187	-0.02521973	523.0	17.0
1912.0	-0.06728513	-0.02497559	525.0	20.0
1922.0	-0.06706543	-0.02456055	524.0	17.0
1932.0	-0.06591797	-0.02260741	520.0	20.0
1942.0	-0.06440429	-0.02324218	523.0	17.0
1952.0	-0.06279297	-0.02236327	522.0	19.0
1962.0	-0.0621582	-0.0210449	520.0	19.0
1972.0	-0.06049806	-0.02072752	520.0	20.0
1982.0	-0.06020508	-0.02124024	522.0	22.0
1992.0	-0.05725098	-0.01999512	521.0	21.0
2002.0	-0.0559082	-0.0184082	518.0	23.0
2012.0	-0.05422363	-0.01835938	520.0	19.0
2022.0	-0.05383301	-0.01762694	518.0	22.0
2032.0	-0.05107422	-0.01655274	517.0	23.0
2042.0	-0.05021971	-0.01633301	518.0	25.0
2052.0	-0.04853516	-0.01679689	521.0	32.0
2062.0	-0.04558104	-0.01520996	519.0	31.0
2072.0	-0.04440918	-0.01386719	515.0	34.0
2082.0	-0.04436036	-0.015722644	522.0	30.0
2092.0	-0.04399414	-0.013061528	513.0	29.0
2102.0	-0.04287109	-0.012133792	511.0	31.0
2112.0	-0.04235839	-0.0126709	513.0	23.0
2122.0	-0.04155273	-0.009936525	503.0	20.0
2132.0	-0.03940429	-0.011865242	514.0	39.0
2142.0	-0.04140625	-0.0116455	511.0	30.0
2152.0	-0.03818359	-0.011669923	514.0	40.0
2162.0	-0.03872071	-0.011254877	512.0	34.0
2172.0	-0.03784179	-0.010961903	512.0	33.0
2182.0	-0.03806154	-0.012499991	518.0	39.0
2192.0	-0.03864746	-0.00976562	506.0	31.0
2202.0	-0.0378174	-0.011718746	515.0	36.0
2212.0	-0.03837891	-0.010766602	511.0	33.0
2222.0	-0.03891602	-0.011132818	512.0	30.0
2232.0	-0.03947755	-0.012060552	514.0	37.0
2242.0	-0.03918457	-0.011767576	513.0	25.0
2252.0	-0.03994141	-0.012377937	515.0	34.0
2262.0	-0.03999023	-0.0121338	514.0	34.0
2272.0	-0.03937987	-0.012841801	518.0	41.0
2282.0	-0.04101561	-0.013671866	519.0	32.0
2292.0	-0.04064941	-0.01447755	522.0	30.0
2302.0	-0.04152831	-0.01520996	524.0	34.0
2312.0	-0.04125976	-0.014672842	522.0	31.0
2322.0	-0.04316406	-0.015747078	524.0	27.0
2332.0	-0.04411621	-0.0190918	534.0	31.0
2342.0	-0.04558106	-0.01726075	526.0	24.0
2352.0	-0.04599611	-0.01918946	531.0	33.0
2362.0	-0.04638673	-0.02053221	536.0	32.0
2372.0	-0.04809571	-0.02014161	532.0	26.0
2382.0	-0.04768065	-0.02126464	536.0	34.0
2392.0	-0.04941407	-0.02211914	536.0	22.0
2402.0	-0.05100097	-0.02351075	538.0	28.0
2412.0	-0.05039063	-0.02402344	541.0	30.0
2422.0	-0.05180664	-0.02460937	541.0	22.0
2432.0	-0.05205078	-0.02790527	549.0	22.0
2442.0	-0.05332032	-0.0269287	545.0	27.0
2452.0	-0.05429687	-0.02897948	549.0	26.0
2462.0	-0.05500488	-0.02980956	550.0	22.0
2472.0	-0.05615234	-0.02893066	546.0	24.0
2482.0	-0.05776365	-0.03134765	550.0	16.0
2492.0	-0.05783691	-0.03181152	552.0	19.0
2502.0	-0.05917968	-0.03183594	550.0	23.0
2512.0	-0.05856933	-0.03378904	555.0	23.0
2522.0	-0.06135254	-0.03525389	555.0	17.0
2532.0	-0.06184083	-0.03491211	553.0	19.0
2542.0	-0.06269531	-0.03835448	560.0	23.0
2552.0	-0.06379395	-0.0385254	559.0	21.0
2562.0	-0.06618651	-0.03952638	558.0	21.0
2572.0	-0.06655274	-0.04187012	563.0	20.0
2582.0	-0.06940917	-0.04289551	561.0	18.0
2592.0	-0.06896975	-0.04553222	567.0	16.0
2602.0	-0.07089844	-0.04711913	567.0	19.0
2612.0	-0.07209473	-0.04804686	568.0	16.0
2622.0	-0.0730957	-0.050708	571.0	16.0
2632.0	-0.07458496	-0.05029295	569.0	14.0
2642.0	-0.07687989	-0.05405273	572.0	14.0
2652.0	-0.07863768	-0.05551757	573.0	13.0
2662.0	-0.08234863	-0.05776367	572.0	14.0
2672.0	-0.08469238	-0.06115723	575.0	14.0
2682.0	-0.08688964	-0.06303709	575.0	13.0
2692.0	-0.08969727	-0.06862793	580.0	10.0
2702.0	-0.08962402	-0.06877441	580.0	13.0
2712.0	-0.08913575	-0.06848145	580.0	11.0
2722.0	-0.08847656	-0.06931152	582.0	13.0
2732.0	-0.08825683	-0.0682617	581.0	10.0
2742.0	-0.08591308	-0.06953126	585.0	15.0
2752.0	-0.08510742	-0.06855468	585.0	10.0
2762.0	-0.08312988	-0.06813966	586.0	15.0
2772.0	-0.08215332	-0.06835937	588.0	12.0
2782.0	-0.08210447	-0.0673584	586.0	11.0
2792.0	-0.08095703	-0.06882326	590.0	16.0
2802.0	-0.07941894	-0.06733398	590.0	15.0
2812.0	-0.07854004	-0.06730957	591.0	14.0
2822.0	-0.07761229	-0.06704102	592.0	15.0
2832.0	-0.07558594	-0.06640623	593.0	13.0
2842.0	-0.07629396	-0.06779786	594.0	11.0
2852.0	-0.07514648	-0.06818849	596.0	13.0
2862.0	-0.07382812	-0.0671631	597.0	15.0
2872.0	-0.07373047	-0.06767577	598.0	11.0
2882.0	-0.07141113	-0.06655273	599.0	13.0
2892.0	-0.07053223	-0.06826172	602.0	12.0
2902.0	-0.06965332	-0.06684571	602.0	14.0
2912.0	-0.06972657	-0.0656494	600.0	13.0
2922.0	-0.069458	-0.06735839	602.0	13.0
2932.0	-0.06760255	-0.06513673	602.0	9.0
2942.0	-0.06708984	-0.06618651	604.0	14.0
2952.0	-0.06621094	-0.06589356	605.0	12.0
2962.0	-0.06621094	-0.06594239	605.0	19.0
2972.0	-0.06472167	-0.06623536	607.0	17.0
2982.0	-0.06364745	-0.06525879	607.0	15.0
2992.0	-0.06340332	-0.06733398	611.0	13.0
3002.0	-0.06250001	-0.06586914	609.0	17.0
3012.0	-0.06262207	-0.06545409	609.0	16.0
3022.0	-0.06147462	-0.06577148	612.0	17.0
3032.0	-0.05942382	-0.0654541	615.0	19.0
3042.0	-0.05930175	-0.06535644	615.0	18.0
3052.0	-0.05698242	-0.06547851	619.0	18.0
3062.0	-0.05625	-0.06469728	620.0	18.0
3072.0	-0.05634766	-0.06501464	620.0	17.0
3082.0	-0.05471191	-0.06530762	624.0	18.0
3092.0	-0.05322264	-0.06486818	626.0	16.0
3102.0	-0.05339355	-0.06584475	627.0	18.0
3112.0	-0.05339356	-0.06474609	625.0	16.0
3122.0	-0.0520996	-0.0647461	627.0	11.0
3132.0	-0.05224609	-0.06398926	626.0	15.0
3142.0	-0.05139159	-0.06550292	629.0	15.0
3152.0	-0.05083008	-0.06464843	629.0	13.0
3162.0	-0.04941406	-0.06418458	631.0	16.0
3172.0	-0.05146484	-0.06530762	629.0	17.0
3182.0	-0.05153808	-0.06433107	628.0	16.0
3192.0	-0.0508545	-0.06472169	629.0	18.0
3212.0	0.0010986303	-0.006835944	800.0	202.0
3222.0	0.0009277333	-0.007104489	822.0	79.0
3232.0	0.0002685537	-0.0064453119	918.0	114.0
3242.0	0.0014648422	-0.008203125	790.0	73.0
3252.0	0.0017822271	-0.006152345	736.0	18.0
3262.0	0.0022216804	-0.007128906	727.0	62.0
3272.0	0.0004394517	-0.0084472692	904.0	136.0
3282.0	0.0013671894	-0.0061523322	766.0	94.0
3292.0	0.000683592	-0.006591793	844.0	184.0
3302.0	0.0007812504	-0.007568359	845.0	184.0
3312.0	0.0005371102	-0.0051513582	841.0	183.0
3322.0	0.0013916019	-0.007690429	789.0	180.0
3332.0	0.0013916017	-0.006298833	766.0	45.0
3342.0	0.0010742194	-0.0064208903	794.0	185.0
3352.0	0.0013916007	-0.007690428	789.0	155.0
3362.0	0.0009277342	-0.007568345	828.0	127.0
3372.0	0.000781251	-0.00583496	817.0	197.0
3382.0	0.0005126966	-0.009887699	904.0	136.0
3392.0	0.0008056629	-0.006982419	835.0	187.0
3402.0	0.0006347654	-0.0068603539	857.0	180.0
3412.0	0.0012695321	-0.005688481	766.0	144.0
3422.0	0.000512696	-0.006225591	864.0	171.0
3432.0	0.000415038	-0.005737308	877.0	166.0
3442.0	0.0003173825	-0.007885742	920.0	112.0
3452.0	0.0016601569	-0.0075927842	767.0	46.0
