#time	ch1	ch2	lambda	delta
182.0	-0.04916993	-0.05862402	624.0	18.0
192.0	-0.05075684	-0.05957616	623.0	18.0
202.0	-0.05119629	-0.05916113	620.0	18.0
212.0	-0.05007323	-0.05982032	624.0	16.0
222.0	-0.05043945	-0.05899023	622.0	18.0
232.0	-0.05283203	-0.05913672	617.0	19.0
242.0	-0.05354004	-0.05947853	616.0	18.0
252.0	-0.0541748	-0.05938086	615.0	18.0
262.0	-0.05507812	-0.06140722	617.0	18.0
272.0	-0.05590819	-0.06065038	614.0	16.0
282.0	-0.05710449	-0.0624082	615.0	15.0
292.0	-0.05874022	-0.0643125	615.0	17.0
302.0	-0.06069335	-0.06406835	610.0	17.0
312.0	-0.06137695	-0.06389746	608.0	18.0
322.0	-0.06215822	-0.06404395	608.0	15.0
332.0	-0.06301268	-0.06460547	607.0	17.0
342.0	-0.06323242	-0.0649961	607.0	16.0
352.0	-0.06586914	-0.06477636	604.0	13.0
362.0	-0.06721191	-0.06682714	605.0	14.0
372.0	-0.06884765	-0.06690039	603.0	13.0
382.0	-0.07033692	-0.06709571	601.0	11.0
392.0	-0.07150878	-0.06841406	601.0	15.0
402.0	-0.07121582	-0.06624121	599.0	11.0
412.0	-0.07370605	-0.0691953	600.0	14.0
422.0	-0.07375489	-0.06841405	599.0	14.0
432.0	-0.07661133	-0.07083106	598.0	12.0
442.0	-0.07832032	-0.07273533	599.0	13.0
452.0	-0.0782959	-0.07058691	596.0	13.0
462.0	-0.0791504	-0.07271092	598.0	13.0
472.0	-0.08054199	-0.07229588	595.0	12.0
482.0	-0.08186036	-0.07322365	595.0	13.0
492.0	-0.08376465	-0.0738584	593.0	13.0
502.0	-0.0852295	-0.07319923	591.0	12.0
512.0	-0.08637694	-0.07505469	592.0	11.0
522.0	-0.08886718	-0.0745664	589.0	12.0
532.0	-0.09001464	-0.07647071	590.0	10.0
542.0	-0.09145508	-0.07681251	589.0	12.0
552.0	-0.09370116	-0.07793555	588.0	10.0
562.0	-0.0954834	-0.07844824	587.0	10.0
572.0	-0.09667968	-0.08152441	589.0	10.0
582.0	-0.09899902	-0.08093847	586.0	12.0
592.0	-0.1012452	-0.08135351	585.0	9.0
602.0	-0.1032225	-0.082916	585.0	9.0
612.0	-0.1049316	-0.08179296	582.0	11.0
622.0	-0.1070801	-0.08311133	581.0	9.0
632.0	-0.110498	-0.08582129	581.0	11.0
642.0	-0.1133056	-0.08694434	580.0	9.0
652.0	-0.1159668	-0.08772558	579.0	10.0
662.0	-0.11687	-0.0882871	579.0	8.0
672.0	-0.1216064	-0.09136328	578.0	8.0
682.0	-0.1225342	-0.09043558	577.0	9.0
692.0	-0.1226073	-0.09099707	577.0	8.0
702.0	-0.1191406	-0.08845802	577.0	9.0
712.0	-0.1172363	-0.08425878	574.0	8.0
722.0	-0.1145752	-0.08286719	575.0	11.0
732.0	-0.1120118	-0.08045019	574.0	10.0
742.0	-0.1107177	-0.07737402	572.0	10.0
752.0	-0.1069092	-0.07520119	572.0	14.0
762.0	-0.106787	-0.07285744	569.0	11.0
772.0	-0.1045165	-0.07112402	569.0	11.0
782.0	-0.1026366	-0.06956153	569.0	12.0
792.0	-0.10187982	-0.06714453	566.0	13.0
802.0	-0.09848636	-0.06614357	568.0	15.0
812.0	-0.09785155	-0.06314063	565.0	13.0
822.0	-0.09592284	-0.06277442	566.0	14.0
832.0	-0.09499513	-0.06248145	566.0	13.0
842.0	-0.09433593	-0.05940528	563.0	12.0
852.0	-0.09421386	-0.06052832	564.0	15.0
862.0	-0.09187012	-0.05774511	562.0	11.0
872.0	-0.09233398	-0.05662207	560.0	15.0
882.0	-0.09077149	-0.05652441	562.0	12.0
892.0	-0.08952635	-0.05400976	559.0	12.0
902.0	-0.08798827	-0.05361914	560.0	16.0
912.0	-0.08781739	-0.05239845	558.0	14.0
922.0	-0.08623047	-0.05203222	559.0	17.0
932.0	-0.08623048	-0.0513242	558.0	14.0
942.0	-0.08591308	-0.049542	555.0	15.0
952.0	-0.08459472	-0.04990818	557.0	17.0
962.0	-0.08269043	-0.04727148	554.0	17.0
972.0	-0.08227539	-0.04663671	554.0	16.0
982.0	-0.08098144	-0.04668553	555.0	15.0
992.0	-0.08098145	-0.04497657	552.0	18.0
1002.0	-0.07888183	-0.04492772	554.0	19.0
1012.0	-0.07844239	-0.04243751	550.0	15.0
1022.0	-0.07819824	-0.04243749	550.0	15.0
1032.0	-0.07756348	-0.03977636	546.0	17.0
1042.0	-0.07678221	-0.04016699	547.0	16.0
1052.0	-0.07570801	-0.03899512	546.0	18.0
1062.0	-0.07543946	-0.03645605	542.0	16.0
1072.0	-0.07416993	-0.03750586	545.0	21.0
1082.0	-0.07326659	-0.03694433	545.0	19.0
1092.0	-0.07131346	-0.0351377	543.0	21.0
1102.0	-0.0720459	-0.03679785	546.0	18.0
1112.0	-0.0717041	-0.03540625	543.0	17.0
1122.0	-0.07236327	-0.03416115	540.0	19.0
1132.0	-0.07106935	-0.03452735	542.0	15.0
1142.0	-0.0701416	-0.03411233	542.0	18.0
1152.0	-0.07028809	-0.03342872	541.0	20.0
1162.0	-0.06921388	-0.03298925	541.0	19.0
1172.0	-0.06987305	-0.03311133	541.0	20.0
1182.0	-0.06999512	-0.03284277	540.0	20.0
1192.0	-0.07004394	-0.03294042	540.0	20.0
1202.0	-0.07121583	-0.03420996	541.0	20.0
1212.0	-0.07138672	-0.03250096	538.0	15.0
1222.0	-0.07075196	-0.03294043	539.0	19.0
1232.0	-0.07109374	-0.03340429	540.0	18.0
1242.0	-0.07121581	-0.03316015	539.0	19.0
1252.0	-0.07141113	-0.03430762	541.0	22.0
1262.0	-0.07265624	-0.03301366	537.0	16.0
1272.0	-0.07272948	-0.03521094	542.0	15.0
1282.0	-0.072583	-0.03364843	539.0	18.0
1292.0	-0.07277832	-0.03350195	538.0	17.0
1302.0	-0.07426756	-0.0351377	540.0	14.0
1312.0	-0.07451171	-0.03235448	534.0	17.0
1322.0	-0.07568359	-0.03469825	538.0	16.0
1332.0	-0.07526856	-0.03342871	536.0	16.0
1342.0	-0.07785644	-0.03384373	534.0	16.0
1352.0	-0.0782959	-0.03435645	535.0	17.0
1362.0	-0.07963866	-0.0341123	533.0	14.0
1372.0	-0.07968749	-0.03533299	536.0	16.0
1382.0	-0.08127441	-0.03550391	535.0	17.0
1392.0	-0.08156737	-0.03596777	535.0	14.0
1402.0	-0.082959	-0.03535741	533.0	15.0
1412.0	-0.0845215	-0.03408789	530.0	18.0
1422.0	-0.08479005	-0.0351377	531.0	14.0
1432.0	-0.08503417	-0.03506446	531.0	15.0
1442.0	-0.08562013	-0.0349424	530.0	12.0
1452.0	-0.08686522	-0.03574805	531.0	15.0
1462.0	-0.08666993	-0.03528417	530.0	13.0
1472.0	-0.08867188	-0.0349668	528.0	15.0
1482.0	-0.08930662	-0.03543067	529.0	14.0
1492.0	-0.09008787	-0.03518651	528.0	12.0
1502.0	-0.08940428	-0.03577247	529.0	15.0
1512.0	-0.09199218	-0.0361875	528.0	13.0
1522.0	-0.09245606	-0.03701758	529.0	12.0
1532.0	-0.09282228	-0.03589454	527.0	15.0
1542.0	-0.09470213	-0.03679785	528.0	13.0
1552.0	-0.0942871	-0.03626075	527.0	14.0
1562.0	-0.09675292	-0.03591893	525.0	14.0
1572.0	-0.0979004	-0.03726171	526.0	13.0
1582.0	-0.09809574	-0.03599219	524.0	12.0
1592.0	-0.09853507	-0.03638281	524.0	15.0
1602.0	-0.09948733	-0.03599217	523.0	13.0
1612.0	-0.10046384	-0.037042	524.0	12.0
1622.0	-0.10241702	-0.03591895	521.0	12.0
1632.0	-0.1047364	-0.03704199	522.0	11.0
1642.0	-0.1042724	-0.03816502	524.0	12.0
1652.0	-0.1054931	-0.036334	521.0	12.0
1662.0	-0.1069091	-0.0391416	524.0	10.0
1672.0	-0.1082277	-0.0375791	521.0	11.0
1682.0	-0.1105223	-0.03770115	520.0	10.0
1692.0	-0.1109375	-0.03796972	520.0	9.0
1702.0	-0.1097655	-0.03657812	519.0	12.0
1712.0	-0.1067627	-0.03650489	520.0	13.0
1722.0	-0.10380855	-0.03511329	520.0	14.0
1732.0	-0.10097668	-0.03403906	519.0	13.0
1742.0	-0.0993164	-0.03301367	519.0	12.0
1752.0	-0.09606934	-0.03076759	517.0	14.0
1762.0	-0.09326173	-0.03047461	518.0	12.0
1772.0	-0.09152831	-0.02940039	517.0	13.0
1782.0	-0.08884277	-0.02781349	516.0	10.0
1792.0	-0.0873779	-0.02822852	517.0	14.0
1802.0	-0.08503418	-0.02666603	516.0	17.0
1812.0	-0.08366699	-0.0264707	516.0	15.0
1822.0	-0.08208007	-0.02434669	513.0	15.0
1832.0	-0.08037109	-0.02376075	513.0	13.0
1842.0	-0.07854005	-0.02322362	513.0	16.0
1852.0	-0.07729492	-0.0212461	510.0	17.0
1862.0	-0.0749756	-0.02161231	512.0	16.0
1872.0	-0.07341308	-0.01946387	508.0	15.0
1882.0	-0.07126466	-0.01995215	511.0	21.0
1892.0	-0.07194823	-0.02078222	512.0	18.0
1902.0	-0.06992187	-0.01921973	510.0	19.0
1912.0	-0.06728513	-0.01897559	511.0	22.0
1922.0	-0.06706543	-0.01856055	510.0	19.0
1932.0	-0.06591797	-0.01660741	505.0	22.0
1942.0	-0.06440429	-0.01724218	508.0	17.0
1952.0	-0.06279297	-0.01636327	507.0	21.0
1962.0	-0.0621582	-0.0150449	504.0	22.0
1972.0	-0.06049806	-0.01472752	504.0	23.0
1982.0	-0.06020508	-0.01524024	506.0	25.0
1992.0	-0.05725098	-0.01399512	504.0	24.0
2002.0	-0.0559082	-0.0124082	500.0	27.0
2012.0	-0.05422363	-0.01235938	500.0	22.0
2022.0	-0.05383301	-0.01162694	499.0	26.0
2032.0	-0.05107422	-0.01055274	497.0	27.0
2042.0	-0.05021971	-0.01033301	497.0	30.0
2052.0	-0.04853516	-0.01079689	500.0	38.0
2062.0	-0.04558104	-0.00920996	496.0	36.0
2072.0	-0.04440918	-0.00786719	491.0	42.0
2082.0	-0.04436036	-0.009722644	499.0	35.0
2092.0	-0.04399414	-0.007061528	487.0	39.0
2102.0	-0.04287109	-0.006133792	483.0	54.0
2112.0	-0.04235839	-0.0066709	487.0	32.0
2122.0	-0.04155273	-0.003936525	469.0	49.0
2132.0	-0.03940429	-0.005865242	485.0	65.0
2142.0	-0.04140625	-0.0056455	482.0	50.0
2152.0	-0.03818359	-0.005669923	485.0	64.0
2162.0	-0.03872071	-0.005254877	481.0	61.0
2172.0	-0.03784179	-0.004961903	480.0	60.0
2182.0	-0.03806154	-0.006499991	490.0	51.0
2192.0	-0.03864746	-0.00376562	470.0	58.0
2202.0	-0.0378174	-0.005718746	485.0	52.0
2212.0	-0.03837891	-0.004766602	478.0	63.0
2222.0	-0.03891602	-0.005132818	481.0	52.0
2232.0	-0.03947755	-0.006060552	486.0	54.0
2242.0	-0.03918457	-0.005767576	484.0	36.0
2252.0	-0.03994141	-0.006377937	487.0	47.0
2262.0	-0.03999023	-0.0061338	486.0	49.0
2272.0	-0.03937987	-0.006841801	490.0	54.0
2282.0	-0.04101561	-0.007671866	493.0	40.0
2292.0	-0.04064941	-0.00847755	497.0	36.0
2302.0	-0.04152831	-0.00920996	500.0	39.0
2312.0	-0.04125976	-0.008672842	498.0	37.0
2322.0	-0.04316406	-0.009747078	500.0	32.0
2332.0	-0.04411621	-0.0130918	513.0	31.0
2342.0	-0.04558106	-0.01126075	505.0	27.0
2352.0	-0.04599611	-0.01318946	512.0	35.0
2362.0	-0.04638673	-0.01453221	516.0	34.0
2372.0	-0.04809571	-0.01414161	513.0	27.0
2382.0	-0.04768065	-0.01526464	517.0	37.0
2392.0	-0.04941407	-0.01611914	518.0	22.0
2402.0	-0.05100097	-0.01751075	520.0	28.0
2412.0	-0.05039063	-0.01802344	523.0	31.0
2422.0	-0.05180664	-0.01860937	523.0	22.0
2432.0	-0.05205078	-0.02190527	532.0	22.0
2442.0	-0.05332032	-0.0209287	528.0	28.0
2452.0	-0.05429687	-0.02297948	532.0	26.0
2462.0	-0.05500488	-0.02380956	534.0	22.0
2472.0	-0.05615234	-0.02293066	530.0	25.0
2482.0	-0.05776365	-0.02534765	535.0	17.0
2492.0	-0.05783691	-0.02581152	536.0	19.0
2502.0	-0.05917968	-0.02583594	535.0	23.0
2512.0	-0.05856933	-0.02778904	541.0	24.0
2522.0	-0.06135254	-0.02925389	541.0	18.0
2532.0	-0.06184083	-0.02891211	539.0	19.0
2542.0	-0.06269531	-0.03235448	546.0	24.0
2552.0	-0.06379395	-0.0325254	545.0	22.0
2562.0	-0.06618651	-0.03352638	545.0	21.0
2572.0	-0.06655274	-0.03587012	550.0	21.0
2582.0	-0.06940917	-0.03689551	549.0	19.0
2592.0	-0.06896975	-0.03953222	555.0	16.0
2602.0	-0.07089844	-0.04111913	555.0	19.0
2612.0	-0.07209473	-0.04204686	556.0	17.0
2622.0	-0.0730957	-0.044708	560.0	17.0
2632.0	-0.07458496	-0.04429295	557.0	14.0
2642.0	-0.07687989	-0.04805273	562.0	14.0
2652.0	-0.07863768	-0.04951757	563.0	15.0
2662.0	-0.08234863	-0.05176367	562.0	15.0
2672.0	-0.08469238	-0.05515723	565.0	15.0
2682.0	-0.08688964	-0.05703709	566.0	13.0
2692.0	-0.08969727	-0.06262793	572.0	10.0
2702.0	-0.08962402	-0.06277441	572.0	14.0
2712.0	-0.08913575	-0.06248145	572.0	12.0
2722.0	-0.08847656	-0.06331152	574.0	14.0
2732.0	-0.08825683	-0.0622617	573.0	10.0
2742.0	-0.08591308	-0.06353126	577.0	15.0
2752.0	-0.08510742	-0.06255468	576.0	10.0
2762.0	-0.08312988	-0.06213966	578.0	16.0
2772.0	-0.08215332	-0.06235937	579.0	12.0
2782.0	-0.08210447	-0.0613584	578.0	12.0
2792.0	-0.08095703	-0.06282326	581.0	15.0
2802.0	-0.07941894	-0.06133398	581.0	14.0
2812.0	-0.07854004	-0.06130957	582.0	14.0
2822.0	-0.07761229	-0.06104102	582.0	15.0
2832.0	-0.07558594	-0.06040623	584.0	14.0
2842.0	-0.07629396	-0.06179786	585.0	12.0
2852.0	-0.07514648	-0.06218849	588.0	15.0
2862.0	-0.07382812	-0.0611631	588.0	17.0
2872.0	-0.07373047	-0.06167577	588.0	13.0
2882.0	-0.07141113	-0.06055273	590.0	15.0
2892.0	-0.07053223	-0.06226172	593.0	15.0
2902.0	-0.06965332	-0.06084571	593.0	16.0
2912.0	-0.06972657	-0.0596494	591.0	14.0
2922.0	-0.069458	-0.06135839	594.0	15.0
2932.0	-0.06760255	-0.05913673	593.0	12.0
2942.0	-0.06708984	-0.06018651	595.0	14.0
2952.0	-0.06621094	-0.05989356	596.0	13.0
2962.0	-0.06621094	-0.05994239	596.0	19.0
2972.0	-0.06472167	-0.06023536	599.0	17.0
2982.0	-0.06364745	-0.05925879	599.0	15.0
2992.0	-0.06340332	-0.06133398	602.0	11.0
3002.0	-0.06250001	-0.05986914	602.0	16.0
3012.0	-0.06262207	-0.05945409	601.0	14.0
3022.0	-0.06147462	-0.05977148	603.0	15.0
3032.0	-0.05942382	-0.0594541	605.0	18.0
3042.0	-0.05930175	-0.05935644	605.0	17.0
3052.0	-0.05698242	-0.05947851	609.0	18.0
3062.0	-0.05625	-0.05869728	609.0	18.0
3072.0	-0.05634766	-0.05901464	609.0	17.0
3082.0	-0.05471191	-0.05930762	614.0	21.0
3092.0	-0.05322264	-0.05886818	616.0	19.0
3102.0	-0.05339355	-0.05984475	617.0	21.0
3112.0	-0.05339356	-0.05874609	615.0	20.0
3122.0	-0.0520996	-0.0587461	618.0	16.0
3132.0	-0.05224609	-0.05798926	616.0	18.0
3142.0	-0.05139159	-0.05950292	620.0	17.0
3152.0	-0.05083008	-0.05864843	620.0	14.0
3162.0	-0.04941406	-0.05818458	623.0	17.0
3172.0	-0.05146484	-0.05930762	620.0	20.0
3192.0	-0.0508545	-0.05872169	620.0	21.0