#time	ch1	ch2	lambda	delta
102.0	0.0006113275	4.1994e-05	500.0	0.0
112.0	0.000440429	-0.000568355	630.0	198.0
122.0	-0.0008535156	0.000334967	528.0	111.0
132.0	7.42187e-05	-0.001300788	895.0	146.0
142.0	0.0001474603	0.000286126	672.0	209.0
152.0	0.0005869144	-0.000226566	527.0	109.0
162.0	0.0001230485	-0.001105459	837.0	188.0
182.0	-0.05016993	-0.05762402	619.0	19.0
192.0	-0.05175684	-0.05857616	618.0	19.0
202.0	-0.05219629	-0.05816113	617.0	19.0
212.0	-0.05107323	-0.05882032	620.0	19.0
222.0	-0.05143945	-0.05799023	618.0	19.0
232.0	-0.05383203	-0.05813672	614.0	18.0
242.0	-0.05454004	-0.05847853	612.0	18.0
252.0	-0.0551748	-0.05838086	610.0	18.0
262.0	-0.05607812	-0.06040722	613.0	18.0
272.0	-0.05690819	-0.05965038	609.0	15.0
282.0	-0.05810449	-0.0614082	610.0	14.0
292.0	-0.05974022	-0.0633125	610.0	16.0
302.0	-0.06169335	-0.06306835	607.0	17.0
312.0	-0.06237695	-0.06289746	606.0	17.0
322.0	-0.06315822	-0.06304395	605.0	15.0
332.0	-0.06401268	-0.06360547	605.0	17.0
342.0	-0.06423242	-0.0639961	605.0	16.0
352.0	-0.06686914	-0.06377636	601.0	13.0
362.0	-0.06821191	-0.06582714	602.0	13.0
372.0	-0.06984765	-0.06590039	600.0	13.0
382.0	-0.07133692	-0.06609571	599.0	12.0
392.0	-0.07250878	-0.06741406	599.0	15.0
402.0	-0.07221582	-0.06524121	596.0	10.0
412.0	-0.07470605	-0.0681953	597.0	14.0
422.0	-0.07475489	-0.06741405	596.0	15.0
432.0	-0.07761133	-0.06983106	595.0	13.0
442.0	-0.07932032	-0.07173533	596.0	14.0
452.0	-0.0792959	-0.06958691	593.0	14.0
462.0	-0.0801504	-0.07171092	595.0	14.0
472.0	-0.08154199	-0.07129588	593.0	12.0
482.0	-0.08286036	-0.07222365	592.0	13.0
492.0	-0.08476465	-0.0728584	591.0	13.0
502.0	-0.0862295	-0.07219923	588.0	11.0
512.0	-0.08737694	-0.07405469	590.0	11.0
522.0	-0.08986718	-0.0735664	586.0	12.0
532.0	-0.09101464	-0.07547071	588.0	10.0
542.0	-0.09245508	-0.07581251	586.0	13.0
552.0	-0.09470116	-0.07693555	585.0	10.0
562.0	-0.0964834	-0.07744824	584.0	9.0
572.0	-0.09767968	-0.08052441	587.0	10.0
582.0	-0.09999902	-0.07993847	584.0	12.0
592.0	-0.1022452	-0.08035351	582.0	9.0
602.0	-0.1042225	-0.081916	582.0	9.0
612.0	-0.1059316	-0.08079296	579.0	10.0
622.0	-0.1080801	-0.08211133	579.0	9.0
632.0	-0.111498	-0.08482129	579.0	11.0
642.0	-0.1143056	-0.08594434	578.0	9.0
652.0	-0.1169668	-0.08672558	577.0	10.0
662.0	-0.11787	-0.0872871	577.0	8.0
672.0	-0.1226064	-0.09036328	576.0	7.0
682.0	-0.1235342	-0.08943558	575.0	9.0
692.0	-0.1236073	-0.08999707	576.0	7.0
702.0	-0.1201406	-0.08745802	576.0	9.0
712.0	-0.1182363	-0.08325878	573.0	8.0
722.0	-0.1155752	-0.08186719	573.0	10.0
732.0	-0.1130118	-0.07945019	572.0	11.0
742.0	-0.1117177	-0.07637402	570.0	10.0
752.0	-0.1079092	-0.07420119	570.0	14.0
762.0	-0.107787	-0.07185744	568.0	11.0
772.0	-0.1055165	-0.07012402	567.0	11.0
782.0	-0.1036366	-0.06856153	567.0	12.0
792.0	-0.10287982	-0.06614453	564.0	13.0
802.0	-0.09948636	-0.06514357	566.0	14.0
812.0	-0.09885155	-0.06214063	562.0	13.0
822.0	-0.09692284	-0.06177442	564.0	13.0
832.0	-0.09599513	-0.06148145	564.0	12.0
842.0	-0.09533593	-0.05840528	560.0	11.0
852.0	-0.09521386	-0.05952832	562.0	14.0
862.0	-0.09287012	-0.05674511	560.0	10.0
872.0	-0.09333398	-0.05562207	558.0	16.0
882.0	-0.09177149	-0.05552441	559.0	12.0
892.0	-0.09052635	-0.05300976	556.0	13.0
902.0	-0.08898827	-0.05261914	557.0	15.0
912.0	-0.08881739	-0.05139845	555.0	14.0
922.0	-0.08723047	-0.05103222	556.0	17.0
932.0	-0.08723048	-0.0503242	555.0	13.0
942.0	-0.08691308	-0.048542	553.0	15.0
952.0	-0.08559472	-0.04890818	554.0	17.0
962.0	-0.08369043	-0.04627148	552.0	17.0
972.0	-0.08327539	-0.04563671	551.0	15.0
982.0	-0.08198144	-0.04568553	553.0	15.0
992.0	-0.08198145	-0.04397657	549.0	18.0
1002.0	-0.07988183	-0.04392772	552.0	20.0
1012.0	-0.07944239	-0.04143751	547.0	15.0
1022.0	-0.07919824	-0.04143749	547.0	14.0
1032.0	-0.07856348	-0.03877636	543.0	17.0
1042.0	-0.07778221	-0.03916699	544.0	16.0
1052.0	-0.07670801	-0.03799512	544.0	18.0
1062.0	-0.07643946	-0.03545605	539.0	16.0
1072.0	-0.07516993	-0.03650586	542.0	21.0
1082.0	-0.07426659	-0.03594433	542.0	19.0
1092.0	-0.07231346	-0.0341377	540.0	21.0
1102.0	-0.0730459	-0.03579785	543.0	18.0
1112.0	-0.0727041	-0.03440625	540.0	17.0
1122.0	-0.07336327	-0.03316115	537.0	17.0
1132.0	-0.07206935	-0.03352735	539.0	16.0
1142.0	-0.0711416	-0.03311233	539.0	18.0
1152.0	-0.07128809	-0.03242872	538.0	20.0
1162.0	-0.07021388	-0.03198925	538.0	18.0
1172.0	-0.07087305	-0.03211133	537.0	19.0
1182.0	-0.07099512	-0.03184277	536.0	20.0
1192.0	-0.07104394	-0.03194042	537.0	19.0
1202.0	-0.07221583	-0.03320996	538.0	19.0
1212.0	-0.07238672	-0.03150096	534.0	14.0
1222.0	-0.07175196	-0.03194043	536.0	17.0
1232.0	-0.07209374	-0.03240429	537.0	18.0
1242.0	-0.07221581	-0.03216015	536.0	19.0
1252.0	-0.07241113	-0.03330762	538.0	22.0
1262.0	-0.07365624	-0.03201366	534.0	16.0
1272.0	-0.07372948	-0.03421094	539.0	14.0
1282.0	-0.073583	-0.03264843	536.0	17.0
1292.0	-0.07377832	-0.03250195	535.0	17.0
1302.0	-0.07526756	-0.0341377	537.0	14.0
1312.0	-0.07551171	-0.03135448	531.0	17.0
1322.0	-0.07668359	-0.03369825	535.0	15.0
1332.0	-0.07626856	-0.03242871	533.0	16.0
1342.0	-0.07885644	-0.03284373	531.0	17.0
1352.0	-0.0792959	-0.03335645	532.0	16.0
1362.0	-0.08063866	-0.0331123	530.0	14.0
1372.0	-0.08068749	-0.03433299	533.0	17.0
1382.0	-0.08227441	-0.03450391	532.0	17.0
1392.0	-0.08256737	-0.03496777	533.0	15.0
1402.0	-0.083959	-0.03435741	530.0	14.0
1412.0	-0.0855215	-0.03308789	527.0	17.0
1422.0	-0.08579005	-0.0341377	529.0	14.0
1432.0	-0.08603417	-0.03406446	529.0	15.0
1442.0	-0.08662013	-0.0339424	528.0	12.0
1452.0	-0.08786522	-0.03474805	529.0	15.0
1462.0	-0.08766993	-0.03428417	528.0	14.0
1472.0	-0.08967188	-0.0339668	526.0	14.0
1482.0	-0.09030662	-0.03443067	526.0	13.0
1492.0	-0.09108787	-0.03418651	525.0	12.0
1502.0	-0.09040428	-0.03477247	527.0	14.0
1512.0	-0.09299218	-0.0351875	526.0	12.0
1522.0	-0.09345606	-0.03601758	527.0	12.0
1532.0	-0.09382228	-0.03489454	525.0	14.0
1542.0	-0.09570213	-0.03579785	525.0	12.0
1552.0	-0.0952871	-0.03526075	525.0	13.0
1562.0	-0.09775292	-0.03491893	523.0	14.0
1572.0	-0.0989004	-0.03626171	524.0	12.0
1582.0	-0.09909574	-0.03499219	522.0	12.0
1592.0	-0.09953507	-0.03538281	522.0	15.0
1602.0	-0.10048733	-0.03499217	521.0	13.0
1612.0	-0.10146384	-0.036042	522.0	13.0
1622.0	-0.10341702	-0.03491895	519.0	12.0
1632.0	-0.1057364	-0.03604199	520.0	11.0
1642.0	-0.1052724	-0.03716502	522.0	12.0
1652.0	-0.1064931	-0.035334	519.0	12.0
1662.0	-0.1079091	-0.0381416	522.0	10.0
1672.0	-0.1092277	-0.0365791	519.0	11.0
1682.0	-0.1115223	-0.03670115	518.0	10.0
1692.0	-0.1119375	-0.03696972	518.0	9.0
1702.0	-0.1107655	-0.03557812	517.0	11.0
1712.0	-0.1077627	-0.03550489	518.0	11.0
1722.0	-0.10480855	-0.03411329	518.0	12.0
1732.0	-0.10197668	-0.03303906	517.0	12.0
1742.0	-0.1003164	-0.03201367	517.0	10.0
1752.0	-0.09706934	-0.02976759	515.0	14.0
1762.0	-0.09426173	-0.02947461	515.0	12.0
1772.0	-0.09252831	-0.02840039	515.0	12.0
1782.0	-0.08984277	-0.02681349	513.0	11.0
1792.0	-0.0883779	-0.02722852	515.0	15.0
1802.0	-0.08603418	-0.02566603	513.0	17.0
1812.0	-0.08466699	-0.0254707	514.0	15.0
1822.0	-0.08308007	-0.02334669	511.0	15.0
1832.0	-0.08137109	-0.02276075	511.0	13.0
1842.0	-0.07954005	-0.02222362	511.0	17.0
1852.0	-0.07829492	-0.0202461	507.0	15.0
1862.0	-0.0759756	-0.02061231	509.0	16.0
1872.0	-0.07441308	-0.01846387	505.0	13.0
1882.0	-0.07226466	-0.01895215	508.0	18.0
1892.0	-0.07294823	-0.01978222	509.0	18.0
1902.0	-0.07092187	-0.01821973	507.0	16.0
1912.0	-0.06828513	-0.01797559	508.0	19.0
1922.0	-0.06806543	-0.01756055	507.0	16.0
1932.0	-0.06691797	-0.01560741	502.0	14.0
1942.0	-0.06540429	-0.01624218	505.0	14.0
1952.0	-0.06379297	-0.01536327	504.0	14.0
1962.0	-0.0631582	-0.0140449	500.0	12.0
1972.0	-0.06149806	-0.01372752	500.0	13.0
1982.0	-0.06120508	-0.01424024	502.0	15.0
1992.0	-0.05825098	-0.01299512	500.0	13.0
2002.0	-0.0569082	-0.0114082	500.0	11.0
2012.0	-0.05522363	-0.01135938	500.0	9.0
2022.0	-0.05483301	-0.01062694	500.0	9.0
2032.0	-0.05207422	-0.00955274	500.0	7.0
2042.0	-0.05121971	-0.00933301	500.0	9.0
2052.0	-0.04953516	-0.00979689	500.0	16.0
2062.0	-0.04658104	-0.00820996	500.0	12.0
2072.0	-0.04540918	-0.00686719	500.0	10.0
2082.0	-0.04536036	-0.008722644	500.0	14.0
2092.0	-0.04499414	-0.006061528	500.0	4.0
2102.0	-0.04387109	-0.005133792	500.0	11.0
2112.0	-0.04335839	-0.0056709	500.0	0.0
2122.0	-0.04255273	-0.002936525	500.0	0.0
2132.0	-0.04040429	-0.004865242	500.0	18.0
2142.0	-0.04240625	-0.0046455	500.0	5.0
2152.0	-0.03918359	-0.004669923	500.0	17.0
2162.0	-0.03972071	-0.004254877	500.0	12.0
2172.0	-0.03884179	-0.003961903	500.0	10.0
2182.0	-0.03906154	-0.005499991	500.0	14.0
2192.0	-0.03964746	-0.00276562	500.0	0.0
2202.0	-0.0388174	-0.004718746	500.0	10.0
2212.0	-0.03937891	-0.003766602	500.0	7.0
2222.0	-0.03991602	-0.004132818	500.0	5.0
2232.0	-0.04047755	-0.005060552	500.0	13.0
2242.0	-0.04018457	-0.004767576	500.0	0.0
2252.0	-0.04094141	-0.005377937	500.0	9.0
2262.0	-0.04099023	-0.0051338	500.0	9.0
2272.0	-0.04037987	-0.005841801	500.0	17.0
2282.0	-0.04201561	-0.006671866	500.0	12.0
2292.0	-0.04164941	-0.00747755	500.0	13.0
2302.0	-0.04252831	-0.00820996	500.0	17.0
2312.0	-0.04225976	-0.007672842	500.0	13.0
2322.0	-0.04416406	-0.008747078	500.0	13.0
2332.0	-0.04511621	-0.0120918	508.0	26.0
2342.0	-0.04658106	-0.01026075	500.0	14.0
2352.0	-0.04699611	-0.01218946	507.0	27.0
2362.0	-0.04738673	-0.01353221	512.0	30.0
2372.0	-0.04909571	-0.01314161	508.0	23.0
2382.0	-0.04868065	-0.01426464	513.0	33.0
2392.0	-0.05041407	-0.01511914	513.0	22.0
2402.0	-0.05200097	-0.01651075	516.0	28.0
2412.0	-0.05139063	-0.01702344	518.0	30.0
2422.0	-0.05280664	-0.01760937	519.0	21.0
2432.0	-0.05305078	-0.02090527	528.0	23.0
2442.0	-0.05432032	-0.0199287	524.0	27.0
2452.0	-0.05529687	-0.02197948	529.0	26.0
2462.0	-0.05600488	-0.02280956	530.0	22.0
2472.0	-0.05715234	-0.02193066	527.0	25.0
2482.0	-0.05876365	-0.02434765	531.0	16.0
2492.0	-0.05883691	-0.02481152	532.0	19.0
2502.0	-0.06017968	-0.02483594	531.0	22.0
2512.0	-0.05956933	-0.02678904	537.0	23.0
2522.0	-0.06235254	-0.02825389	537.0	17.0
2532.0	-0.06284083	-0.02791211	536.0	18.0
2542.0	-0.06369531	-0.03135448	543.0	23.0
2552.0	-0.06479395	-0.0315254	542.0	22.0
2562.0	-0.06718651	-0.03252638	542.0	21.0
2572.0	-0.06755274	-0.03487012	546.0	20.0
2582.0	-0.07040917	-0.03589551	545.0	18.0
2592.0	-0.06996975	-0.03853222	552.0	16.0
2602.0	-0.07189844	-0.04011913	553.0	20.0
2612.0	-0.07309473	-0.04104686	553.0	17.0
2622.0	-0.0740957	-0.043708	557.0	16.0
2632.0	-0.07558496	-0.04329295	555.0	14.0
2642.0	-0.07787989	-0.04705273	559.0	14.0
2652.0	-0.07963768	-0.04851757	560.0	14.0
2662.0	-0.08334863	-0.05076367	560.0	14.0
2672.0	-0.08569238	-0.05415723	563.0	14.0
2682.0	-0.08788964	-0.05603709	564.0	13.0
2692.0	-0.09069727	-0.06162793	569.0	10.0
2702.0	-0.09062402	-0.06177441	569.0	13.0
2712.0	-0.09013575	-0.06148145	569.0	12.0
2722.0	-0.08947656	-0.06231152	572.0	13.0
2732.0	-0.08925683	-0.0612617	570.0	10.0
2742.0	-0.08691308	-0.06253126	574.0	15.0
2752.0	-0.08610742	-0.06155468	574.0	10.0
2762.0	-0.08412988	-0.06113966	575.0	15.0
2772.0	-0.08315332	-0.06135937	577.0	11.0
2782.0	-0.08310447	-0.0603584	575.0	12.0
2792.0	-0.08195703	-0.06182326	579.0	15.0
2802.0	-0.08041894	-0.06033398	578.0	15.0
2812.0	-0.07954004	-0.06030957	579.0	14.0
2822.0	-0.07861229	-0.06004102	580.0	15.0
2832.0	-0.07658594	-0.05940623	581.0	13.0
2842.0	-0.07729396	-0.06079786	582.0	11.0
2852.0	-0.07614648	-0.06118849	585.0	14.0
2862.0	-0.07482812	-0.0601631	585.0	16.0
2872.0	-0.07473047	-0.06067577	585.0	13.0
2882.0	-0.07241113	-0.05955273	587.0	15.0
2892.0	-0.07153223	-0.06126172	591.0	15.0
2902.0	-0.07065332	-0.05984571	590.0	16.0
2912.0	-0.07072657	-0.0586494	588.0	14.0
2922.0	-0.070458	-0.06035839	591.0	16.0
2932.0	-0.06860255	-0.05813673	590.0	11.0
2942.0	-0.06808984	-0.05918651	592.0	15.0
2952.0	-0.06721094	-0.05889356	593.0	14.0
2962.0	-0.06721094	-0.05894239	593.0	19.0
2972.0	-0.06572167	-0.05923536	596.0	17.0
2982.0	-0.06464745	-0.05825879	596.0	15.0
2992.0	-0.06440332	-0.06033398	600.0	12.0
3002.0	-0.06350001	-0.05886914	599.0	16.0
3012.0	-0.06362207	-0.05845409	598.0	15.0
3022.0	-0.06247462	-0.05877148	600.0	15.0
3032.0	-0.06042382	-0.0584541	602.0	18.0
3042.0	-0.06030175	-0.05835644	602.0	16.0
3052.0	-0.05798242	-0.05847851	606.0	17.0
3062.0	-0.05725	-0.05769728	606.0	17.0
3072.0	-0.05734766	-0.05801464	606.0	16.0
3082.0	-0.05571191	-0.05830762	609.0	19.0
3092.0	-0.05422264	-0.05786818	611.0	19.0
3102.0	-0.05439355	-0.05884475	614.0	21.0
3112.0	-0.05439356	-0.05774609	611.0	19.0
3122.0	-0.0530996	-0.0577461	614.0	15.0
3132.0	-0.05324609	-0.05698926	612.0	17.0
3142.0	-0.05239159	-0.05850292	617.0	19.0
3152.0	-0.05183008	-0.05764843	617.0	16.0
3162.0	-0.05041406	-0.05718458	619.0	19.0
3172.0	-0.05246484	-0.05830762	616.0	20.0
3182.0	-0.05253808	-0.05733107	615.0	19.0
3192.0	-0.0518545	-0.05772169	617.0	21.0
3212.0	9.86303e-05	0.000164056	656.0	206.0
3222.0	-7.22667e-05	-0.000104489	642.0	201.0
3232.0	-0.0007314463	0.0005546881	579.0	167.0
3242.0	0.0004648422	-0.001203125	703.0	84.0
3252.0	0.0007822271	0.000847655	614.0	189.0
3262.0	0.0012216804	-0.000128906	500.0	12.0
3272.0	-0.0005605483	-0.0014472692	703.0	212.0
3282.0	0.0003671894	0.0008476678	692.0	212.0
3292.0	-0.000316408	0.000408207	630.0	198.0
3302.0	-0.0002187496	-0.000568359	704.0	212.0
3312.0	-0.0004628898	0.0018486418	752.0	213.0
3322.0	0.0003916019	-0.000690429	662.0	48.0
3332.0	0.0003916017	0.000701167	664.0	208.0
3342.0	7.42194e-05	0.0005791097	824.0	193.0
3352.0	0.0003916007	-0.000690428	662.0	193.0
3362.0	-7.22658e-05	-0.000568345	825.0	192.0
3372.0	-0.000218749	0.00116504	786.0	209.0
3382.0	-0.0004873034	-0.002887699	794.0	203.0
3392.0	-0.0001943371	1.7581e-05	500.0	4.0
3402.0	-0.0003652346	0.0001396461	527.0	108.0
3412.0	0.0002695321	0.001311519	774.0	208.0
3422.0	-0.000487304	0.000774409	652.0	207.0
3432.0	-0.000584962	0.001262692	684.0	48.0
3442.0	-0.0006826175	-0.000885742	631.0	198.0
3452.0	0.0006601569	-0.0005927842	595.0	179.0
