serial part number: 50
2492 4AC 0.1278 252.0
2499 4AE 0.1279 252.2
2494 4AB 0.1276 252.1
24AB 4AF 0.1277 252.7
24B6 4B3 0.1280 252.9
24AE 4B1 0.1279 252.7
24C1 4BB 0.1287 253.0
249A 4B0 0.1281 252.1
236A 463 0.1239 245.4
2137 450 0.1298 228.2
3269 636 0.1232 349.6
3206 666 0.1279 344.7
2B92 539 0.1199 303.6
29B1 4EC 0.1181 291.2
2602 453 0.1138 267.0
270D 494 0.1172 273.1
279E 4B7 0.1190 276.4
288F 4EA 0.1212 282.1
28DA 4FE 0.1222 283.7
28E7 501 0.1223 284.0
28EC 502 0.1224 284.2
28E1 500 0.1223 283.9
28E1 500 0.1223 283.9
28E5 501 0.1224 284.0
28EC 501 0.1223 284.2
28ED 501 0.1223 284.2
28C8 4F9 0.1219 283.4
264E 48B 0.1186 267.4
2977 4C3 0.1148 290.9
2AEF 501 0.1165 300.5
27D9 4BA 0.1186 278.1
25A8 462 0.1164 263.6
24D5 443 0.1157 258.1
2361 45C 0.1232 245.4
22E7 445 0.1223 242.4
21B6 460 0.1298 231.7
22F5 450 0.1234 242.4
2178 43D 0.1266 231.0
2301 49A 0.1315 240.0
2311 49D 0.1316 240.4
232E 4A7 0.1322 240.9
233A 4AA 0.1324 241.2
2342 4AD 0.1326 241.3
2334 4AB 0.1326 240.9
233F 4B0 0.1330 241.1
22F3 49C 0.1319 239.5
2111 449 0.1296 227.3
20BC 42E 0.1277 225.6
2240 47B 0.1308 235.0
2E0E 566 0.1172 322.1
2BE3 555 0.1215 305.1
29BA 561 0.1289 287.1
24F2 4AF 0.1268 255.0
210C 3A4 0.1102 233.3
2545 444 0.1145 261.6
2697 45F 0.1133 271.3
261C 45E 0.1146 267.4
268A 477 0.1159 270.0
2536 48B 0.1221 258.5
2854 4D6 0.1199 281.0
280C 4CC 0.1198 279.1
280D 4CB 0.1197 279.1
2819 4CE 0.1198 279.4
2817 4CE 0.1198 279.4
2818 4CF 0.1199 279.3
2830 4D1 0.1198 280.0
277C 4AD 0.1184 275.7
24B1 427 0.1132 258.0
2E83 535 0.1120 327.6
3069 585 0.1140 340.0
22EC 427 0.1189 243.7
20C7 406 0.1228 227.5
2385 46A 0.1243 246.0
23A3 473 0.1248 246.6
239A 471 0.1248 246.4
2391 46D 0.1244 246.3
238F 46E 0.1246 246.2
239F 471 0.1247 246.6
22F2 44A 0.1227 242.5
21B8 419 0.1215 234.4
29F5 4EA 0.1171 293.4
366A 691 0.1207 378.7
2D90 5CD 0.1273 314.2
2392 48B 0.1277 245.2
213C 3B6 0.1117 234.1
2315 40A 0.1151 246.0
2380 405 0.1132 249.6
243A 405 0.1110 255.5
2543 440 0.1141 261.7
262C 471 0.1164 267.3
266B 47D 0.1168 268.8
2691 486 0.1173 269.7
26B5 48F 0.1178 270.5
26B4 491 0.1180 270.4
2718 4A6 0.1189 272.8
2646 47D 0.1173 267.6
24A1 421 0.1127 257.7
2447 402 0.1105 256.0
2643 465 0.1149 268.4
28EE 4A2 0.1132 287.8
2F3D 59D 0.1188 329.6
25E6 441 0.1122 266.8
2426 427 0.1149 253.6
2121 40B 0.1220 230.2
21E7 3F6 0.1168 237.2
215F 400 0.1199 232.5
224D 437 0.1229 238.0
224C 438 0.1230 238.0
2225 431 0.1228 237.0
2235 434 0.1229 237.4
222F 433 0.1228 237.2
222C 432 0.1228 237.2
221A 42F 0.1227 236.7
21FA 427 0.1222 236.0
2197 40E 0.1207 233.8
1E71 3BD 0.1228 211.3
2C05 517 0.1156 308.5
2CAE 567 0.1209 310.9
29C7 521 0.1228 289.9
28A4 4C8 0.1176 284.0
2265 393 0.1039 244.7
2331 3BD 0.1062 249.7
2384 3D5 0.1079 251.4
2485 40E 0.1110 257.5
2628 463 0.1150 267.6
2622 462 0.1149 267.5
262F 464 0.1150 267.8
2694 477 0.1157 270.3
26CE 480 0.1160 271.8
26CE 480 0.1160 271.8
26C9 47F 0.1159 271.7
26CB 47F 0.1159 271.8
26B9 47C 0.1158 271.3
2500 426 0.1121 260.5
259F 3E1 0.1031 268.0
30E1 5B2 0.1165 342.1
3045 53D 0.1085 341.5
2141 3BB 0.1122 234.1
1F1D 391 0.1146 218.3
1BB3 344 0.1179 193.5
1F70 3BC 0.1188 219.4
1F86 3BA 0.1182 220.2
1F83 3B9 0.1181 220.1
1FA8 3BE 0.1182 221.1
1F9F 3BC 0.1181 220.9
1F9B 3BC 0.1182 220.7
1FB0 3BF 0.1182 221.3
1FEC 3CB 0.1188 222.8
201E 3D3 0.1191 224.0
1FFF 3CC 0.1187 223.3
1FDA 3C5 0.1183 222.4
1FEA 3BC 0.1170 223.2
21AB 3BD 0.1110 237.4
2AEB 4A4 0.1081 303.8
2C6E 551 0.1197 309.7
2904 4CF 0.1172 286.8
27CC 43B 0.1063 282.3
28D8 47E 0.1100 288.4
2A10 484 0.1074 298.0
2A0B 485 0.1075 297.8
29E7 499 0.1097 296.0
29ED 497 0.1095 296.2
29F2 494 0.1091 296.5
29F9 492 0.1089 296.8
2A77 487 0.1066 301.1
297E 45C 0.1051 294.8
28A3 46A 0.1086 287.4
2980 46A 0.1064 294.4
2A2D 47A 0.1061 299.3
2A41 47D 0.1062 299.8
2A02 471 0.1057 298.2
29D7 46A 0.1055 297.1
26E0 3FD 0.1026 277.1
22C0 392 0.1027 247.6
1EE6 349 0.1063 219.2
1AF8 2F6 0.1098 190.5
19FB 363 0.1304 178.4
1D44 3D8 0.1313 200.7
2459 498 0.1264 251.0
26FC 4CF 0.1233 270.3
2601 41A 0.1079 269.0
2009 37A 0.1085 226.6
19AE 2D3 0.1100 181.3
1D42 350 0.1132 205.7
1EE1 35E 0.1090 218.3
1AA5 2EB 0.1095 188.2
1A47 324 0.1195 183.2
1AD9 358 0.1245 185.9
1BD5 356 0.1199 193.9
1D00 385 0.1214 201.7
22D1 44A 0.1232 241.5
2311 44C 0.1225 243.5
230A 448 0.1222 243.4
2315 44A 0.1223 243.7
2312 449 0.1222 243.6
2316 44A 0.1222 243.7
2324 44B 0.1222 244.1
2323 44B 0.1222 244.1
230F 44C 0.1226 243.4
22C0 444 0.1228 241.2
21FA 42A 0.1226 235.9
24BA 491 0.1243 254.3
2469 49E 0.1268 251.3
1C18 369 0.1214 195.4
1CB9 382 0.1221 199.5
1D7A 397 0.1218 204.9
1D9B 39D 0.1220 205.7
1DA1 39F 0.1222 205.8
1DA4 39F 0.1222 205.9
1DA4 39F 0.1222 205.9
1DA4 39F 0.1222 205.9
1D9D 39E 0.1221 205.7
1D99 39E 0.1222 205.6
1D94 39E 0.1223 205.4
1D97 39E 0.1222 205.5
1D94 39E 0.1223 205.4
1D88 39C 0.1222 205.1
1D84 39B 0.1222 205.0
1D85 39B 0.1221 205.1
1D69 398 0.1222 204.3

