450.000000	2.929604
451.000000	2.901284
452.000000	2.872598
453.000000	2.843580
454.000000	2.814261
455.000000	2.784671
456.000000	2.754839
457.000000	2.724794
458.000000	2.694563
459.000000	2.664171
460.000000	2.633645
461.000000	2.603008
462.000000	2.572285
463.000000	2.541496
464.000000	2.510665
465.000000	2.479811
466.000000	2.448955
467.000000	2.418115
468.000000	2.387309
469.000000	2.356556
470.000000	2.325872
471.000000	2.295271
472.000000	2.264771
473.000000	2.234384
474.000000	2.204125
475.000000	2.174006
476.000000	2.144041
477.000000	2.114239
478.000000	2.084613
479.000000	2.055173
480.000000	2.025928
481.000000	1.996888
482.000000	1.968062
483.000000	1.939456
484.000000	1.911079
485.000000	1.882938
486.000000	1.855038
487.000000	1.827387
488.000000	1.799989
489.000000	1.772849
490.000000	1.745972
491.000000	1.719363
492.000000	1.693023
493.000000	1.666958
494.000000	1.641169
495.000000	1.615659
496.000000	1.590430
497.000000	1.565485
498.000000	1.540823
499.000000	1.516447
500.000000	1.492357
500.000000	1.478298
501.000000	1.459642
502.000000	1.448393
503.000000	1.424218
504.000000	1.399669
505.000000	1.375869
506.000000	1.362176
507.000000	1.340607
508.000000	1.316465
509.000000	1.291777
510.000000	1.277105
511.000000	1.254728
512.000000	1.230237
513.000000	1.202069
514.000000	1.182392
515.000000	1.161492
516.000000	1.142706
517.000000	1.123705
518.000000	1.104443
519.000000	1.084921
520.000000	1.066793
521.000000	1.047682
522.000000	1.029952
523.000000	1.012701
524.000000	0.995914
525.000000	0.979445
526.000000	0.963284
527.000000	0.947420
528.000000	0.929436
529.000000	0.909986
530.000000	0.889562
531.000000	0.874081
532.000000	0.859758
533.000000	0.846642
534.000000	0.830343
535.000000	0.815067
536.000000	0.801309
537.000000	0.788558
538.000000	0.774307
539.000000	0.760257
540.000000	0.747295
541.000000	0.732141
542.000000	0.716514
543.000000	0.702822
544.000000	0.685040
545.000000	0.672216
546.000000	0.659553
547.000000	0.647049
548.000000	0.634700
549.000000	0.622501
550.000000	0.610449
551.000000	0.598541
552.000000	0.585258
553.000000	0.570521
554.000000	0.559076
555.000000	0.543265
556.000000	0.532126
557.000000	0.521110
558.000000	0.510214
559.000000	0.499435
560.000000	0.488771
561.000000	0.475870
562.000000	0.463628
563.000000	0.453337
564.000000	0.441118
565.000000	0.426450
566.000000	0.416507
567.000000	0.406662
568.000000	0.394971
569.000000	0.380802
570.000000	0.371276
571.000000	0.361841
572.000000	0.351402
573.000000	0.339001
574.000000	0.328599
575.000000	0.318140
576.000000	0.304464
577.000000	0.294334
578.000000	0.284279
579.000000	0.270831
580.000000	0.260955
581.000000	0.251151
582.000000	0.238796
583.000000	0.228438
584.000000	0.219416
585.000000	0.207548
586.000000	0.197856
587.000000	0.189673
588.000000	0.175938
589.000000	0.168025
590.000000	0.158130
591.000000	0.149634
592.000000	0.135421
593.000000	0.124163
594.000000	0.115283
595.000000	0.105081
596.000000	0.096867
597.000000	0.085799
598.000000	0.077044
599.000000	0.066899
600.000000	0.056079
601.000000	0.043877
602.000000	0.029620
603.000000	0.018240
604.000000	0.007607
605.000000	-0.002992
606.000000	-0.017604
607.000000	-0.029512
608.000000	-0.040613
609.000000	-0.053072
610.000000	-0.059178
611.000000	-0.067413
612.000000	-0.070564
613.000000	-0.075044
614.000000	-0.085549
615.000000	-0.098439
616.000000	-0.106143
617.000000	-0.116781
618.000000	-0.125062
619.000000	-0.139597
620.000000	-0.146580
621.000000	-0.153566
622.000000	-0.159849
623.000000	-0.172593
624.000000	-0.183493
625.000000	-0.194297
626.000000	-0.206759
627.000000	-0.220441
628.000000	-0.231284
629.000000	-0.243068
630.000000	-0.256640
631.000000	-0.268010
632.000000	-0.274291
633.000000	-0.281681
634.000000	-0.288792
635.000000	-0.297786
636.000000	-0.306782
637.000000	-0.317991
638.000000	-0.328747
639.000000	-0.335975
640.000000	-0.349886
641.000000	-0.359557
642.000000	-0.369686
643.000000	-0.378422
644.000000	-0.386459
645.000000	-0.393694
646.000000	-0.401277
647.000000	-0.413841
648.000000	-0.425014
649.000000	-0.437344
650.000000	-0.449362
651.000000	-0.460684
652.000000	-0.473335
653.000000	-0.484834
654.000000	-0.497949
655.000000	-0.507934
656.000000	-0.510657
657.000000	-0.520530
658.000000	-0.530673
659.000000	-0.539320
660.000000	-0.550989
661.000000	-0.558569
662.000000	-0.568520
663.000000	-0.576579
664.000000	-0.587932
665.000000	-0.595882
666.000000	-0.606672
667.000000	-0.614809
668.000000	-0.618853
669.000000	-0.629479
670.000000	-0.639621
671.000000	-0.651348
672.000000	-0.663453
673.000000	-0.674297
674.000000	-0.685538
675.000000	-0.697255
676.000000	-0.707881
677.000000	-0.719575
678.000000	-0.727847
679.000000	-0.735788
680.000000	-0.742548
681.000000	-0.750437
682.000000	-0.761097
683.000000	-0.768524
684.000000	-0.779987
685.000000	-0.788783
686.000000	-0.798425
687.000000	-0.808759
688.000000	-0.815980
689.000000	-0.824637
690.000000	-0.828627
691.000000	-0.833967
692.000000	-0.842554
693.000000	-0.854574
694.000000	-0.865218
695.000000	-0.877223
696.000000	-0.889698
697.000000	-0.900422
698.000000	-0.911180
699.000000	-0.923268
700.000000	-0.935840
701.000000	-0.944731
702.000000	-0.946195
703.000000	-0.954177
704.000000	-0.959705
705.000000	-0.970538
706.000000	-0.978867
707.000000	-0.988283
708.000000	-1.000377
709.000000	-1.006691
710.000000	-1.015680
711.000000	-1.028408
712.000000	-1.033882
713.000000	-1.038799
714.000000	-1.045113
715.000000	-1.045333
716.000000	-1.057747
717.000000	-1.069180
718.000000	-1.080664
719.000000	-1.092200
720.000000	-1.105276
721.000000	-1.118210
722.000000	-1.129898
723.000000	-1.141641
724.000000	-1.152861
725.000000	-1.154827
726.000000	-1.161999
727.000000	-1.169505
728.000000	-1.174207
729.000000	-1.185885
730.000000	-1.194851
731.000000	-1.202785
732.000000	-1.207871
733.000000	-1.219699
734.000000	-1.227905
735.000000	-1.235315
736.000000	-1.244449
737.000000	-1.247717
738.000000	-1.251675
739.000000	-1.260740
740.000000	-1.272313
741.000000	-1.283945
742.000000	-1.296321
743.000000	-1.308672
744.000000	-1.320487
745.000000	-1.332367
746.000000	-1.344979
747.000000	-1.357589
748.000000	-1.357556
749.000000	-1.365810
750.000000	-1.372397
751.000000	-1.377870
752.000000	-1.390881
753.000000	-1.396620
754.000000	-1.407063
755.000000	-1.417835
756.000000	-1.424531
757.000000	-1.430220
758.000000	-1.441452
759.000000	-1.448966
760.000000	-1.453240
761.000000	-1.456248
762.000000	-1.462785
763.000000	-1.474631
764.000000	-1.486547
765.000000	-1.498535
766.000000	-1.510596
767.000000	-1.522732
768.000000	-1.534944
769.000000	-1.547234
770.000000	-1.559604
771.000000	-1.566410
772.000000	-1.574855
773.000000	-1.575130
774.000000	-1.587528
775.000000	-1.598725
776.000000	-1.604664
777.000000	-1.610152
778.000000	-1.621898
779.000000	-1.633185
780.000000	-1.639234
781.000000	-1.653848
782.000000	-1.656674
783.000000	-1.663765
784.000000	-1.668245
785.000000	-1.666973
786.000000	-1.680606
787.000000	-1.694349
788.000000	-1.708207
789.000000	-1.722180
790.000000	-1.736273
791.000000	-1.749708
792.000000	-1.763728
793.000000	-1.778200
794.000000	-1.788484
795.000000	-1.786634
796.000000	-1.793605
797.000000	-1.797731
798.000000	-1.807786
799.000000	-1.814152
800.000000	-1.829442
801.000000	-1.835473
802.000000	-1.849103
803.000000	-1.851776
804.000000	-1.867298
805.000000	-1.871042
806.000000	-1.878882
807.000000	-1.880932
808.000000	-1.883576
809.000000	-1.897465
810.000000	-1.912142
811.000000	-1.926959
812.000000	-1.939982
813.000000	-1.954938
814.000000	-1.970203
815.000000	-1.985624
816.000000	-2.001204
817.000000	-2.013963
818.000000	-2.015687
819.000000	-2.018267
820.000000	-2.020840
821.000000	-2.032300
822.000000	-2.040174
823.000000	-2.052567
824.000000	-2.060581
825.000000	-2.071409
826.000000	-2.080397
827.000000	-2.093008
828.000000	-2.100371
829.000000	-2.110961
830.000000	-2.112624
831.000000	-2.114491
832.000000	-2.126026
833.000000	-2.140769
834.000000	-2.156297
835.000000	-2.171786
836.000000	-2.187179
837.000000	-2.202540
838.000000	-2.218820
839.000000	-2.234443
840.000000	-2.251148
841.000000	-2.265748
842.000000	-2.263746
843.000000	-2.259087
844.000000	-2.269133
845.000000	-2.274908
846.000000	-2.292533
847.000000	-2.299830
848.000000	-2.313832
849.000000	-2.317647
850.000000	-2.331348
851.000000	-2.338956
852.000000	-2.358662
853.000000	-2.363980
854.000000	-2.370659
855.000000	-2.365245
856.000000	-2.376104
857.000000	-2.390658
858.000000	-2.406805
859.000000	-2.422598
860.000000	-2.438208
861.000000	-2.455204
862.000000	-2.470502
863.000000	-2.487188
864.000000	-2.503744
865.000000	-2.520484
866.000000	-2.520484
867.000000	-2.528696
868.000000	-2.534410
869.000000	-2.547806
870.000000	-2.560781
871.000000	-2.568046
872.000000	-2.584533
873.000000	-2.588799
874.000000	-2.605105
875.000000	-2.614430
876.000000	-2.626049
877.000000	-2.640767
878.000000	-2.633087
879.000000	-2.642729
880.000000	-2.653768
881.000000	-2.671744
882.000000	-2.689063
883.000000	-2.706687
884.000000	-2.725403
885.000000	-2.743847
886.000000	-2.762456
887.000000	-2.781417
888.000000	-2.800745
889.000000	-2.819543
890.000000	-2.819543
891.000000	-2.819016
892.000000	-2.831458
893.000000	-2.850968
894.000000	-2.855623
895.000000	-2.875815
896.000000	-2.883475
897.000000	-2.883287
898.000000	-2.904493
899.000000	-2.916187
900.000000	-2.929450
901.000000	-2.950347
902.000000	-2.936935
903.000000	-2.949181
904.000000	-2.960889
905.000000	-2.981841
906.000000	-3.002508
907.000000	-3.023662
908.000000	-3.045326
909.000000	-3.067524
910.000000	-3.090281
911.000000	-3.113119
912.000000	-3.137364
913.000000	-3.160778
914.000000	-3.158879
915.000000	-3.157874
916.000000	-3.156192
917.000000	-3.177094
918.000000	-3.181074
919.000000	-3.209657
920.000000	-3.219605
921.000000	-3.217355
922.000000	-3.245997
923.000000	-3.262522
924.000000	-3.280422
925.000000	-3.284695
926.000000	-3.282217
927.000000	-3.279733
928.000000	-3.297223
929.000000	-3.322086
930.000000	-3.345912
931.000000	-3.369948
932.000000	-3.394711
933.000000	-3.419771
934.000000	-3.446656
935.000000	-3.474437
936.000000	-3.503159
937.000000	-3.532885
938.000000	-3.549075
939.000000	-3.535809
940.000000	-3.551224
941.000000	-3.548642
942.000000	-3.582479
943.000000	-3.596951
944.000000	-3.614527
945.000000	-3.650322
946.000000	-3.648627
947.000000	-3.664258
948.000000	-3.683735
949.000000	-3.722529
950.000000	-3.729767
