  5.0000000000000000e+002  4.3854753771461166e+000
  5.0100000000000000e+002  4.3044188667099919e+000
  5.0200000000000000e+002  4.2562697209809395e+000
  5.0300000000000000e+002  4.1546072540625802e+000
  5.0400000000000000e+002  4.0538583820735292e+000
  5.0500000000000000e+002  3.9585153011020866e+000
  5.0600000000000000e+002  3.9046820449882080e+000
  5.0700000000000000e+002  3.8213621809788747e+000
  5.0800000000000000e+002  3.7302118979000261e+000
  5.0900000000000000e+002  3.6392484049438645e+000
  5.1000000000000000e+002  3.5862419661711469e+000
  5.1100000000000000e+002  3.5068835087497772e+000
  5.1200000000000000e+002  3.4220402639055907e+000
  5.1300000000000000e+002  3.3269936266969777e+000
  5.1400000000000000e+002  3.2621670270344740e+000
  5.1500000000000000e+002  3.1946954543569861e+000
  5.1600000000000000e+002  3.1352400244934393e+000
  5.1700000000000000e+002  3.0762298117783611e+000
  5.1800000000000000e+002  3.0175434881193870e+000
  5.1900000000000000e+002  2.9592063939733739e+000
  5.2000000000000000e+002  2.9060460379198489e+000
  5.2100000000000000e+002  2.8510359902725528e+000
  5.2200000000000000e+002  2.8009325510524201e+000
  5.2300000000000000e+002  2.7530277661656255e+000
  5.2400000000000000e+002  2.7071974486307568e+000
  5.2500000000000000e+002  2.6629787769035298e+000
  5.2600000000000000e+002  2.6202882084077901e+000
  5.2700000000000000e+002  2.5790478765990419e+000
  5.2800000000000000e+002  2.5330799818959195e+000
  5.2900000000000000e+002  2.4842878560086543e+000
  5.3000000000000000e+002  2.4340641396868810e+000
  5.3100000000000000e+002  2.3966725821782879e+000
  5.3200000000000000e+002  2.3625888124816861e+000
  5.3300000000000000e+002  2.3318045827093234e+000
  5.3400000000000000e+002  2.2941060943269247e+000
  5.3500000000000000e+002  2.2593261823859123e+000
  5.3600000000000000e+002  2.2284571304327945e+000
  5.3700000000000000e+002  2.2002208146669253e+000
  5.3800000000000000e+002  2.1690892479542847e+000
  5.3900000000000000e+002  2.1388263691764307e+000
  5.4000000000000000e+002  2.1112806290014672e+000
  5.4100000000000000e+002  2.0795271031164515e+000
  5.4200000000000000e+002  2.0472841564251438e+000
  5.4300000000000000e+002  2.0194443966530526e+000
  5.4400000000000000e+002  1.9838516919977589e+000
  5.4500000000000000e+002  1.9585719336883500e+000
  5.4600000000000000e+002  1.9339283370199150e+000
  5.4700000000000000e+002  1.9098971870043664e+000
  5.4800000000000000e+002  1.8864559329237345e+000
  5.4900000000000000e+002  1.8635831177477433e+000
  5.5000000000000000e+002  1.8412583126245996e+000
  5.5100000000000000e+002  1.8194620560246826e+000
  5.5200000000000000e+002  1.7954539575639996e+000
  5.5300000000000000e+002  1.7691883016547045e+000
  5.5400000000000000e+002  1.7490556089348315e+000
  5.5500000000000000e+002  1.7216180847196976e+000
  5.5600000000000000e+002  1.7025476635918526e+000
  5.5700000000000000e+002  1.6838951012144636e+000
  5.5800000000000000e+002  1.6656468126432162e+000
  5.5900000000000000e+002  1.6477897954980745e+000
  5.6000000000000000e+002  1.6303115990668280e+000
  5.6100000000000000e+002  1.6094134884848823e+000
  5.6200000000000000e+002  1.5898310995012352e+000
  5.6300000000000000e+002  1.5735547489574195e+000
  5.6400000000000000e+002  1.5544445468096151e+000
  5.6500000000000000e+002  1.5318093037847582e+000
  5.6600000000000000e+002  1.5166545576952362e+000
  5.6700000000000000e+002  1.5017967368368570e+000
  5.6800000000000000e+002  1.4843407995582487e+000
  5.6900000000000000e+002  1.4634582645563199e+000
  5.7000000000000000e+002  1.4495837751323135e+000
  5.7100000000000000e+002  1.4359698924758193e+000
  5.7200000000000000e+002  1.4210583568232613e+000
  5.7300000000000000e+002  1.4035446508457012e+000
  5.7400000000000000e+002  1.3890209052719467e+000
  5.7500000000000000e+002  1.3745689470465927e+000
  5.7600000000000000e+002  1.3558986256043519e+000
  5.7700000000000000e+002  1.3422314695590236e+000
  5.7800000000000000e+002  1.3288035021003284e+000
  5.7900000000000000e+002  1.3110537781521228e+000
  5.8000000000000000e+002  1.2981692757365433e+000
  5.8100000000000000e+002  1.2855037488769971e+000
  5.8200000000000000e+002  1.2697199371378391e+000
  5.8300000000000000e+002  1.2566360438331834e+000
  5.8400000000000000e+002  1.2453495083941983e+000
  5.8500000000000000e+002  1.2306570438525413e+000
  5.8600000000000000e+002  1.2187866763510602e+000
  5.8700000000000000e+002  1.2088541582343189e+000
  5.8800000000000000e+002  1.1923635509737518e+000
  5.8900000000000000e+002  1.1829660780284861e+000
  5.9000000000000000e+002  1.1713187858385465e+000
  5.9100000000000000e+002  1.1614085642737400e+000
  5.9200000000000000e+002  1.1450182505761171e+000
  5.9300000000000000e+002  1.1322005410715466e+000
  5.9400000000000000e+002  1.1221905349743135e+000
  5.9500000000000000e+002  1.1108002334450608e+000
  5.9600000000000000e+002  1.1017135806847032e+000
  5.9700000000000000e+002  1.0895877258880942e+000
  5.9800000000000000e+002  1.0800900835745426e+000
  5.9900000000000000e+002  1.0691873579416595e+000
  6.0000000000000000e+002  1.0576813059497427e+000
  6.0100000000000000e+002  1.0448542848656075e+000
  6.0200000000000000e+002  1.0300635060060828e+000
  6.0300000000000000e+002  1.0184071316020815e+000
  6.0400000000000000e+002  1.0076358831591252e+000
  6.0500000000000000e+002  9.9701291299180717e-001
  6.0600000000000000e+002  9.8254966567536783e-001
  6.0700000000000000e+002  9.7091953552693355e-001
  6.0800000000000000e+002  9.6020044605028543e-001
  6.0900000000000000e+002  9.4831199361386909e-001
  6.1000000000000000e+002  9.4253886538677778e-001
  6.1100000000000000e+002  9.3480906822088328e-001
  6.1200000000000000e+002  9.3186811978584827e-001
  6.1300000000000000e+002  9.2770311088877577e-001
  6.1400000000000000e+002  9.1800849334511991e-001
  6.1500000000000000e+002  9.0625065361715595e-001
  6.1600000000000000e+002  8.9929645064819530e-001
  6.1700000000000000e+002  8.8977990874773227e-001
  6.1800000000000000e+002  8.8244203494632589e-001
  6.1900000000000000e+002  8.6970891453847143e-001
  6.2000000000000000e+002  8.6365649707614001e-001
  6.2100000000000000e+002  8.5764427683554278e-001
  6.2200000000000000e+002  8.5227228253925391e-001
  6.2300000000000000e+002  8.4147996124937297e-001
  6.2400000000000000e+002  8.3235771633343514e-001
  6.2500000000000000e+002  8.2341339895246857e-001
  6.2600000000000000e+002  8.1321591503111690e-001
  6.2700000000000000e+002  8.0216458323178141e-001
  6.2800000000000000e+002  7.9351432940131006e-001
  6.2900000000000000e+002  7.8421792291248615e-001
  6.3000000000000000e+002  7.7364662084169211e-001
  6.3100000000000000e+002  7.6490018386316061e-001
  6.3200000000000000e+002  7.6011062957518905e-001
  6.3300000000000000e+002  7.5451443920146133e-001
  6.3400000000000000e+002  7.4916804589048025e-001
  6.3500000000000000e+002  7.4245988049700185e-001
  6.3600000000000000e+002  7.3581106663778606e-001
  6.3700000000000000e+002  7.2760915830915662e-001
  6.3800000000000000e+002  7.1982488558960855e-001
  6.3900000000000000e+002  7.1464127143747769e-001
  6.4000000000000000e+002  7.0476815876221988e-001
  6.4100000000000000e+002  6.9798543845832517e-001
  6.4200000000000000e+002  6.9095144230838146e-001
  6.4300000000000000e+002  6.8494165550906871e-001
  6.4400000000000000e+002  6.7945853364886677e-001
  6.4500000000000000e+002  6.7456069260803564e-001
  6.4600000000000000e+002  6.6946468784955937e-001
  6.4700000000000000e+002  6.6110604038003562e-001
  6.4800000000000000e+002  6.5376053792341149e-001
  6.4900000000000000e+002  6.4574906339230476e-001
  6.5000000000000000e+002  6.3803504730056915e-001
  6.5100000000000000e+002  6.3085216294114910e-001
  6.5200000000000000e+002  6.2292111760593205e-001
  6.5300000000000000e+002  6.1579963477375188e-001
  6.5400000000000000e+002  6.0777606213222624e-001
  6.5500000000000000e+002  6.0173763610033149e-001
  6.5600000000000000e+002  6.0010117748794634e-001
  6.5700000000000000e+002  5.9420573355385464e-001
  6.5800000000000000e+002  5.8820890077560783e-001
  6.5900000000000000e+002  5.8314479036667299e-001
  6.6000000000000000e+002  5.7637929582568503e-001
  6.6100000000000000e+002  5.7202713845922493e-001
  6.6200000000000000e+002  5.6636312969322389e-001
  6.6300000000000000e+002  5.6181695691676714e-001
  6.6400000000000000e+002  5.5547472246795193e-001
  6.6500000000000000e+002  5.5107639322206670e-001
  6.6600000000000000e+002  5.4516188298751012e-001
  6.6700000000000000e+002  5.4074409774826881e-001
  6.6800000000000000e+002  5.3856169109198282e-001
  6.6900000000000000e+002  5.3286937461662742e-001
  6.7000000000000000e+002  5.2749235231184932e-001
  6.7100000000000000e+002  5.2134264742195002e-001
  6.7200000000000000e+002  5.1506962130467071e-001
  6.7300000000000000e+002  5.0951425860500654e-001
  6.7400000000000000e+002  5.0381907336991139e-001
  6.7500000000000000e+002  4.9795041502610382e-001
  6.7600000000000000e+002  4.9268699104372071e-001
  6.7700000000000000e+002  4.8695928966760743e-001
  6.7800000000000000e+002  4.8294751605305108e-001
  6.7900000000000000e+002  4.7912785387371204e-001
  6.8000000000000000e+002  4.7589994747410458e-001
  6.8100000000000000e+002  4.7216021549072362e-001
  6.8200000000000000e+002  4.6715379183508637e-001
  6.8300000000000000e+002  4.6369691952229269e-001
  6.8400000000000000e+002  4.5841188799322918e-001
  6.8500000000000000e+002  4.5439735337160109e-001
  6.8600000000000000e+002  4.5003736926519888e-001
  6.8700000000000000e+002  4.4541059001474326e-001
  6.8800000000000000e+002  4.4220570122563524e-001
  6.8900000000000000e+002  4.3839425494877349e-001
  6.9000000000000000e+002  4.3664842779605539e-001
  6.9100000000000000e+002  4.3432270673901019e-001
  6.9200000000000000e+002  4.3060930541785630e-001
  6.9300000000000000e+002  4.2546423417065060e-001
  6.9400000000000000e+002  4.2095978505048914e-001
  6.9500000000000000e+002  4.1593639347189276e-001
  6.9600000000000000e+002  4.1077993687398184e-001
  6.9700000000000000e+002  4.0639795286610519e-001
  6.9800000000000000e+002  4.0204958440705008e-001
  6.9900000000000000e+002  3.9721879969205948e-001
  7.0000000000000000e+002  3.9225620864356159e-001
  7.0100000000000000e+002  3.8878410950094439e-001
  7.0200000000000000e+002  3.8821536547064639e-001
  7.0300000000000000e+002  3.8512890805614580e-001
  7.0400000000000000e+002  3.8300592342009582e-001
  7.0500000000000000e+002  3.7887920185480189e-001
  7.0600000000000000e+002  3.7573648048637642e-001
  7.0700000000000000e+002  3.7221533697669751e-001
  7.0800000000000000e+002  3.6774074282402691e-001
  7.0900000000000000e+002  3.6542618316268261e-001
  7.1000000000000000e+002  3.6215593238044574e-001
  7.1100000000000000e+002  3.5757593323875653e-001
  7.1200000000000000e+002  3.5562382823795208e-001
  7.1300000000000000e+002  3.5387947934535563e-001
  7.1400000000000000e+002  3.5165213699313269e-001
  7.1500000000000000e+002  3.5157477715803870e-001
  7.1600000000000000e+002  3.4723731274204328e-001
  7.1700000000000000e+002  3.4328983693140575e-001
  7.1800000000000000e+002  3.3937009027469822e-001
  7.1900000000000000e+002  3.3547778161820674e-001
  7.2000000000000000e+002  3.3111952462738142e-001
  7.2100000000000000e+002  3.2686436771190647e-001
  7.2200000000000000e+002  3.2306635492816682e-001
  7.2300000000000000e+002  3.1929448866676086e-001
  7.2400000000000000e+002  3.1573229324120078e-001
  7.2500000000000000e+002  3.1511208442333688e-001
  7.2600000000000000e+002  3.1286027625657387e-001
  7.2700000000000000e+002  3.1052066097920517e-001
  7.2800000000000000e+002  3.0906410522983191e-001
  7.2900000000000000e+002  3.0547571128998846e-001
  7.3000000000000000e+002  3.0274894213895953e-001
  7.3100000000000000e+002  3.0035667305298863e-001
  7.3200000000000000e+002  2.9883273626566859e-001
  7.3300000000000000e+002  2.9531898144357399e-001
  7.3400000000000000e+002  2.9290542674336645e-001
  7.3500000000000000e+002  2.9074308477712801e-001
  7.3600000000000000e+002  2.8809948119726630e-001
  7.3700000000000000e+002  2.8715957709160744e-001
  7.3800000000000000e+002  2.8602517780905706e-001
  7.3900000000000000e+002  2.8344410344633886e-001
  7.4000000000000000e+002  2.8018289097081289e-001
  7.4100000000000000e+002  2.7694265628051984e-001
  7.4200000000000000e+002  2.7353620807194567e-001
  7.4300000000000000e+002  2.7017852820584926e-001
  7.4400000000000000e+002  2.6700517656606276e-001
  7.4500000000000000e+002  2.6385195267560041e-001
  7.4600000000000000e+002  2.6054505642002812e-001
  7.4700000000000000e+002  2.5728041335973856e-001
  7.4800000000000000e+002  2.5728887872393968e-001
  7.4900000000000000e+002  2.5517377657828927e-001
  7.5000000000000000e+002  2.5349864158604779e-001
  7.5100000000000000e+002  2.5211509861105635e-001
  7.5200000000000000e+002  2.4885596798388213e-001
  7.5300000000000000e+002  2.4743191079696347e-001
  7.5400000000000000e+002  2.4486148710563130e-001
  7.5500000000000000e+002  2.4223789828489181e-001
  7.5600000000000000e+002  2.4062126091806244e-001
  7.5700000000000000e+002  2.3925628796240631e-001
  7.5800000000000000e+002  2.3658406179998945e-001
  7.5900000000000000e+002  2.3481286493114997e-001
  7.6000000000000000e+002  2.3381147588558532e-001
  7.6100000000000000e+002  2.3310917698076511e-001
  7.6200000000000000e+002  2.3159044343301452e-001
  7.6300000000000000e+002  2.2886322387233760e-001
  7.6400000000000000e+002  2.2615224148123386e-001
  7.6500000000000000e+002  2.2345735168214373e-001
  7.6600000000000000e+002  2.2077841160887449e-001
  7.6700000000000000e+002  2.1811528008135303e-001
  7.6800000000000000e+002  2.1546781758082428e-001
  7.6900000000000000e+002  2.1283588622548652e-001
  7.7000000000000000e+002  2.1021934974655346e-001
  7.7100000000000000e+002  2.0879335381942302e-001
  7.7200000000000000e+002  2.0703755898129111e-001
  7.7300000000000000e+002  2.0698069945625383e-001
  7.7400000000000000e+002  2.0443043393749086e-001
  7.7500000000000000e+002  2.0215407532868593e-001
  7.7600000000000000e+002  2.0095710336665371e-001
  7.7700000000000000e+002  1.9985722322306029e-001
  7.7800000000000000e+002  1.9752343134469960e-001
  7.7900000000000000e+002  1.9530662377550695e-001
  7.8000000000000000e+002  1.9412874249436154e-001
  7.8100000000000000e+002  1.9131231351013808e-001
  7.8200000000000000e+002  1.9077237668720010e-001
  7.8300000000000000e+002  1.8942440974324651e-001
  7.8400000000000000e+002  1.8857764172679828e-001
  7.8500000000000000e+002  1.8881769382112160e-001
  7.8600000000000000e+002  1.8626109236952590e-001
  7.8700000000000000e+002  1.8371872099939107e-001
  7.8800000000000000e+002  1.8119046123317542e-001
  7.8900000000000000e+002  1.7867619590493239e-001
  7.9000000000000000e+002  1.7617580914221076e-001
  7.9100000000000000e+002  1.7382471718757264e-001
  7.9200000000000000e+002  1.7140463463377123e-001
  7.9300000000000000e+002  1.6894198552641243e-001
  7.9400000000000000e+002  1.6721354022641655e-001
  7.9500000000000000e+002  1.6752318166043548e-001
  7.9600000000000000e+002  1.6635935790508161e-001
  7.9700000000000000e+002  1.6567433345954607e-001
  7.9800000000000000e+002  1.6401686915682570e-001
  7.9900000000000000e+002  1.6297605964175269e-001
  8.0000000000000000e+002  1.6050315125345563e-001
  8.0100000000000000e+002  1.5953805177732699e-001
  8.0200000000000000e+002  1.5737829328147934e-001
  8.0300000000000000e+002  1.5695808280296494e-001
  8.0400000000000000e+002  1.5454061410759898e-001
  8.0500000000000000e+002  1.5396308731621569e-001
  8.0600000000000000e+002  1.5276073278600893e-001
  8.0700000000000000e+002  1.5244792308700014e-001
  8.0800000000000000e+002  1.5204539008572671e-001
  8.0900000000000000e+002  1.4994822292708629e-001
  8.1000000000000000e+002  1.4776351234330176e-001
  8.1100000000000000e+002  1.4559024837850282e-001
  8.1200000000000000e+002  1.4370659048774140e-001
  8.1300000000000000e+002  1.4157322283100743e-001
  8.1400000000000000e+002  1.3942853075649839e-001
  8.1500000000000000e+002  1.3729498223855263e-001
  8.1600000000000000e+002  1.3517249065139217e-001
  8.1700000000000000e+002  1.3345866806140280e-001
  8.1800000000000000e+002  1.3322886210377929e-001
  8.1900000000000000e+002  1.3288559454908141e-001
  8.2000000000000000e+002  1.3254409132372991e-001
  8.2100000000000000e+002  1.3103380001846890e-001
  8.2200000000000000e+002  1.3000608239499034e-001
  8.2300000000000000e+002  1.2840490600992457e-001
  8.2400000000000000e+002  1.2737998588330229e-001
  8.2500000000000000e+002  1.2600812404618913e-001
  8.2600000000000000e+002  1.2488064327177585e-001
  8.2700000000000000e+002  1.2331559199141760e-001
  8.2800000000000000e+002  1.2241105209087157e-001
  8.2900000000000000e+002  1.2112153964723650e-001
  8.3000000000000000e+002  1.2092027094847553e-001
  8.3100000000000000e+002  1.2069475327756929e-001
  8.3200000000000000e+002  1.1931044403932202e-001
  8.3300000000000000e+002  1.1756439152300034e-001
  8.3400000000000000e+002  1.1575296590721695e-001
  8.3500000000000000e+002  1.1397390252788762e-001
  8.3600000000000000e+002  1.1223289121595641e-001
  8.3700000000000000e+002  1.1052205338268041e-001
  8.3800000000000000e+002  1.0873730894444689e-001
  8.3900000000000000e+002  1.0705178104979129e-001
  8.4000000000000000e+002  1.0527825355869620e-001
  8.4100000000000000e+002  1.0375236767788146e-001
  8.4200000000000000e+002  1.0396028829909777e-001
  8.4300000000000000e+002  1.0444581099456962e-001
  8.4400000000000000e+002  1.0340183796577093e-001
  8.4500000000000000e+002  1.0280634558232386e-001
  8.4600000000000000e+002  1.0101031112361633e-001
  8.4700000000000000e+002  1.0027591739851291e-001
  8.4800000000000000e+002  9.8881582295106601e-002
  8.4900000000000000e+002  9.8505055114259124e-002
  8.5000000000000000e+002  9.7164634557392854e-002
  8.5100000000000000e+002  9.6428228567206634e-002
  8.5200000000000000e+002  9.4546674618707971e-002
  8.5300000000000000e+002  9.4045157656740180e-002
  8.5400000000000000e+002  9.3419133753134737e-002
  8.5500000000000000e+002  9.3926284235587826e-002
  8.5600000000000000e+002  9.2911893610174046e-002
  8.5700000000000000e+002  9.1569384205078402e-002
  8.5800000000000000e+002  9.0102734289142283e-002
  8.5900000000000000e+002  8.8690932220104809e-002
  8.6000000000000000e+002  8.7317184312635132e-002
  8.6100000000000000e+002  8.5845639229484391e-002
  8.6200000000000000e+002  8.4542370901075845e-002
  8.6300000000000000e+002  8.3143440791537834e-002
  8.6400000000000000e+002  8.1778232099679535e-002
  8.6500000000000000e+002  8.0420669737207920e-002
  8.6600000000000000e+002  8.0420669737207920e-002
  8.6700000000000000e+002  7.9762998742598068e-002
  8.6800000000000000e+002  7.9308519131699243e-002
  8.6900000000000000e+002  7.8253156288669537e-002
  8.7000000000000000e+002  7.7244398963252692e-002
  8.7100000000000000e+002  7.6685239606482089e-002
  8.7200000000000000e+002  7.5431325600571655e-002
  8.7300000000000000e+002  7.5110190590671255e-002
  8.7400000000000000e+002  7.3895370418233963e-002
  8.7500000000000000e+002  7.3209491389332845e-002
  8.7600000000000000e+002  7.2363796350093990e-002
  8.7700000000000000e+002  7.1306574930760272e-002
  8.7800000000000000e+002  7.1856327328419664e-002
  8.7900000000000000e+002  7.1166801626192933e-002
  8.8000000000000000e+002  7.0385508497603208e-002
  8.8100000000000000e+002  6.9131584320982306e-002
  8.8200000000000000e+002  6.7944580471365146e-002
  8.8300000000000000e+002  6.6757576621747999e-002
  8.8400000000000000e+002  6.5519813065428187e-002
  8.8500000000000000e+002  6.4322413195765232e-002
  8.8600000000000000e+002  6.3136536840076904e-002
  8.8700000000000000e+002  6.1950660484388562e-002
  8.8800000000000000e+002  6.0764784128700226e-002
  8.8900000000000000e+002  5.9633218627361338e-002
  8.9000000000000000e+002  5.9633218627361331e-002
  8.9100000000000000e+002  5.9664622068647102e-002
  8.9200000000000000e+002  5.8926847588898074e-002
  8.9300000000000000e+002  5.7788378939643080e-002
  8.9400000000000000e+002  5.7519988424123453e-002
  8.9500000000000000e+002  5.6370199590193598e-002
  8.9600000000000000e+002  5.5940027882360022e-002
  8.9700000000000000e+002  5.5950525954028947e-002
  8.9800000000000000e+002  5.4776569335063280e-002
  8.9900000000000000e+002  5.4139727837673034e-002
  9.0000000000000000e+002  5.3426424790163747e-002
  9.0100000000000000e+002  5.2321560757317143e-002
  9.0200000000000000e+002  5.3027989830689841e-002
  9.0300000000000000e+002  5.2382590023402523e-002
  9.0400000000000000e+002  5.1772859704389822e-002
  9.0500000000000000e+002  5.0699428265653157e-002
  9.0600000000000000e+002  4.9662370610182249e-002
  9.0700000000000000e+002  4.8622826075181161e-002
  9.0800000000000000e+002  4.7580785704550849e-002
  9.0900000000000000e+002  4.6536240499135316e-002
  9.1000000000000000e+002  4.5489181416462514e-002
  9.1100000000000000e+002  4.4462059482814037e-002
  9.1200000000000000e+002  4.3397047784813361e-002
  9.1300000000000000e+002  4.2392767001172928e-002
  9.1400000000000000e+002  4.2473342467385697e-002
  9.1500000000000000e+002  4.2516019212269371e-002
  9.1600000000000000e+002  4.2587614201340739e-002
  9.1700000000000000e+002  4.1706665312812440e-002
  9.1800000000000000e+002  4.1541000244319483e-002
  9.1900000000000000e+002  4.0370462384746300e-002
  9.2000000000000000e+002  3.9970838724478992e-002
  9.2100000000000000e+002  4.0060898313133718e-002
  9.2200000000000000e+002  3.8929730132699888e-002
  9.2300000000000000e+002  3.8291696099904751e-002
  9.2400000000000000e+002  3.7612395711270126e-002
  9.2500000000000000e+002  3.7451997946433425e-002
  9.2600000000000000e+002  3.7544929583088214e-002
  9.2700000000000000e+002  3.7638323559407459e-002
  9.2800000000000000e+002  3.6985723824100342e-002
  9.2900000000000000e+002  3.6077478872142119e-002
  9.3000000000000000e+002  3.5228061556719419e-002
  9.3100000000000000e+002  3.4391430572856430e-002
  9.3200000000000000e+002  3.3550234322605822e-002
  9.3300000000000000e+002  3.2719912137426643e-002
  9.3400000000000000e+002  3.1851973000259860e-002
  9.3500000000000000e+002  3.0979277847102679e-002
  9.3600000000000000e+002  3.0102132494007137e-002
  9.3700000000000000e+002  2.9220502814102205e-002
  9.3800000000000000e+002  2.8751230521752526e-002
  9.3900000000000000e+002  2.9135180404754636e-002
  9.4000000000000000e+002  2.8689509762592415e-002
  9.4100000000000000e+002  2.8763680345142612e-002
  9.4200000000000000e+002  2.7806690828125011e-002
  9.4300000000000000e+002  2.7407161782658906e-002
  9.4400000000000000e+002  2.6929658451688019e-002
  9.4500000000000000e+002  2.5982765485517333e-002
  9.4600000000000000e+002  2.6026835794132879e-002
  9.4700000000000000e+002  2.5623172013655326e-002
  9.4800000000000000e+002  2.5128940970308603e-002
  9.4900000000000000e+002  2.4172754730158275e-002
  9.5000000000000000e+002  2.3998418997785105e-002