1.000000	0.000000	0.000000
1.000000	0.019048	0.000000
1.000000	0.038095	0.000000
1.000000	0.057143	0.000000
1.000000	0.076190	0.000000
1.000000	0.095238	0.000000
1.000000	0.114286	0.000000
1.000000	0.133333	0.000000
1.000000	0.152381	0.000000
1.000000	0.171429	0.000000
1.000000	0.190476	0.000000
1.000000	0.209524	0.000000
1.000000	0.228571	0.000000
1.000000	0.247619	0.000000
1.000000	0.266667	0.000000
1.000000	0.285714	0.000000
1.000000	0.304762	0.000000
1.000000	0.323810	0.000000
1.000000	0.342857	0.000000
1.000000	0.361905	0.000000
1.000000	0.380952	0.000000
1.000000	0.400000	0.000000
1.000000	0.419048	0.000000
1.000000	0.438095	0.000000
1.000000	0.457143	0.000000
1.000000	0.476190	0.000000
1.000000	0.495238	0.000000
1.000000	0.514286	0.000000
1.000000	0.533333	0.000000
1.000000	0.552381	0.000000
1.000000	0.571429	0.000000
1.000000	0.590476	0.000000
1.000000	0.609524	0.000000
1.000000	0.628571	0.000000
1.000000	0.647619	0.000000
1.000000	0.666667	0.000000
1.000000	0.685714	0.000000
1.000000	0.704762	0.000000
1.000000	0.723810	0.000000
1.000000	0.742857	0.000000
1.000000	0.761905	0.000000
1.000000	0.780952	0.000000
1.000000	0.800000	0.000000
1.000000	0.819048	0.000000
1.000000	0.838095	0.000000
1.000000	0.857143	0.000000
1.000000	0.876190	0.000000
1.000000	0.895238	0.000000
1.000000	0.914286	0.000000
1.000000	0.933333	0.000000
1.000000	0.952381	0.000000
1.000000	0.971429	0.000000
1.000000	0.990476	0.000000
0.990476	1.000000	0.000000
0.971429	1.000000	0.000000
0.952381	1.000000	0.000000
0.933333	1.000000	0.000000
0.914286	1.000000	0.000000
0.895238	1.000000	0.000000
0.876190	1.000000	0.000000
0.857143	1.000000	0.000000
0.838095	1.000000	0.000000
0.819048	1.000000	0.000000
0.800000	1.000000	0.000000
0.780952	1.000000	0.000000
0.761905	1.000000	0.000000
0.742857	1.000000	0.000000
0.723810	1.000000	0.000000
0.704762	1.000000	0.000000
0.685714	1.000000	0.000000
0.666667	1.000000	0.000000
0.647619	1.000000	0.000000
0.628571	1.000000	0.000000
0.609524	1.000000	0.000000
0.590476	1.000000	0.000000
0.571429	1.000000	0.000000
0.552381	1.000000	0.000000
0.533333	1.000000	0.000000
0.514286	1.000000	0.000000
0.495238	1.000000	0.000000
0.476190	1.000000	0.000000
0.457143	1.000000	0.000000
0.438095	1.000000	0.000000
0.419048	1.000000	0.000000
0.400000	1.000000	0.000000
0.380952	1.000000	0.000000
0.361905	1.000000	0.000000
0.342857	1.000000	0.000000
0.323810	1.000000	0.000000
0.304762	1.000000	0.000000
0.285714	1.000000	0.000000
0.266667	1.000000	0.000000
0.247619	1.000000	0.000000
0.228571	1.000000	0.000000
0.209524	1.000000	0.000000
0.190476	1.000000	0.000000
0.171429	1.000000	0.000000
0.152381	1.000000	0.000000
0.133333	1.000000	0.000000
0.114286	1.000000	0.000000
0.095238	1.000000	0.000000
0.076190	1.000000	0.000000
0.057143	1.000000	0.000000
0.038095	1.000000	0.000000
0.019048	1.000000	0.000000
0.000000	1.000000	0.000000
0.000000	1.000000	0.019048
0.000000	1.000000	0.038095
0.000000	1.000000	0.057143
0.000000	1.000000	0.076190
0.000000	1.000000	0.095238
0.000000	1.000000	0.114286
0.000000	1.000000	0.133333
0.000000	1.000000	0.152381
0.000000	1.000000	0.171429
0.000000	1.000000	0.190476
0.000000	1.000000	0.209524
0.000000	1.000000	0.228571
0.000000	1.000000	0.247619
0.000000	1.000000	0.266667
0.000000	1.000000	0.285714
0.000000	1.000000	0.304762
0.000000	1.000000	0.323810
0.000000	1.000000	0.342857
0.000000	1.000000	0.361905
0.000000	1.000000	0.380952
0.000000	1.000000	0.400000
0.000000	1.000000	0.419048
0.000000	1.000000	0.438095
0.000000	1.000000	0.457143
0.000000	1.000000	0.476190
0.000000	1.000000	0.495238
0.000000	1.000000	0.514286
0.000000	1.000000	0.533333
0.000000	1.000000	0.552381
0.000000	1.000000	0.571429
0.000000	1.000000	0.590476
0.000000	1.000000	0.609524
0.000000	1.000000	0.628571
0.000000	1.000000	0.647619
0.000000	1.000000	0.666667
0.000000	1.000000	0.685714
0.000000	1.000000	0.704762
0.000000	1.000000	0.723810
0.000000	1.000000	0.742857
0.000000	1.000000	0.761905
0.000000	1.000000	0.780952
0.000000	1.000000	0.800000
0.000000	1.000000	0.819048
0.000000	1.000000	0.838095
0.000000	1.000000	0.857143
0.000000	1.000000	0.876190
0.000000	1.000000	0.895238
0.000000	1.000000	0.914286
0.000000	1.000000	0.933333
0.000000	1.000000	0.952381
0.000000	1.000000	0.971429
0.000000	1.000000	0.990476
0.000000	0.990476	1.000000
0.000000	0.971429	1.000000
0.000000	0.952381	1.000000
0.000000	0.933333	1.000000
0.000000	0.914286	1.000000
0.000000	0.895238	1.000000
0.000000	0.876190	1.000000
0.000000	0.857143	1.000000
0.000000	0.838095	1.000000
0.000000	0.819048	1.000000
0.000000	0.800000	1.000000
0.000000	0.780952	1.000000
0.000000	0.761905	1.000000
0.000000	0.742857	1.000000
0.000000	0.723810	1.000000
0.000000	0.704762	1.000000
0.000000	0.685714	1.000000
0.000000	0.666667	1.000000
0.000000	0.647619	1.000000
0.000000	0.628571	1.000000
0.000000	0.609524	1.000000
0.000000	0.590476	1.000000
0.000000	0.571429	1.000000
0.000000	0.552381	1.000000
0.000000	0.533333	1.000000
0.000000	0.514286	1.000000
0.000000	0.495238	1.000000
0.000000	0.476190	1.000000
0.000000	0.457143	1.000000
0.000000	0.438095	1.000000
0.000000	0.419048	1.000000
0.000000	0.400000	1.000000
0.000000	0.380952	1.000000
0.000000	0.361905	1.000000
0.000000	0.342857	1.000000
0.000000	0.323810	1.000000
0.000000	0.304762	1.000000
0.000000	0.285714	1.000000
0.000000	0.266667	1.000000
0.000000	0.247619	1.000000
0.000000	0.228571	1.000000
0.000000	0.209524	1.000000
0.000000	0.190476	1.000000
0.000000	0.171429	1.000000
0.000000	0.152381	1.000000
0.000000	0.133333	1.000000
0.000000	0.114286	1.000000
0.000000	0.095238	1.000000
0.000000	0.076190	1.000000
0.000000	0.057143	1.000000
0.000000	0.038095	1.000000
0.000000	0.019048	1.000000
0.000000	0.000000	1.000000
0.019048	0.000000	1.000000
0.038095	0.000000	1.000000
0.057143	0.000000	1.000000
0.076190	0.000000	1.000000
0.095238	0.000000	1.000000
0.114286	0.000000	1.000000
0.133333	0.000000	1.000000
0.152381	0.000000	1.000000
0.171429	0.000000	1.000000
0.190476	0.000000	1.000000
0.209524	0.000000	1.000000
0.228571	0.000000	1.000000
0.247619	0.000000	1.000000
0.266667	0.000000	1.000000
0.285714	0.000000	1.000000
0.304762	0.000000	1.000000
0.323810	0.000000	1.000000
0.342857	0.000000	1.000000
0.361905	0.000000	1.000000
0.380952	0.000000	1.000000
0.400000	0.000000	1.000000
0.419048	0.000000	1.000000
0.438095	0.000000	1.000000
0.457143	0.000000	1.000000
0.476190	0.000000	1.000000
0.495238	0.000000	1.000000
0.514286	0.000000	1.000000
0.533333	0.000000	1.000000
0.552381	0.000000	1.000000
0.571429	0.000000	1.000000
0.590476	0.000000	1.000000
0.609524	0.000000	1.000000
0.628571	0.000000	1.000000
0.647619	0.000000	1.000000
0.666667	0.000000	1.000000
0.685714	0.000000	1.000000
0.704762	0.000000	1.000000
0.723810	0.000000	1.000000
0.742857	0.000000	1.000000
0.761905	0.000000	1.000000
0.780952	0.000000	1.000000
0.800000	0.000000	1.000000
0.819048	0.000000	1.000000
0.838095	0.000000	1.000000
0.857143	0.000000	1.000000
0.876190	0.000000	1.000000
0.895238	0.000000	1.000000
0.914286	0.000000	1.000000
0.933333	0.000000	1.000000
0.952381	0.000000	1.000000
0.971429	0.000000	1.000000
0.990476	0.000000	1.000000
1.000000	0.000000	0.990476
1.000000	0.000000	0.971429
1.000000	0.000000	0.952381
1.000000	0.000000	0.933333
1.000000	0.000000	0.914286
1.000000	0.000000	0.895238
1.000000	0.000000	0.876190
1.000000	0.000000	0.857143
1.000000	0.000000	0.838095
1.000000	0.000000	0.819048
1.000000	0.000000	0.800000
1.000000	0.000000	0.780952
1.000000	0.000000	0.761905
1.000000	0.000000	0.742857
1.000000	0.000000	0.723810
1.000000	0.000000	0.704762
1.000000	0.000000	0.685714
1.000000	0.000000	0.666667
1.000000	0.000000	0.647619
1.000000	0.000000	0.628571
1.000000	0.000000	0.609524
1.000000	0.000000	0.590476
1.000000	0.000000	0.571429
1.000000	0.000000	0.552381
1.000000	0.000000	0.533333
1.000000	0.000000	0.514286
1.000000	0.000000	0.495238
1.000000	0.000000	0.476190
1.000000	0.000000	0.457143
1.000000	0.000000	0.438095
1.000000	0.000000	0.419048
1.000000	0.000000	0.400000
1.000000	0.000000	0.380952
1.000000	0.000000	0.361905
1.000000	0.000000	0.342857
1.000000	0.000000	0.323810
1.000000	0.000000	0.304762
1.000000	0.000000	0.285714
1.000000	0.000000	0.266667
1.000000	0.000000	0.247619
1.000000	0.000000	0.228571
1.000000	0.000000	0.209524
1.000000	0.000000	0.190476
1.000000	0.000000	0.171429
1.000000	0.000000	0.152381
1.000000	0.000000	0.133333
1.000000	0.000000	0.114286
1.000000	0.000000	0.095238
1.000000	0.000000	0.076190
1.000000	0.000000	0.057143
1.000000	0.000000	0.038095
1.000000	0.000000	0.019048