#Time - Plot 0	Amplitude - Plot 0	Time - Plot 1	Amplitude - Plot 1	
0	0.000952148	0	0.000830078	
1	0.000952148	1	0.00078125	
2	0.000976562	2	0.000805664	
3	0.000927734	3	0.000756836	
4	0.00100098	4	0.000805664	
5	0.000952148	5	0.00078125	
6	0.000927734	6	0.000805664	
7	0.000952148	7	0.000805664	
8	0.000952148	8	0.00078125	
9	0.000927734	9	0.000805664	
10	0.000952148	10	0.000756836	
11	0.000952148	11	0.000830078	
12	0.000952148	12	0.00078125	
13	0.000952148	13	0.00078125	
14	0.000952148	14	0.00078125	
15	0.000976562	15	0.000830078	
16	0.000927734	16	0.000805664	
17	0.00090332	17	0.00078125	
18	0.000976562	18	0.000805664	
19	0.000952148	19	0.000756836	
20	0.000952148	20	0.00078125	
21	0.000976562	21	0.00078125	
22	0.000952148	22	0.000805664	
23	0.000952148	23	0.000756836	
24	0.000976562	24	0.000830078	
25	0.000952148	25	0.000830078	
26	0.000976562	26	0.000830078	
27	0.000952148	27	0.00078125	
28	0.000952148	28	0.00078125	
29	0.000976562	29	0.000756836	
30	0.000976562	30	0.00078125	
31	0.000952148	31	0.000756836	
32	0.000952148	32	0.000830078	
33	0.000952148	33	0.000805664	
34	0.000976562	34	0.00078125	
35	0.000952148	35	0.000805664	
36	0.000952148	36	0.00078125	
37	0.000952148	37	0.00078125	
38	0.000976562	38	0.00078125	
39	0.00090332	39	0.00078125	
40	0.00100098	40	0.000805664	
41	0.000952148	41	0.000805664	
42	0.000952148	42	0.000830078	
43	0.000927734	43	0.00078125	
44	0.000976562	44	0.000756836	
45	0.000976562	45	0.00078125	
46	0.000976562	46	0.000854492	
47	0.000952148	47	0.000756836	
48	0.000927734	48	0.000756836	
49	0.000976562	49	0.00078125	
50	0.000952148	50	0.000805664	
51	0.000952148	51	0.000805664	
52	0.000952148	52	0.00078125	
53	0.000976562	53	0.000805664	
54	0.000927734	54	0.000805664	
55	0.000952148	55	0.00078125	
56	0.000927734	56	0.000805664	
57	0.000952148	57	0.000756836	
58	0.000952148	58	0.000830078	
59	0.000952148	59	0.00078125	
60	0.000952148	60	0.000805664	
61	0.00100098	61	0.00078125	
62	0.000927734	62	0.000805664	
63	0.000952148	63	0.00078125	
64	0.000976562	64	0.00078125	
65	0.000952148	65	0.00078125	
66	0.000976562	66	0.000830078	
67	0.000952148	67	0.000854492	
68	0.00100098	68	0.000756836	
69	0.000927734	69	0.000756836	
70	0.000952148	70	0.000805664	
71	0.000976562	71	0.00078125	
72	0.000976562	72	0.00078125	
73	0.000927734	73	0.00078125	
74	0.000976562	74	0.00078125	
75	0.000927734	75	0.000805664	
76	0.000952148	76	0.000805664	
77	0.000927734	77	0.000756836	
78	0.000976562	78	0.00078125	
79	0.000927734	79	0.00078125	
80	0.000976562	80	0.000805664	
81	0.000952148	81	0.000756836	
82	0.000952148	82	0.000805664	
83	0.000952148	83	0.00078125	
84	0.000952148	84	0.00078125	
85	0.000952148	85	0.00078125	
86	0.000976562	86	0.000756836	
87	0.000952148	87	0.00078125	
88	0.000927734	88	0.000805664	
89	0.000952148	89	0.000830078	
90	0.00100098	90	0.00078125	
91	0.000927734	91	0.00078125	
92	0.000976562	92	0.000805664	
93	0.000952148	93	0.000805664	
94	0.000952148	94	0.000756836	
95	0.000952148	95	0.000805664	
96	0.000952148	96	0.000756836	
97	0.000927734	97	0.00078125	
98	0.000952148	98	0.000805664	
99	0.000976562	99	0.000805664	
100	0.000927734	100	0.000805664	
101	0.000976562	101	0.00078125	
102	0.000927734	102	0.000854492	
103	0.000952148	103	0.00078125	
104	0.000927734	104	0.000756836	
105	0.000952148	105	0.00078125	
106	0.000927734	106	0.000756836	
107	0.000952148	107	0.00078125	
108	0.000927734	108	0.000805664	
109	0.000952148	109	0.000805664	
110	0.000927734	110	0.000756836	
111	0.00100098	111	0.000805664	
112	0.000878906	112	0.00078125	
113	0.000976562	113	0.00078125	
114	0.000952148	114	0.000756836	
115	0.000976562	115	0.000756836	
116	0.000952148	116	0.00078125	
117	0.000976562	117	0.000756836	
118	0.000927734	118	0.000805664	
119	0.000952148	119	0.00078125	
120	0.000927734	120	0.000830078	
121	0.000927734	121	0.00078125	
122	0.000927734	122	0.000805664	
123	0.000927734	123	0.00078125	
124	0.000976562	124	0.000756836	
125	0.000952148	125	0.00078125	
126	0.000927734	126	0.000756836	
127	0.000952148	127	0.00078125	
128	0.000976562	128	0.00078125	
129	0.000952148	129	0.000805664	
130	0.000976562	130	0.000805664	
131	0.000927734	131	0.000805664	
132	0.000976562	132	0.000805664	
133	0.000952148	133	0.000830078	
134	0.000976562	134	0.00078125	
135	0.00090332	135	0.00078125	
136	0.000952148	136	0.000805664	
137	0.000952148	137	0.00078125	
138	0.000976562	138	0.000805664	
139	0.000927734	139	0.00078125	
140	0.000952148	140	0.000805664	
141	0.000952148	141	0.00078125	
142	0.00100098	142	0.00078125	
143	0.000952148	143	0.000805664	
144	0.000976562	144	0.000756836	
145	0.000952148	145	0.000830078	
146	0.000927734	146	0.00078125	
147	0.000878906	147	0.000805664	
148	0.000952148	148	0.000830078	
149	0.000952148	149	0.000805664	
150	0.000952148	150	0.00078125	
151	0.000927734	151	0.000756836	
152	0.000952148	152	0.000805664	
153	0.000952148	153	0.000805664	
154	0.000952148	154	0.00078125	
155	0.000952148	155	0.000756836	
156	0.000976562	156	0.000805664	
157	0.000952148	157	0.00078125	
158	0.000952148	158	0.000830078	
159	0.000927734	159	0.00078125	
160	0.000976562	160	0.00078125	
161	0.000927734	161	0.000830078	
162	0.000952148	162	0.000756836	
163	0.000927734	163	0.00078125	
164	0.000952148	164	0.00078125	
165	0.000952148	165	0.00078125	
166	0.000952148	166	0.00078125	
167	0.000927734	167	0.00078125	
168	0.000927734	168	0.000805664	
169	0.000952148	169	0.000756836	
170	0.000927734	170	0.000805664	
171	0.000952148	171	0.00078125	
172	0.000976562	172	0.00078125	
173	0.000976562	173	0.000805664	
174	0.000927734	174	0.000756836	
175	0.000952148	175	0.00078125	
176	0.000952148	176	0.00078125	
177	0.000927734	177	0.00078125	
178	0.000927734	178	0.000805664	
179	0.000927734	179	0.000756836	
180	0.000927734	180	0.000805664	
181	0.000976562	181	0.000756836	
182	0.000927734	182	0.00078125	
183	0.000952148	183	0.000756836	
184	0.000952148	184	0.000756836	
185	0.000952148	185	0.000805664	
186	0.000927734	186	0.000756836	
187	0.000952148	187	0.00078125	
188	0.000927734	188	0.00078125	
189	0.000952148	189	0.000805664	
190	0.000952148	190	0.00078125	
191	0.000927734	191	0.000756836	
192	0.000976562	192	0.000805664	
193	0.000976562	193	0.00078125	
194	0.000976562	194	0.00078125	
195	0.000927734	195	0.00078125	
196	0.000952148	196	0.00078125	
197	0.000952148	197	0.00078125	
198	0.000976562	198	0.000830078	
199	0.000927734	199	0.00078125	
200	0.000976562	200	0.00078125	
201	0.000952148	201	0.000756836	
202	0.000952148	202	0.000805664	
203	0.00090332	203	0.000756836	
204	0.000952148	204	0.00078125	
205	0.000927734	205	0.00078125	
206	0.000976562	206	0.000830078	
207	0.000952148	207	0.000756836	
208	0.000976562	208	0.00078125	
209	0.000976562	209	0.000805664	
210	0.000976562	210	0.00078125	
211	0.000927734	211	0.00078125	
212	0.000976562	212	0.00078125	
213	0.000927734	213	0.000805664	
214	0.000952148	214	0.000805664	
215	0.000952148	215	0.000805664	
216	0.000952148	216	0.000756836	
217	0.000927734	217	0.000805664	
218	0.000927734	218	0.00078125	
219	0.000927734	219	0.00078125	
220	0.000927734	220	0.00078125	
221	0.000927734	221	0.00078125	
222	0.000952148	222	0.000805664	
223	0.000927734	223	0.00078125	
224	0.000927734	224	0.000805664	
225	0.000952148	225	0.000756836	
226	0.000976562	226	0.000854492	
227	0.000952148	227	0.000756836	
228	0.000976562	228	0.00078125	
229	0.000952148	229	0.00078125	
230	0.000952148	230	0.000756836	
231	0.000976562	231	0.00078125	
232	0.000952148	232	0.000756836	
233	0.000952148	233	0.000805664	
234	0.000952148	234	0.00078125	
235	0.00100098	235	0.000805664	
236	0.000952148	236	0.00078125	
237	0.000952148	237	0.000830078	
238	0.000976562	238	0.00078125	
239	0.000952148	239	0.00078125	
240	0.000952148	240	0.000805664	
241	0.000927734	241	0.000756836	
242	0.000976562	242	0.00078125	
243	0.000927734	243	0.000756836	
244	0.000952148	244	0.000805664	
245	0.000976562	245	0.000756836	
246	0.000952148	246	0.000756836	
247	0.000952148	247	0.000805664	
248	0.000952148	248	0.00078125	
249	0.000976562	249	0.00078125	
250	0.000927734	250	0.000805664	
251	0.000976562	251	0.00078125	
252	0.0010498	252	0.00078125	
253	0.000927734	253	0.000830078	
254	0.000976562	254	0.00078125	
255	0.000927734	255	0.000756836	
256	0.000976562	256	0.000805664	
257	0.000927734	257	0.00078125	
258	0.000927734	258	0.000756836	
259	0.000952148	259	0.000805664	
260	0.000976562	260	0.000805664	
261	0.000952148	261	0.00078125	
262	0.000976562	262	0.000805664	
263	0.000952148	263	0.00078125	
264	0.000976562	264	0.000830078	
265	0.000927734	265	0.000805664	
266	0.00100098	266	0.000805664	
267	0.000927734	267	0.000805664	
268	0.000952148	268	0.000805664	
269	0.000927734	269	0.00078125	
270	0.000952148	270	0.000756836	
271	0.000927734	271	0.00078125	
272	0.000976562	272	0.00078125	
273	0.00100098	273	0.00078125	
274	0.000976562	274	0.00078125	
275	0.000927734	275	0.000805664	
276	0.000976562	276	0.000756836	
277	0.000927734	277	0.00078125	
278	0.000976562	278	0.00078125	
279	0.000952148	279	0.000805664	
280	0.000952148	280	0.000805664	
281	0.000927734	281	0.000756836	
282	0.000952148	282	0.00078125	
283	0.000952148	283	0.00078125	
284	0.000952148	284	0.00078125	
285	0.000952148	285	0.00078125	
286	0.000927734	286	0.00078125	
287	0.00100098	287	0.00078125	
288	0.000952148	288	0.000805664	
289	0.000952148	289	0.00078125	
290	0.000976562	290	0.000805664	
291	0.000952148	291	0.00078125	
292	0.000976562	292	0.00078125	
293	0.000952148	293	0.000756836	
294	0.000927734	294	0.00078125	
295	0.000952148	295	0.00078125	
296	0.000976562	296	0.00078125	
297	0.000976562	297	0.000805664	
298	0.000952148	298	0.000732422	
299	0.000952148	299	0.00078125	
300	0.000952148	300	0.00078125	
301	0.00100098	301	0.000830078	
302	0.000927734	302	0.000805664	
303	0.000952148	303	0.00078125	
304	0.000976562	304	0.000756836	
305	0.000952148	305	0.00078125	
306	0.000927734	306	0.000805664	
307	0.000976562	307	0.000756836	
308	0.00102539	308	0.000830078	
309	0.000976562	309	0.00078125	
310	0.000976562	310	0.000805664	
311	0.000927734	311	0.00078125	
312	0.00100098	312	0.000830078	
313	0.000927734	313	0.000756836	
314	0.00090332	314	0.00078125	
315	0.000952148	315	0.00078125	
316	0.000976562	316	0.000805664	
317	0.000952148	317	0.00078125	
318	0.000952148	318	0.00078125	
319	0.000952148	319	0.000805664	
320	0.000976562	320	0.00078125	
321	0.000976562	321	0.000805664	
322	0.0010498	322	0.00078125	
323	0.000927734	323	0.00078125	
324	0.000976562	324	0.000805664	
325	0.000976562	325	0.000805664	
326	0.000976562	326	0.00078125	
327	0.000952148	327	0.000805664	
328	0.000976562	328	0.000756836	
329	0.000976562	329	0.00078125	
330	0.000952148	330	0.00078125	
331	0.000927734	331	0.000805664	
332	0.000976562	332	0.00078125	
333	0.000927734	333	0.000756836	
334	0.000952148	334	0.000805664	
335	0.000952148	335	0.000805664	
336	0.000952148	336	0.000805664	
337	0.000976562	337	0.000830078	
338	0.00100098	338	0.000805664	
339	0.000927734	339	0.000732422	
340	0.000952148	340	0.00078125	
341	0.000952148	341	0.000756836	
342	0.000976562	342	0.00078125	
343	0.0010498	343	0.00078125	
344	0.000976562	344	0.000756836	
345	0.000952148	345	0.000805664	
346	0.000927734	346	0.000756836	
347	0.000952148	347	0.000805664	
348	0.000976562	348	0.00078125	
349	0.000952148	349	0.00078125	
350	0.000927734	350	0.00078125	
351	0.000976562	351	0.000805664	
352	0.000976562	352	0.00078125	
353	0.000927734	353	0.00078125	
354	0.000927734	354	0.000732422	
355	0.000952148	355	0.00078125	
356	0.000952148	356	0.000805664	
357	0.00107422	357	0.000805664	
358	0.000927734	358	0.000830078	
359	0.000952148	359	0.00078125	
360	0.000952148	360	0.00078125	
361	0.000952148	361	0.00078125	
362	0.000952148	362	0.00078125	
363	0.000952148	363	0.000805664	
364	0.00100098	364	0.00078125	
365	0.000976562	365	0.000805664	
366	0.000952148	366	0.00078125	
367	0.000927734	367	0.000805664	
368	0.000976562	368	0.00078125	
369	0.000927734	369	0.00078125	
370	0.000952148	370	0.00078125	
371	0.000952148	371	0.00078125	
372	0.000952148	372	0.000805664	
373	0.000976562	373	0.00078125	
374	0.000952148	374	0.00078125	
375	0.000952148	375	0.000756836	
376	0.000927734	376	0.000805664	
377	0.000976562	377	0.00078125	
378	0.00102539	378	0.000805664	
379	0.000927734	379	0.00078125	
380	0.000952148	380	0.000756836	
381	0.000976562	381	0.000756836	
382	0.000952148	382	0.00078125	
383	0.000952148	383	0.000805664	
384	0.000927734	384	0.00078125	
385	0.00100098	385	0.00078125	
386	0.000976562	386	0.00078125	
387	0.000952148	387	0.000830078	
388	0.000952148	388	0.000830078	
389	0.000952148	389	0.000805664	
390	0.000952148	390	0.00078125	
391	0.000976562	391	0.00078125	
392	0.000976562	392	0.000805664	
393	0.000952148	393	0.000756836	
394	0.000952148	394	0.00078125	
395	0.000952148	395	0.000756836	
396	0.000976562	396	0.000805664	
397	0.000952148	397	0.00078125	
398	0.000927734	398	0.000805664	
399	0.000952148	399	0.00078125	
400	0.000952148	400	0.00078125	
401	0.000952148	401	0.00078125	
402	0.000952148	402	0.00078125	
403	0.000927734	403	0.00078125	
404	0.000952148	404	0.000805664	
405	0.000952148	405	0.000805664	
406	0.000952148	406	0.00078125	
407	0.000952148	407	0.000830078	
408	0.000976562	408	0.000756836	
409	0.000952148	409	0.00078125	
410	0.000927734	410	0.000756836	
411	0.000976562	411	0.00078125	
412	0.000952148	412	0.00078125	
413	0.00102539	413	0.000805664	
414	0.000952148	414	0.00078125	
415	0.000952148	415	0.00078125	
416	0.000976562	416	0.000805664	
417	0.000976562	417	0.00078125	
418	0.000927734	418	0.00078125	
419	0.000952148	419	0.000805664	
420	0.000976562	420	0.000805664	
421	0.000952148	421	0.000805664	
422	0.000976562	422	0.000732422	
423	0.000976562	423	0.000830078	
424	0.000927734	424	0.000756836	
425	0.000952148	425	0.000854492	
426	0.000952148	426	0.00078125	
427	0.000952148	427	0.000830078	
428	0.000952148	428	0.000756836	
429	0.000952148	429	0.000756836	
430	0.000952148	430	0.00078125	
431	0.000976562	431	0.000805664	
432	0.000952148	432	0.000805664	
433	0.000976562	433	0.00078125	
434	0.000976562	434	0.00078125	
435	0.000952148	435	0.00078125	
436	0.000952148	436	0.000756836	
437	0.000952148	437	0.000805664	
438	0.000976562	438	0.00078125	
439	0.000952148	439	0.00078125	
440	0.000976562	440	0.00078125	
441	0.000927734	441	0.00078125	
442	0.00090332	442	0.000708008	
443	0.000952148	443	0.00078125	
444	0.000952148	444	0.000805664	
445	0.000952148	445	0.00078125	
446	0.000927734	446	0.000756836	
447	0.000976562	447	0.00078125	
448	0.000952148	448	0.000805664	
449	0.000927734	449	0.000732422	
450	0.000976562	450	0.000830078	
451	0.000952148	451	0.000732422	
452	0.000976562	452	0.000805664	
453	0.000952148	453	0.00078125	
454	0.000952148	454	0.000805664	
455	0.000952148	455	0.000756836	
456	0.000952148	456	0.00078125	
457	0.000927734	457	0.000805664	
458	0.000927734	458	0.00078125	
459	0.000952148	459	0.000756836	
460	0.000976562	460	0.00078125	
461	0.000952148	461	0.000805664	
462	0.000952148	462	0.00078125	
463	0.000952148	463	0.00078125	
464	0.000952148	464	0.00078125	
465	0.000952148	465	0.000830078	
466	0.000952148	466	0.000756836	
467	0.000952148	467	0.000805664	
468	0.000927734	468	0.000756836	
469	0.000976562	469	0.000830078	
470	0.000927734	470	0.00078125	
471	0.000976562	471	0.00078125	
472	0.000952148	472	0.00078125	
473	0.000952148	473	0.00078125	
474	0.000927734	474	0.00078125	
475	0.000976562	475	0.000756836	
476	0.000952148	476	0.00078125	
477	0.000952148	477	0.000756836	
478	0.000952148	478	0.00078125	
479	0.000976562	479	0.00078125	
480	0.000952148	480	0.00078125	
481	0.000952148	481	0.00078125	
482	0.000927734	482	0.000756836	
483	0.000927734	483	0.000756836	
484	0.000952148	484	0.000732422	
485	0.000952148	485	0.000805664	
486	0.000952148	486	0.00078125	
487	0.000976562	487	0.00078125	
488	0.000952148	488	0.000805664	
489	0.000952148	489	0.000830078	
490	0.000976562	490	0.00078125	
491	0.000927734	491	0.000805664	
492	0.000927734	492	0.000756836	
493	0.000976562	493	0.000805664	
494	0.000927734	494	0.00078125	
495	0.000927734	495	0.00078125	
496	0.000952148	496	0.000756836	
497	0.000952148	497	0.00078125	
498	0.000927734	498	0.000756836	
499	0.000952148	499	0.000805664	
500	0.000927734	500	0.00078125	
501	0.000927734	501	0.000756836	
502	0.000952148	502	0.000805664	
503	0.000927734	503	0.00078125	
504	0.000927734	504	0.000756836	
505	0.000952148	505	0.000756836	
506	0.000976562	506	0.00078125	
507	0.000952148	507	0.00078125	
508	0.000952148	508	0.00078125	
509	0.000976562	509	0.00078125	
510	0.000976562	510	0.000805664	
511	0.000952148	511	0.000756836	
512	0.000927734	512	0.000732422	
513	0.000952148	513	0.000756836	
514	0.000976562	514	0.000756836	
515	0.000927734	515	0.00078125	
516	0.000976562	516	0.00078125	
517	0.000927734	517	0.00078125	
518	0.00100098	518	0.000830078	
519	0.000976562	519	0.000732422	
520	0.000927734	520	0.000805664	
521	0.000952148	521	0.000756836	
522	0.000952148	522	0.000805664	
523	0.000952148	523	0.00078125	
524	0.00100098	524	0.00078125	
525	0.000927734	525	0.000756836	
526	0.000952148	526	0.00078125	
527	0.000976562	527	0.00078125	
528	0.000952148	528	0.000732422	
529	0.000952148	529	0.00078125	
530	0.00090332	530	0.00078125	
531	0.000952148	531	0.000805664	
532	0.000952148	532	0.000805664	
533	0.000952148	533	0.000805664	
534	0.000952148	534	0.00078125	
535	0.000952148	535	0.00078125	
536	0.000927734	536	0.000805664	
537	0.000952148	537	0.000805664	
538	0.000952148	538	0.000805664	
539	0.000952148	539	0.000805664	
540	0.000952148	540	0.000756836	
541	0.000976562	541	0.000805664	
542	0.000952148	542	0.000805664	
543	0.000976562	543	0.00078125	
544	0.000927734	544	0.000805664	
545	0.000952148	545	0.000756836	
546	0.000952148	546	0.000756836	
547	0.000952148	547	0.000756836	
548	0.000952148	548	0.00078125	
549	0.000952148	549	0.00078125	
550	0.000927734	550	0.000756836	
551	0.000927734	551	0.000830078	
552	0.000952148	552	0.000805664	
553	0.000927734	553	0.000732422	
554	0.000952148	554	0.000732422	
555	0.000952148	555	0.000756836	
556	0.000927734	556	0.000805664	
557	0.000976562	557	0.000732422	
558	0.000952148	558	0.000805664	
559	0.000952148	559	0.00078125	
560	0.000927734	560	0.00078125	
561	0.000927734	561	0.00078125	
562	0.000927734	562	0.000805664	
563	0.000952148	563	0.00078125	
564	0.000976562	564	0.00078125	
565	0.000952148	565	0.000732422	
566	0.000976562	566	0.000756836	
567	0.000952148	567	0.000805664	
568	0.000952148	568	0.00078125	
569	0.000927734	569	0.00078125	
570	0.000952148	570	0.000756836	
571	0.000952148	571	0.000805664	
572	0.000952148	572	0.000805664	
573	0.000976562	573	0.00078125	
574	0.000927734	574	0.00078125	
575	0.000927734	575	0.00078125	
576	0.000952148	576	0.00078125	
577	0.000927734	577	0.00078125	
578	0.000927734	578	0.00078125	
579	0.000952148	579	0.00078125	
580	0.000952148	580	0.000830078	
581	0.000878906	581	0.000756836	
582	0.000952148	582	0.00078125	
583	0.000976562	583	0.000805664	
584	0.000927734	584	0.000756836	
585	0.000952148	585	0.000805664	
586	0.000927734	586	0.000732422	
587	0.000952148	587	0.000830078	
588	0.000952148	588	0.00078125	
589	0.000952148	589	0.00090332	
590	0.000927734	590	0.00078125	
591	0.000927734	591	0.000805664	
592	0.00090332	592	0.000805664	
593	0.000976562	593	0.00078125	
594	0.000952148	594	0.000830078	
595	0.000927734	595	0.000805664	
596	0.000927734	596	0.000756836	
597	0.00100098	597	0.00078125	
598	0.000976562	598	0.000732422	
599	0.000927734	599	0.000805664	
600	0.000952148	600	0.00078125	
601	0.000976562	601	0.000854492	
602	0.000952148	602	0.000732422	
603	0.000952148	603	0.000830078	
604	0.000927734	604	0.000805664	
605	0.000952148	605	0.00078125	
606	0.000952148	606	0.000805664	
607	0.000952148	607	0.000756836	
608	0.000976562	608	0.000756836	
609	0.00100098	609	0.000805664	
610	0.000952148	610	0.000878906	
611	0.000927734	611	0.00078125	
612	0.000952148	612	0.000805664	
613	0.00090332	613	0.00078125	
614	0.00090332	614	0.00078125	
615	0.000952148	615	0.000756836	
616	0.000952148	616	0.000732422	
617	0.00100098	617	0.000805664	
618	0.000952148	618	0.00078125	
619	0.000976562	619	0.00078125	
620	0.000927734	620	0.000756836	
621	0.000952148	621	0.00078125	
622	0.00090332	622	0.000756836	
623	0.000927734	623	0.00078125	
624	0.000952148	624	0.000830078	
625	0.000976562	625	0.00078125	
626	0.000976562	626	0.000756836	
627	0.000878906	627	0.000756836	
628	0.000976562	628	0.000805664	
629	0.000927734	629	0.00078125	
630	0.000927734	630	0.000830078	
631	0.000952148	631	0.000756836	
632	0.000927734	632	0.000805664	
633	0.000976562	633	0.00078125	
634	0.000878906	634	0.000805664	
635	0.000952148	635	0.000805664	
636	0.000927734	636	0.000805664	
637	0.000952148	637	0.00078125	
638	0.000952148	638	0.000854492	
639	0.000952148	639	0.00078125	
640	0.000952148	640	0.00078125	
641	0.000952148	641	0.000756836	
642	0.000952148	642	0.000756836	
643	0.000927734	643	0.00078125	
644	0.000952148	644	0.000756836	
645	0.000952148	645	0.000927734	
646	0.000952148	646	0.000756836	
647	0.000952148	647	0.000756836	
648	0.00090332	648	0.00078125	
649	0.000976562	649	0.00078125	
650	0.000952148	650	0.00078125	
651	0.000952148	651	0.000756836	
652	0.000927734	652	0.00078125	
653	0.000976562	653	0.000805664	
654	0.000927734	654	0.000805664	
655	0.00090332	655	0.000805664	
656	0.000952148	656	0.000805664	
657	0.000952148	657	0.00078125	
658	0.000952148	658	0.000830078	
659	0.000952148	659	0.000830078	
660	0.000952148	660	0.000805664	
661	0.000952148	661	0.00078125	
662	0.00090332	662	0.000805664	
663	0.000952148	663	0.000805664	
664	0.000976562	664	0.000732422	
665	0.000927734	665	0.000805664	
666	0.000952148	666	0.00078125	
667	0.000952148	667	0.000805664	
668	0.000952148	668	0.00078125	
669	0.000927734	669	0.00078125	
670	0.000927734	670	0.00078125	
671	0.000976562	671	0.000732422	
672	0.000927734	672	0.00078125	
673	0.000927734	673	0.000756836	
674	0.000976562	674	0.000805664	
675	0.000927734	675	0.00078125	
676	0.000952148	676	0.00078125	
677	0.000952148	677	0.00078125	
678	0.000976562	678	0.00078125	
679	0.000927734	679	0.000805664	
680	0.000976562	680	0.000805664	
681	0.000952148	681	0.00078125	
682	0.000952148	682	0.000756836	
683	0.000927734	683	0.000805664	
684	0.000976562	684	0.000756836	
685	0.000952148	685	0.000805664	
686	0.000952148	686	0.00078125	
687	0.000952148	687	0.000805664	
688	0.000952148	688	0.00078125	
689	0.000927734	689	0.000756836	
690	0.000927734	690	0.00078125	
691	0.000952148	691	0.000805664	
692	0.000952148	692	0.000805664	
693	0.000952148	693	0.00078125	
694	0.000952148	694	0.000805664	
695	0.000976562	695	0.00078125	
696	0.00090332	696	0.00078125	
697	0.000976562	697	0.00078125	
698	0.000976562	698	0.000732422	
699	0.000976562	699	0.000805664	
700	0.000927734	700	0.00078125	
701	0.000927734	701	0.000805664	
702	0.000952148	702	0.00078125	
703	0.000976562	703	0.00078125	
704	0.000878906	704	0.000805664	
705	0.000976562	705	0.000805664	
706	0.000927734	706	0.000756836	
707	0.000952148	707	0.000805664	
708	0.000927734	708	0.00078125	
709	0.000952148	709	0.000805664	
710	0.000927734	710	0.000756836	
711	0.000976562	711	0.000805664	
712	0.00178223	712	0.00148926	
713	0.00456543	713	0.00378418	
714	0.00524902	714	0.00437012	
715	0.00639648	715	0.00527344	
716	0.00703125	716	0.00581055	
717	0.00722656	717	0.00598145	
718	0.0074707	718	0.00617676	
719	0.00761719	719	0.00625	
720	0.0076416	720	0.00629883	
721	0.00776367	721	0.00639648	
722	0.00783691	722	0.0064209	
723	0.00788574	723	0.00649414	
724	0.00788574	724	0.00649414	
725	0.00795898	725	0.00649414	
726	0.0079834	726	0.00656738	
727	0.00800781	727	0.00656738	
728	0.00808105	728	0.00666504	
729	0.00810547	729	0.00668945	
730	0.0081543	730	0.00668945	
731	0.00808105	731	0.00666504	
732	0.0081543	732	0.00673828	
733	0.0081543	733	0.00673828	
734	0.00825195	734	0.0067627	
735	0.00825195	735	0.00681152	
736	0.00834961	736	0.00683594	
737	0.0083252	737	0.00690918	
738	0.0083252	738	0.00686035	
739	0.00852051	739	0.00703125	
740	0.00864258	740	0.00708008	
741	0.00859375	741	0.00708008	
742	0.00874023	742	0.00715332	
743	0.00876465	743	0.00720215	
744	0.00883789	744	0.00727539	
745	0.00893555	745	0.00737305	
746	0.00898438	746	0.00739746	
747	0.00910645	747	0.0074707	
748	0.0092041	748	0.00756836	
749	0.0092041	749	0.00761719	
750	0.00932617	750	0.00771484	
751	0.009375	751	0.00771484	
752	0.00942383	752	0.00778809	
753	0.00957031	753	0.00783691	
754	0.00959473	754	0.00791016	
755	0.0097168	755	0.0079834	
756	0.00983887	756	0.00810547	
757	0.00981445	757	0.00812988	
758	0.00993652	758	0.00820313	
759	0.0100098	759	0.00825195	
760	0.0100342	760	0.00822754	
761	0.0101074	761	0.00827637	
762	0.0101074	762	0.0083252	
763	0.0101807	763	0.00842285	
764	0.0102783	764	0.00842285	
765	0.0103271	765	0.00849609	
766	0.0104492	766	0.00859375	
767	0.0105225	767	0.00866699	
768	0.0105469	768	0.00869141	
769	0.0106689	769	0.00874023	
770	0.0106445	770	0.00878906	
771	0.0107666	771	0.00881348	
772	0.0108154	772	0.00888672	
773	0.0108643	773	0.00893555	
774	0.0111084	774	0.00908203	
775	0.0111084	775	0.00917969	
776	0.0111084	776	0.00913086	
777	0.0112305	777	0.00930176	
778	0.0112061	778	0.00925293	
779	0.0113525	779	0.00930176	
780	0.0114014	780	0.009375	
781	0.0114502	781	0.00942383	
782	0.0114258	782	0.00942383	
783	0.0114502	783	0.00942383	
784	0.0115479	784	0.0095459	
785	0.0118652	785	0.0097168	
786	0.0118408	786	0.00979004	
787	0.0118896	787	0.00981445	
788	0.0119629	788	0.00986328	
789	0.0119873	789	0.00991211	
790	0.0120361	790	0.00991211	
791	0.0121094	791	0.00998535	
792	0.0122559	792	0.010083	
793	0.0124512	793	0.0102295	
794	0.0125	794	0.0103271	
795	0.0126709	795	0.0104004	
796	0.0127686	796	0.0104736	
797	0.012793	797	0.0105713	
798	0.0129395	798	0.0106689	
799	0.0130127	799	0.0107422	
800	0.0131104	800	0.010791	
801	0.0133789	801	0.0109863	
802	0.0134277	802	0.0110352	
803	0.013501	803	0.0111084	
804	0.0135986	804	0.0112305	
805	0.013623	805	0.0112061	
806	0.0137939	806	0.0112793	
807	0.0138672	807	0.0114014	
808	0.0140137	808	0.0115234	
809	0.0143555	809	0.0118164	
810	0.0144287	810	0.0118652	
811	0.0145752	811	0.0120361	
812	0.0147949	812	0.0121582	
813	0.0148193	813	0.0122314	
814	0.0150879	814	0.0123779	
815	0.0151367	815	0.0125	
816	0.0152344	816	0.0126221	
817	0.0154785	817	0.0127686	
818	0.0156006	818	0.0128174	
819	0.0155762	819	0.0128174	
820	0.0156738	820	0.0128662	
821	0.015625	821	0.012915	
822	0.0155029	822	0.0127197	
823	0.0154297	823	0.0126709	
824	0.0152588	824	0.0125488	
825	0.0151123	825	0.0124756	
826	0.0151367	826	0.0124268	
827	0.0146729	827	0.0121094	
828	0.0145508	828	0.0119873	
829	0.0144043	829	0.0119141	
830	0.0142822	830	0.0116455	
831	0.0141846	831	0.0116455	
832	0.0139648	832	0.0114746	
833	0.0138428	833	0.0114502	
834	0.0137939	834	0.0113525	
835	0.0137207	835	0.0112793	
836	0.0136963	836	0.0113037	
837	0.0136719	837	0.0112793	
838	0.0133057	838	0.0109863	
839	0.0132813	839	0.0109375	
840	0.0131836	840	0.0108398	
841	0.0131104	841	0.0108154	
842	0.0131348	842	0.0108398	
843	0.012915	843	0.0106201	
844	0.0128174	844	0.0105957	
845	0.012793	845	0.0105469	
846	0.0126465	846	0.0104248	
847	0.0127197	847	0.0104492	
848	0.0125488	848	0.0103027	
849	0.0124512	849	0.0102539	
850	0.0124512	850	0.0102295	
851	0.0122803	851	0.0100586	
852	0.0122803	852	0.0101074	
853	0.0121826	853	0.0100342	
854	0.0119629	854	0.0098877	
855	0.0119873	855	0.00983887	
856	0.0118652	856	0.00976562	
857	0.011792	857	0.0097168	
858	0.011792	858	0.00974121	
859	0.0117187	859	0.00961914	
860	0.0116699	860	0.00959473	
861	0.0115967	861	0.00959473	
862	0.0114258	862	0.00939941	
863	0.0114502	863	0.00942383	
864	0.0113281	864	0.00930176	
865	0.0112793	865	0.00927734	
866	0.0112305	866	0.00932617	
867	0.011084	867	0.00910645	
868	0.0111084	868	0.00915527	
869	0.011084	869	0.00913086	
870	0.0109863	870	0.00905762	
871	0.0110107	871	0.00913086	
872	0.0108643	872	0.00895996	
873	0.0108643	873	0.00893555	
874	0.0108643	874	0.00895996	
875	0.0107666	875	0.0088623	
876	0.0107666	876	0.00883789	
877	0.0107422	877	0.00883789	
878	0.0105225	878	0.00866699	
879	0.0105713	879	0.00866699	
880	0.0104492	880	0.00859375	
881	0.0104492	881	0.00856934	
882	0.0104004	882	0.00864258	
883	0.0102783	883	0.00849609	
884	0.0103027	884	0.00844727	
885	0.0102539	885	0.00842285	
886	0.010083	886	0.00830078	
887	0.0101074	887	0.00837402	
888	0.00998535	888	0.00822754	
889	0.00998535	889	0.00822754	
890	0.00998535	890	0.00820313	
891	0.00996094	891	0.00822754	
892	0.00998535	892	0.00820313	
893	0.0098877	893	0.00812988	
894	0.00959473	894	0.00791016	
895	0.00959473	895	0.00795898	
896	0.00952148	896	0.00783691	
897	0.00959473	897	0.00788574	
898	0.00952148	898	0.00786133	
899	0.00942383	899	0.0078125	
900	0.00949707	900	0.0078125	
901	0.00947266	901	0.00776367	
902	0.00935059	902	0.00773926	
903	0.00939941	903	0.00776367	
904	0.00930176	904	0.00766602	
905	0.00932617	905	0.00766602	
906	0.00930176	906	0.00766602	
907	0.00910645	907	0.00756836	
908	0.00917969	908	0.00751953	
909	0.00913086	909	0.00754395	
910	0.00908203	910	0.00744629	
911	0.00913086	911	0.00754395	
912	0.0090332	912	0.00742188	
913	0.00905762	913	0.00744629	
914	0.00908203	914	0.00739746	
915	0.00893555	915	0.00732422	
916	0.00898438	916	0.00739746	
917	0.00893555	917	0.00734863	
918	0.00895996	918	0.00734863	
919	0.00895996	919	0.00734863	
920	0.00888672	920	0.00734863	
921	0.00895996	921	0.00734863	
922	0.00895996	922	0.00732422	
923	0.0088623	923	0.00732422	
924	0.00888672	924	0.00732422	
925	0.0088623	925	0.00732422	
926	0.00893555	926	0.0072998	
927	0.00891113	927	0.00739746	
928	0.0088623	928	0.00734863	
929	0.00895996	929	0.00734863	
930	0.00893555	930	0.00732422	
931	0.00891113	931	0.00734863	
932	0.00898438	932	0.00739746	
933	0.00895996	933	0.00739746	
934	0.00908203	934	0.00744629	
935	0.00908203	935	0.00749512	
936	0.00905762	936	0.00751953	
937	0.00910645	937	0.00749512	
938	0.00908203	938	0.00742188	
939	0.00917969	939	0.00751953	
940	0.00913086	940	0.00759277	
941	0.00917969	941	0.00759277	
942	0.0092041	942	0.00756836	
943	0.00925293	943	0.00761719	
944	0.00925293	944	0.00766602	
945	0.00930176	945	0.00766602	
946	0.00925293	946	0.00761719	
947	0.00927734	947	0.00759277	
948	0.00925293	948	0.00769043	
949	0.00935059	949	0.00766602	
950	0.009375	950	0.00771484	
951	0.00942383	951	0.00773926	
952	0.00947266	952	0.0078125	
953	0.00957031	953	0.00788574	
954	0.0095459	954	0.00791016	
955	0.00964355	955	0.00793457	
956	0.00964355	956	0.00795898	
957	0.00969238	957	0.00805664	
958	0.00983887	958	0.00810547	
959	0.00993652	959	0.00810547	
960	0.00993652	960	0.00817871	
961	0.0100342	961	0.00825195	
962	0.0100342	962	0.00827637	
963	0.010083	963	0.00827637	
964	0.0100586	964	0.00830078	
965	0.0101563	965	0.00837402	
966	0.0102539	966	0.00844727	
967	0.0103271	967	0.00844727	
968	0.0103027	968	0.00856934	
969	0.0104492	969	0.00866699	
970	0.0104248	970	0.00861816	
971	0.0105469	971	0.00864258	
972	0.0105469	972	0.00869141	
973	0.0105713	973	0.00874023	
974	0.0106689	974	0.00878906	
975	0.0107422	975	0.00876465	
976	0.010791	976	0.0088623	
977	0.0108643	977	0.00895996	
978	0.0108643	978	0.0090332	
979	0.0109375	979	0.00898438	
980	0.0109863	980	0.00900879	
981	0.0109619	981	0.00905762	
982	0.0110352	982	0.00913086	
983	0.0111084	983	0.00913086	
984	0.0111084	984	0.00915527	
985	0.0112549	985	0.00925293	
986	0.0112305	986	0.00930176	
987	0.0112549	987	0.00922852	
988	0.0113281	988	0.00927734	
989	0.0113037	989	0.00932617	
990	0.0113525	990	0.009375	
991	0.011377	991	0.00939941	
992	0.011499	992	0.00939941	
993	0.0115967	993	0.00957031	
994	0.0116211	994	0.00957031	
995	0.0116455	995	0.00959473	
996	0.0117432	996	0.00959473	
997	0.0117432	997	0.00966797	
998	0.011792	998	0.0097168	
999	0.0118408	999	0.00974121	
1000	0.0118652	1000	0.0097168	
1001	0.0118896	1001	0.00976562	
1002	0.0118652	1002	0.00979004	
1003	0.0120117	1003	0.00996094	
1004	0.0121582	1004	0.00991211	
1005	0.0121826	1005	0.0100098	
1006	0.0121338	1006	0.0100342	
1007	0.0121826	1007	0.010083	
1008	0.0123291	1008	0.0100586	
1009	0.0124512	1009	0.0102295	
1010	0.0124023	1010	0.0102295	
1011	0.0125	1011	0.0103516	
1012	0.0125977	1012	0.0103271	
1013	0.0126221	1013	0.0104004	
1014	0.0126221	1014	0.0104248	
1015	0.0126709	1015	0.0105225	
1016	0.0127686	1016	0.0104492	
1017	0.0128662	1017	0.0105469	
1018	0.012915	1018	0.0105957	
1019	0.0129639	1019	0.0107422	
1020	0.0131104	1020	0.0107666	
1021	0.0131836	1021	0.010791	
1022	0.013208	1022	0.0108887	
1023	0.0132324	1023	0.0109619	
1024	0.0133301	1024	0.0109619	
1025	0.013501	1025	0.0110352	
1026	0.0134766	1026	0.0111084	
1027	0.0136719	1027	0.0112793	
1028	0.0137939	1028	0.0114014	
1029	0.0138916	1029	0.011377	
1030	0.0138916	1030	0.0114258	
1031	0.013916	1031	0.0115234	
1032	0.0138916	1032	0.0114258	
1033	0.0139648	1033	0.0114746	
1034	0.0139404	1034	0.0114502	
1035	0.0135742	1035	0.0112061	
1036	0.0134033	1036	0.0111084	
1037	0.0133789	1037	0.0109619	
1038	0.0130859	1038	0.0107666	
1039	0.0130615	1039	0.0107666	
1040	0.012793	1040	0.0105713	
1041	0.0126953	1041	0.0104004	
1042	0.0126465	1042	0.010376	
1043	0.0122803	1043	0.0101074	
1044	0.012085	1044	0.0100586	
1045	0.0120605	1045	0.0098877	
1046	0.0118408	1046	0.00974121	
1047	0.0118408	1047	0.00969238	
1048	0.0116455	1048	0.00961914	
1049	0.0115723	1049	0.0095459	
1050	0.0115723	1050	0.00949707	
1051	0.0114014	1051	0.00935059	
1052	0.0113037	1052	0.00939941	
1053	0.0112305	1053	0.00927734	
1054	0.0109863	1054	0.00895996	
1055	0.0110107	1055	0.00905762	
1056	0.0108398	1056	0.00898438	
1057	0.0108643	1057	0.00895996	
1058	0.0108643	1058	0.00893555	
1059	0.0107178	1059	0.00874023	
1060	0.0106934	1060	0.0088623	
1061	0.0105957	1061	0.00871582	
1062	0.0104492	1062	0.00859375	
1063	0.0105225	1063	0.00866699	
1064	0.0101807	1064	0.00839844	
1065	0.010083	1065	0.00834961	
1066	0.010083	1066	0.00827637	
1067	0.00991211	1067	0.00812988	
1068	0.00981445	1068	0.00812988	
1069	0.00979004	1069	0.00805664	
1070	0.00957031	1070	0.00793457	
1071	0.0097168	1071	0.00793457	
1072	0.00947266	1072	0.00783691	
1073	0.009375	1073	0.00769043	
1074	0.00935059	1074	0.00771484	
1075	0.00922852	1075	0.00754395	
1076	0.00917969	1076	0.00756836	
1077	0.00913086	1077	0.00756836	
1078	0.00898438	1078	0.00734863	
1079	0.00913086	1079	0.00751953	
1080	0.0088623	1080	0.0072998	
1081	0.00883789	1081	0.00732422	
1082	0.00876465	1082	0.00727539	
1083	0.00874023	1083	0.00715332	
1084	0.00871582	1084	0.00715332	
1085	0.00866699	1085	0.00715332	
1086	0.00849609	1086	0.00703125	
1087	0.00859375	1087	0.00703125	
1088	0.0083252	1088	0.00688477	
1089	0.00830078	1089	0.00688477	
1090	0.00822754	1090	0.00686035	
1091	0.00810547	1091	0.00664063	
1092	0.00812988	1092	0.00664063	
1093	0.00805664	1093	0.00668945	
1094	0.00783691	1094	0.00646973	
1095	0.00795898	1095	0.00656738	
1096	0.00773926	1096	0.00632324	
1097	0.00761719	1097	0.00637207	
1098	0.00761719	1098	0.00632324	
1099	0.00742188	1099	0.00610352	
1100	0.00742188	1100	0.0060791	
1101	0.00737305	1101	0.0060791	
1102	0.00720215	1102	0.00595703	
1103	0.00722656	1103	0.00605469	
1104	0.00703125	1104	0.00571289	
1105	0.00690918	1105	0.0057373	
1106	0.00693359	1106	0.00571289	
1107	0.00668945	1107	0.00554199	
1108	0.00681152	1108	0.00559082	
1109	0.0067627	1109	0.00554199	
1110	0.00666504	1110	0.00549316	
1111	0.00668945	1111	0.00566406	
1112	0.00646973	1112	0.00527344	
1113	0.0064209	1113	0.00532227	
1114	0.00644531	1114	0.00527344	
1115	0.00629883	1115	0.00524902	
1116	0.0064209	1116	0.00524902	
1117	0.00632324	1117	0.0052002	
1118	0.00625	1118	0.00515137	
1119	0.00622559	1119	0.00522461	
1120	0.00622559	1120	0.00507813	
1121	0.00625	1121	0.00515137	
1122	0.00622559	1122	0.00507813	
1123	0.00600586	1123	0.00498047	
1124	0.00603027	1124	0.00495605	
1125	0.0060791	1125	0.00500488	
1126	0.00593262	1126	0.00495605	
1127	0.00598145	1127	0.00495605	
1128	0.0059082	1128	0.0048584	
1129	0.00598145	1129	0.00490723	
1130	0.00593262	1130	0.0048584	
1131	0.00585937	1131	0.0048584	
1132	0.00585937	1132	0.0048584	
1133	0.0059082	1133	0.00480957	
1134	0.00581055	1134	0.00480957	
1135	0.00585937	1135	0.00483398	
1136	0.0057373	1136	0.00480957	
1137	0.00588379	1137	0.00483398	
1138	0.00583496	1138	0.00480957	
1139	0.00583496	1139	0.00480957	
1140	0.00581055	1140	0.00480957	
1141	0.0059082	1141	0.00483398	
1142	0.00588379	1142	0.0048584	
1143	0.00598145	1143	0.00493164	
1144	0.00585937	1144	0.0048584	
1145	0.00600586	1145	0.00488281	
1146	0.00593262	1146	0.00498047	
1147	0.00603027	1147	0.00493164	
1148	0.00593262	1148	0.00495605	
1149	0.00603027	1149	0.00495605	
1150	0.00600586	1150	0.00495605	
1151	0.00610352	1151	0.00498047	
1152	0.00603027	1152	0.00505371	
1153	0.00620117	1153	0.0050293	
1154	0.00612793	1154	0.0050293	
1155	0.00622559	1155	0.00507813	
1156	0.00615234	1156	0.00510254	
1157	0.00625	1157	0.00515137	
1158	0.00632324	1158	0.00515137	
1159	0.00637207	1159	0.00517578	
1160	0.00632324	1160	0.00534668	
1161	0.00649414	1161	0.00529785	
1162	0.00644531	1162	0.00527344	
1163	0.00649414	1163	0.00534668	
1164	0.00651855	1164	0.00541992	
1165	0.00654297	1165	0.00537109	
1166	0.00654297	1166	0.00537109	
1167	0.0065918	1167	0.00544434	
1168	0.00661621	1168	0.00551758	
1169	0.00673828	1169	0.00556641	
1170	0.0067627	1170	0.00551758	
1171	0.00678711	1171	0.00563965	
1172	0.00683594	1172	0.00561523	
1173	0.00686035	1173	0.0057373	
1174	0.00705566	1174	0.00578613	
1175	0.00712891	1175	0.00581055	
1176	0.00717773	1176	0.00588379	
1177	0.00717773	1177	0.00595703	
1178	0.00722656	1178	0.00595703	
1179	0.00734863	1179	0.00600586	
1180	0.00739746	1180	0.00603027	
1181	0.00732422	1181	0.00617676	
1182	0.00742188	1182	0.00605469	
1183	0.00749512	1183	0.00617676	
1184	0.00756836	1184	0.00617676	
1185	0.00759277	1185	0.00637207	
1186	0.0076416	1186	0.00627441	
1187	0.00771484	1187	0.00632324	
1188	0.00776367	1188	0.0064209	
1189	0.00771484	1189	0.0064209	
1190	0.00783691	1190	0.00646973	
1191	0.00791016	1191	0.00644531	
1192	0.00795898	1192	0.00651855	
1193	0.0079834	1193	0.00666504	
1194	0.0079834	1194	0.00656738	
1195	0.00808105	1195	0.00668945	
1196	0.0081543	1196	0.00664063	
1197	0.00810547	1197	0.00671387	
1198	0.00817871	1198	0.00673828	
1199	0.00830078	1199	0.00678711	
1200	0.00837402	1200	0.00683594	
1201	0.00842285	1201	0.00700684	
1202	0.00842285	1202	0.00705566	
1203	0.00856934	1203	0.00705566	
1204	0.00864258	1204	0.00708008	
1205	0.00854492	1205	0.00712891	
1206	0.00869141	1206	0.00715332	
1207	0.00881348	1207	0.00722656	
1208	0.00891113	1208	0.0072998	
1209	0.00905762	1209	0.00754395	
1210	0.00908203	1210	0.0074707	
1211	0.00917969	1211	0.00756836	
1212	0.0092041	1212	0.00751953	
1213	0.00927734	1213	0.00769043	
1214	0.00930176	1214	0.00769043	
1215	0.00942383	1215	0.00773926	
1216	0.00949707	1216	0.00786133	
1217	0.00961914	1217	0.00791016	
1218	0.00957031	1218	0.00793457	
1219	0.00983887	1219	0.00812988	
1220	0.00993652	1220	0.00812988	
1221	0.00998535	1221	0.00822754	
1222	0.0100342	1222	0.0083252	
1223	0.0101807	1223	0.00842285	
1224	0.0101318	1224	0.00834961	
1225	0.0102051	1225	0.00834961	
1226	0.0101318	1226	0.00847168	
1227	0.0102783	1227	0.00849609	
1228	0.0103516	1228	0.00847168	
1229	0.010498	1229	0.00854492	
1230	0.0105957	1230	0.00878906	
1231	0.0107666	1231	0.00888672	
1232	0.0108643	1232	0.00895996	
1233	0.011084	1233	0.00908203	
1234	0.0110107	1234	0.00913086	
1235	0.0112793	1235	0.00927734	
1236	0.011377	1236	0.009375	
1237	0.0115723	1237	0.00947266	
1238	0.0118164	1238	0.00981445	
1239	0.0120117	1239	0.00991211	
1240	0.0121338	1240	0.0101074	
1241	0.0124512	1241	0.0101807	
1242	0.0124512	1242	0.0102295	
1243	0.0125244	1243	0.0103271	
1244	0.0125244	1244	0.0103516	
1245	0.0125488	1245	0.0102783	
1246	0.0124023	1246	0.0102539	
1247	0.0123779	1247	0.0102783	
1248	0.0123047	1248	0.0101563	
1249	0.0123535	1249	0.0100586	
1250	0.0122559	1250	0.010083	
1251	0.0121582	1251	0.0100098	
1252	0.0121094	1252	0.00998535	
1253	0.0120361	1253	0.00986328	
1254	0.011792	1254	0.00974121	
1255	0.0118408	1255	0.00976562	
1256	0.0116699	1256	0.00961914	
1257	0.0116455	1257	0.00959473	
1258	0.0115967	1258	0.00957031	
1259	0.0115234	1259	0.00952148	
1260	0.0115234	1260	0.00949707	
1261	0.0114014	1261	0.00942383	
1262	0.0112549	1262	0.00925293	
1263	0.0112549	1263	0.00930176	
1264	0.011084	1264	0.00915527	
1265	0.0111572	1265	0.00915527	
1266	0.0111084	1266	0.00915527	
1267	0.0109619	1267	0.0090332	
1268	0.0109375	1268	0.0090332	
1269	0.0108887	1269	0.00895996	
1270	0.010791	1270	0.00883789	
1271	0.0108398	1271	0.00895996	
1272	0.0106201	1272	0.00876465	
1273	0.0106201	1273	0.00878906	
1274	0.0105957	1274	0.00866699	
1275	0.0105225	1275	0.00869141	
1276	0.0105469	1276	0.00866699	
1277	0.010498	1277	0.00864258	
1278	0.0104248	1278	0.00856934	
1279	0.0104736	1279	0.00861816	
1280	0.0102295	1280	0.00844727	
1281	0.0102051	1281	0.00842285	
1282	0.0101807	1282	0.00839844	
1283	0.0101074	1283	0.00830078	
1284	0.010083	1284	0.00834961	
1285	0.0100586	1285	0.00830078	
1286	0.00996094	1286	0.00817871	
1287	0.0100342	1287	0.00822754	
1288	0.00986328	1288	0.0081543	
1289	0.00993652	1289	0.00822754	
1290	0.00991211	1290	0.00812988	
1291	0.00979004	1291	0.00808105	
1292	0.00974121	1292	0.00810547	
1293	0.00974121	1293	0.00803223	
1294	0.00964355	1294	0.00795898	
1295	0.0097168	1295	0.00800781	
1296	0.0095459	1296	0.00791016	
1297	0.00961914	1297	0.00793457	
1298	0.00957031	1298	0.00786133	
1299	0.009375	1299	0.00771484	
1300	0.009375	1300	0.00773926	
1301	0.00927734	1301	0.00769043	
1302	0.0092041	1302	0.00756836	
1303	0.00922852	1303	0.00759277	
1304	0.00913086	1304	0.00749512	
1305	0.00917969	1305	0.00754395	
1306	0.00913086	1306	0.00751953	
1307	0.00895996	1307	0.00737305	
1308	0.00900879	1308	0.00737305	
1309	0.0088623	1309	0.00734863	
1310	0.00881348	1310	0.00722656	
1311	0.00888672	1311	0.0072998	
1312	0.00871582	1312	0.00717773	
1313	0.00874023	1313	0.00725098	
1314	0.00869141	1314	0.00717773	
1315	0.00852051	1315	0.00700684	
1316	0.00849609	1316	0.00698242	
1317	0.00834961	1317	0.00695801	
1318	0.00827637	1318	0.00683594	
1319	0.0083252	1319	0.00688477	
1320	0.00820313	1320	0.0067627	
1321	0.00820313	1321	0.00681152	
1322	0.00817871	1322	0.00673828	
1323	0.00810547	1323	0.00664063	
1324	0.00808105	1324	0.00666504	
1325	0.00805664	1325	0.00666504	
1326	0.00793457	1326	0.00654297	
1327	0.0079834	1327	0.00661621	
1328	0.0079834	1328	0.00654297	
1329	0.00800781	1329	0.00661621	
1330	0.00793457	1330	0.00654297	
1331	0.0078125	1331	0.00639648	
1332	0.00778809	1332	0.00639648	
1333	0.00778809	1333	0.0064209	
1334	0.00773926	1334	0.00634766	
1335	0.00778809	1335	0.00637207	
1336	0.00769043	1336	0.00629883	
1337	0.00776367	1337	0.00639648	
1338	0.00776367	1338	0.00634766	
1339	0.00771484	1339	0.00632324	
1340	0.00771484	1340	0.00632324	
1341	0.00773926	1341	0.00634766	
1342	0.00769043	1342	0.00632324	
1343	0.00773926	1343	0.00634766	
1344	0.0076416	1344	0.00629883	
1345	0.00769043	1345	0.00632324	
1346	0.00766602	1346	0.00632324	
1347	0.0076416	1347	0.00629883	
1348	0.00761719	1348	0.00625	
1349	0.00285645	1349	0.00224609	
1350	0.000976562	1350	0.000830078	
1351	0.00102539	1351	0.000830078	
1352	0.000952148	1352	0.000756836	
1353	0.000952148	1353	0.000830078	
1354	0.000952148	1354	0.00078125	
1355	0.000952148	1355	0.00078125	
1356	0.000952148	1356	0.00078125	
1357	0.00100098	1357	0.00078125	
1358	0.000952148	1358	0.000756836	
1359	0.000952148	1359	0.000756836	
1360	0.000927734	1360	0.000805664	
1361	0.000976562	1361	0.000805664	
1362	0.000952148	1362	0.00078125	
1363	0.000952148	1363	0.00078125	
1364	0.000927734	1364	0.00078125	
1365	0.000952148	1365	0.000805664	
1366	0.000952148	1366	0.000756836	
1367	0.000952148	1367	0.000854492	
1368	0.000952148	1368	0.000732422	
1369	0.000952148	1369	0.000854492	
1370	0.00090332	1370	0.000756836	
1371	0.00090332	1371	0.000756836	
1372	0.000952148	1372	0.000732422	
1373	0.000976562	1373	0.00078125	
1374	0.000952148	1374	0.000805664	
1375	0.000952148	1375	0.000805664	
1376	0.000927734	1376	0.000805664	
1377	0.000976562	1377	0.00078125	
1378	0.000927734	1378	0.000756836	
1379	0.000952148	1379	0.00078125	
1380	0.000952148	1380	0.000756836	
1381	0.000976562	1381	0.000805664	
1382	0.000927734	1382	0.000732422	
1383	0.000952148	1383	0.000854492	
1384	0.000927734	1384	0.000756836	
1385	0.000976562	1385	0.000830078	
1386	0.000952148	1386	0.00078125	
1387	0.00102539	1387	0.00078125	
1388	0.00090332	1388	0.000756836	
1389	0.000976562	1389	0.000805664	
1390	0.00090332	1390	0.000756836	
1391	0.000976562	1391	0.00078125	
1392	0.000952148	1392	0.000805664	
1393	0.00100098	1393	0.000756836	
1394	0.000976562	1394	0.00078125	
1395	0.00090332	1395	0.000805664	
1396	0.000927734	1396	0.00078125	
1397	0.00100098	1397	0.000805664	
1398	0.000927734	1398	0.000732422	
1399	0.000976562	1399	0.000805664	
1400	0.00090332	1400	0.000805664	
1401	0.00100098	1401	0.000805664	
1402	0.000952148	1402	0.000756836	
1403	0.000976562	1403	0.000805664	
1404	0.000952148	1404	0.000756836	
1405	0.00100098	1405	0.000830078	
1406	0.000927734	1406	0.000732422	
1407	0.000976562	1407	0.000805664	
1408	0.000976562	1408	0.00078125	
1409	0.000952148	1409	0.00078125	
1410	0.000952148	1410	0.00078125	
1411	0.000976562	1411	0.000805664	
1412	0.000927734	1412	0.000805664	
1413	0.000976562	1413	0.00078125	
1414	0.000952148	1414	0.000756836	
1415	0.000952148	1415	0.000805664	
1416	0.000927734	1416	0.00078125	
1417	0.000952148	1417	0.00078125	
1418	0.000927734	1418	0.00078125	
1419	0.000952148	1419	0.000805664	
1420	0.000952148	1420	0.000805664	
1421	0.000952148	1421	0.000805664	
1422	0.00100098	1422	0.000756836	
1423	0.000952148	1423	0.00078125	
1424	0.000927734	1424	0.000732422	
1425	0.000927734	1425	0.000756836	
1426	0.000927734	1426	0.000756836	
1427	0.000952148	1427	0.000805664	
1428	0.000952148	1428	0.00078125	
1429	0.000927734	1429	0.00078125	
1430	0.000927734	1430	0.000756836	
1431	0.000976562	1431	0.00078125	
1432	0.000927734	1432	0.000756836	
1433	0.000976562	1433	0.00078125	
1434	0.000927734	1434	0.000756836	
1435	0.000952148	1435	0.000854492	
1436	0.000952148	1436	0.000756836	
1437	0.000976562	1437	0.000805664	
1438	0.000927734	1438	0.000732422	
1439	0.000976562	1439	0.000805664	
1440	0.000927734	1440	0.000805664	
1441	0.000976562	1441	0.000830078	
1442	0.000927734	1442	0.00078125	
1443	0.00102539	1443	0.00078125	
1444	0.000927734	1444	0.00078125	
1445	0.000976562	1445	0.000805664	
1446	0.000952148	1446	0.000732422	
1447	0.000952148	1447	0.000805664	
1448	0.000927734	1448	0.00078125	
1449	0.00100098	1449	0.000805664	
1450	0.000952148	1450	0.000732422	
1451	0.000976562	1451	0.000830078	
1452	0.00090332	1452	0.00078125	
1453	0.000952148	1453	0.000830078	
1454	0.000927734	1454	0.00078125	
1455	0.000976562	1455	0.000830078	
1456	0.000927734	1456	0.00078125	
1457	0.0010498	1457	0.000830078	
1458	0.000927734	1458	0.000756836	
1459	0.000976562	1459	0.00078125	
1460	0.00090332	1460	0.000756836	
1461	0.000952148	1461	0.000854492	
1462	0.000927734	1462	0.00078125	
1463	0.000952148	1463	0.00078125	
1464	0.00090332	1464	0.000805664	
1465	0.000952148	1465	0.00078125	
1466	0.000927734	1466	0.000756836	
1467	0.000927734	1467	0.00078125	
1468	0.000976562	1468	0.000805664	
1469	0.000976562	1469	0.00078125	
1470	0.000952148	1470	0.00078125	
1471	0.000976562	1471	0.000805664	
1472	0.000927734	1472	0.00078125	
1473	0.000976562	1473	0.000805664	
1474	0.00090332	1474	0.00078125	
1475	0.000952148	1475	0.000805664	
1476	0.000927734	1476	0.00078125	
1477	0.000976562	1477	0.000805664	
1478	0.000952148	1478	0.000756836	
1479	0.000952148	1479	0.000830078	
1480	0.00090332	1480	0.000732422	
1481	0.000976562	1481	0.000830078	
1482	0.000952148	1482	0.000756836	
1483	0.000976562	1483	0.000805664	
1484	0.000952148	1484	0.00078125	
1485	0.000927734	1485	0.000830078	
1486	0.000927734	1486	0.00078125	
1487	0.000927734	1487	0.00078125	
1488	0.000927734	1488	0.000756836	
1489	0.00100098	1489	0.000805664	
1490	0.000952148	1490	0.000805664	
1491	0.000976562	1491	0.000756836	
1492	0.000952148	1492	0.00078125	
1493	0.00100098	1493	0.00078125	
1494	0.00090332	1494	0.00078125	
1495	0.000952148	1495	0.000830078	
1496	0.00090332	1496	0.000756836	
1497	0.00100098	1497	0.000830078	
1498	0.000927734	1498	0.000756836	
1499	0.000976562	1499	0.000805664	
1500	0.00090332	1500	0.000756836	
1501	0.000952148	1501	0.000830078	
1502	0.000927734	1502	0.00078125	
1503	0.000952148	1503	0.000805664	
1504	0.000927734	1504	0.00078125	
1505	0.00100098	1505	0.000805664	
1506	0.000952148	1506	0.000805664	
1507	0.000976562	1507	0.00078125	
1508	0.000927734	1508	0.000830078	
1509	0.000952148	1509	0.00078125	
1510	0.000927734	1510	0.000756836	
1511	0.000952148	1511	0.000805664	
1512	0.000927734	1512	0.000732422	
1513	0.00100098	1513	0.00078125	
1514	0.000878906	1514	0.000805664	
1515	0.000976562	1515	0.00078125	
1516	0.000927734	1516	0.00078125	
1517	0.000952148	1517	0.000830078	
1518	0.000952148	1518	0.000756836	
1519	0.000976562	1519	0.00078125	
1520	0.000927734	1520	0.00078125	
1521	0.000976562	1521	0.000805664	
1522	0.000952148	1522	0.000756836	
1523	0.000952148	1523	0.00078125	
1524	0.000927734	1524	0.000756836	
1525	0.000952148	1525	0.00078125	
1526	0.000952148	1526	0.000805664	
1527	0.000952148	1527	0.000756836	
1528	0.000952148	1528	0.000732422	
1529	0.000952148	1529	0.000830078	
1530	0.000927734	1530	0.00078125	
1531	0.000952148	1531	0.000805664	
1532	0.00090332	1532	0.000756836	
1533	0.000976562	1533	0.00078125	
1534	0.00090332	1534	0.00078125	
1535	0.000976562	1535	0.000830078	
1536	0.000952148	1536	0.000732422	
1537	0.000976562	1537	0.000805664	
1538	0.00090332	1538	0.000732422	
1539	0.000976562	1539	0.00078125	
1540	0.000952148	1540	0.000805664	
1541	0.000952148	1541	0.000805664	
1542	0.000927734	1542	0.000756836	
1543	0.000976562	1543	0.000805664	
1544	0.00090332	1544	0.000756836	
1545	0.000952148	1545	0.00078125	
1546	0.000952148	1546	0.00078125	
1547	0.000952148	1547	0.000830078	
1548	0.00090332	1548	0.00078125	
1549	0.000952148	1549	0.000756836	
1550	0.000927734	1550	0.00078125	
1551	0.000952148	1551	0.00078125	
1552	0.000878906	1552	0.000756836	
1553	0.000976562	1553	0.000805664	
1554	0.000927734	1554	0.000805664	
1555	0.000952148	1555	0.000805664	
1556	0.000927734	1556	0.000756836	
1557	0.000952148	1557	0.00078125	
1558	0.000927734	1558	0.00078125	
1559	0.000952148	1559	0.00078125	
1560	0.000927734	1560	0.000756836	
1561	0.000952148	1561	0.000805664	
1562	0.000952148	1562	0.000732422	
1563	0.000952148	1563	0.00078125	
1564	0.000927734	1564	0.000756836	
1565	0.000976562	1565	0.000830078	
1566	0.000927734	1566	0.000756836	
1567	0.000952148	1567	0.000805664	
1568	0.000927734	1568	0.00078125	
1569	0.000976562	1569	0.000732422	
1570	0.000927734	1570	0.00078125	
1571	0.000952148	1571	0.00078125	
1572	0.000927734	1572	0.00078125	
1573	0.000952148	1573	0.000830078	
1574	0.000952148	1574	0.00078125	
1575	0.000952148	1575	0.000830078	
1576	0.000952148	1576	0.000756836	
1577	0.000976562	1577	0.000732422	
1578	0.00090332	1578	0.000756836	
1579	0.000952148	1579	0.000830078	
1580	0.00090332	1580	0.000756836	
1581	0.000952148	1581	0.000830078	
1582	0.000927734	1582	0.000756836	
1583	0.000952148	1583	0.000756836	
1584	0.000952148	1584	0.000756836	
1585	0.000976562	1585	0.00078125	
1586	0.000878906	1586	0.000805664	
1587	0.000976562	1587	0.000805664	
1588	0.000927734	1588	0.00078125	
1589	0.000976562	1589	0.000805664	
1590	0.000927734	1590	0.000756836	
1591	0.00100098	1591	0.000805664	
1592	0.000927734	1592	0.000756836	
1593	0.000976562	1593	0.000854492	
1594	0.000952148	1594	0.000756836	
1595	0.00100098	1595	0.000805664	
1596	0.000927734	1596	0.000756836	
1597	0.000976562	1597	0.000830078	
1598	0.00090332	1598	0.000708008	
1599	0.000976562	1599	0.000805664	
1600	0.000927734	1600	0.000732422	
1601	0.000976562	1601	0.00078125	
1602	0.000878906	1602	0.000732422	
1603	0.00100098	1603	0.000756836	
1604	0.000927734	1604	0.00078125	
1605	0.000952148	1605	0.00078125	
1606	0.000927734	1606	0.000805664	
1607	0.00100098	1607	0.00078125	
1608	0.000952148	1608	0.00078125	
1609	0.000976562	1609	0.000756836	
1610	0.000927734	1610	0.000732422	
1611	0.000976562	1611	0.000830078	
1612	0.000952148	1612	0.000732422	
1613	0.000952148	1613	0.000830078	
1614	0.000952148	1614	0.000756836	
1615	0.000976562	1615	0.000756836	
1616	0.00090332	1616	0.000756836	
1617	0.000976562	1617	0.00078125	
1618	0.000927734	1618	0.00078125	
1619	0.000927734	1619	0.00078125	
1620	0.000927734	1620	0.000830078	
1621	0.000976562	1621	0.00078125	
1622	0.000927734	1622	0.00078125	
1623	0.000927734	1623	0.000805664	
1624	0.000927734	1624	0.000756836	
1625	0.000952148	1625	0.00078125	
1626	0.000927734	1626	0.00078125	
1627	0.000976562	1627	0.000805664	
1628	0.000952148	1628	0.00078125	
1629	0.000927734	1629	0.000854492	
1630	0.000927734	1630	0.00078125	
1631	0.000976562	1631	0.000756836	
1632	0.000952148	1632	0.00078125	
1633	0.000976562	1633	0.000805664	
1634	0.000927734	1634	0.000756836	
1635	0.00100098	1635	0.000732422	
1636	0.000927734	1636	0.000756836	
1637	0.00100098	1637	0.000805664	
1638	0.00090332	1638	0.000732422	
1639	0.000927734	1639	0.000805664	
1640	0.000927734	1640	0.00078125	
1641	0.000976562	1641	0.000805664	
1642	0.00090332	1642	0.000732422	
1643	0.00100098	1643	0.000830078	
1644	0.000952148	1644	0.00078125	
1645	0.00100098	1645	0.000805664	
1646	0.000927734	1646	0.000732422	
1647	0.00100098	1647	0.00078125	
1648	0.000878906	1648	0.000756836	
1649	0.000976562	1649	0.00078125	
1650	0.000927734	1650	0.00078125	
1651	0.00100098	1651	0.00078125	
1652	0.000927734	1652	0.00078125	
1653	0.000927734	1653	0.000830078	
1654	0.00090332	1654	0.000805664	
1655	0.000976562	1655	0.000805664	
1656	0.000927734	1656	0.000805664	
1657	0.000976562	1657	0.000854492	
1658	0.000927734	1658	0.000756836	
1659	0.000952148	1659	0.00078125	
1660	0.00090332	1660	0.000756836	
1661	0.000952148	1661	0.00078125	
1662	0.000952148	1662	0.000805664	
1663	0.000976562	1663	0.00078125	
1664	0.000927734	1664	0.000805664	
1665	0.000952148	1665	0.00078125	
1666	0.000927734	1666	0.00078125	
1667	0.000976562	1667	0.000805664	
1668	0.000927734	1668	0.000805664	
1669	0.000952148	1669	0.00078125	
1670	0.000927734	1670	0.000732422	
1671	0.000952148	1671	0.000805664	
1672	0.000927734	1672	0.00078125	
1673	0.000976562	1673	0.000830078	
1674	0.00090332	1674	0.000756836	
1675	0.000952148	1675	0.000830078	
1676	0.000952148	1676	0.00078125	
1677	0.000952148	1677	0.000830078	
1678	0.00090332	1678	0.00078125	
1679	0.000976562	1679	0.00078125	
1680	0.000952148	1680	0.000756836	
1681	0.000976562	1681	0.000805664	
1682	0.00090332	1682	0.000805664	
1683	0.000952148	1683	0.00078125	
1684	0.000927734	1684	0.00078125	
1685	0.000976562	1685	0.00078125	
1686	0.00090332	1686	0.000756836	
1687	0.00100098	1687	0.000805664	
1688	0.000927734	1688	0.000732422	
1689	0.00100098	1689	0.000854492	
1690	0.00090332	1690	0.000732422	
1691	0.000976562	1691	0.000805664	
1692	0.000878906	1692	0.000732422	
1693	0.000976562	1693	0.000830078	
1694	0.000854492	1694	0.000756836	
1695	0.000976562	1695	0.00078125	
1696	0.000927734	1696	0.00078125	
1697	0.000952148	1697	0.000830078	
1698	0.00090332	1698	0.00078125	
1699	0.000952148	1699	0.00078125	
1700	0.000927734	1700	0.000805664	
1701	0.000952148	1701	0.00078125	
1702	0.000927734	1702	0.00078125	
1703	0.000976562	1703	0.000878906	
1704	0.000927734	1704	0.000732422	
1705	0.000952148	1705	0.000830078	
1706	0.000927734	1706	0.00078125	
1707	0.000976562	1707	0.000805664	
1708	0.000976562	1708	0.000708008	
1709	0.000952148	1709	0.000805664	
1710	0.00090332	1710	0.000805664	
1711	0.000976562	1711	0.000756836	
1712	0.000927734	1712	0.000756836	
1713	0.000878906	1713	0.000805664	
1714	0.000927734	1714	0.000756836	
1715	0.000952148	1715	0.00078125	
1716	0.000927734	1716	0.00078125	
1717	0.000927734	1717	0.000756836	
1718	0.000952148	1718	0.00078125	
1719	0.000952148	1719	0.000805664	
1720	0.000976562	1720	0.000732422	
1721	0.000952148	1721	0.00078125	
1722	0.000927734	1722	0.00078125	
1723	0.000952148	1723	0.000805664	
1724	0.000927734	1724	0.00078125	
1725	0.000952148	1725	0.00078125	
1726	0.000927734	1726	0.000756836	
1727	0.000927734	1727	0.000830078	
1728	0.000952148	1728	0.000756836	
1729	0.000952148	1729	0.000830078	
1730	0.000927734	1730	0.00078125	
1731	0.000952148	1731	0.000830078	
1732	0.000927734	1732	0.000756836	
1733	0.000952148	1733	0.000805664	
1734	0.000854492	1734	0.000756836	
1735	0.000976562	1735	0.000830078	
1736	0.000976562	1736	0.000756836	
1737	0.000952148	1737	0.000805664	
1738	0.00090332	1738	0.000854492	
1739	0.000976562	1739	0.00078125	
1740	0.000927734	1740	0.00078125	
1741	0.000976562	1741	0.000805664	
1742	0.00090332	1742	0.000805664	
1743	0.000952148	1743	0.000830078	
1744	0.000878906	1744	0.000756836	
1745	0.000976562	1745	0.000854492	
1746	0.00090332	1746	0.00078125	
1747	0.000976562	1747	0.000830078	
1748	0.000854492	1748	0.00078125	
1749	0.000952148	1749	0.000830078	
1750	0.000927734	1750	0.000756836	
1751	0.000927734	1751	0.000805664	
1752	0.00090332	1752	0.000756836	
1753	0.000976562	1753	0.000805664	
1754	0.000927734	1754	0.00078125	
1755	0.000952148	1755	0.00078125	
1756	0.000952148	1756	0.00078125	
1757	0.000952148	1757	0.000805664	
1758	0.00090332	1758	0.000805664	
1759	0.000952148	1759	0.00090332	
1760	0.00090332	1760	0.000756836	
1761	0.000952148	1761	0.000830078	
1762	0.00090332	1762	0.000756836	
1763	0.000976562	1763	0.000830078	
1764	0.000952148	1764	0.00078125	
1765	0.000952148	1765	0.00078125	
1766	0.000952148	1766	0.00078125	
1767	0.000976562	1767	0.000805664	
1768	0.000976562	1768	0.000805664	
1769	0.000927734	1769	0.000805664	
1770	0.000952148	1770	0.00078125	
1771	0.000976562	1771	0.000805664	
1772	0.000952148	1772	0.00078125	
1773	0.000976562	1773	0.000805664	
1774	0.000976562	1774	0.000756836	
1775	0.000976562	1775	0.000830078	
1776	0.00090332	1776	0.00078125	
1777	0.00100098	1777	0.000830078	
1778	0.000952148	1778	0.000732422	
1779	0.000927734	1779	0.000756836	
1780	0.000927734	1780	0.000830078	
1781	0.000952148	1781	0.00078125	
1782	0.000927734	1782	0.000756836	
1783	0.00090332	1783	0.000805664	
1784	0.000952148	1784	0.00078125	
1785	0.000976562	1785	0.000805664	
1786	0.00090332	1786	0.000805664	
1787	0.000952148	1787	0.000805664	
1788	0.00090332	1788	0.000756836	
1789	0.000952148	1789	0.00078125	
1790	0.000927734	1790	0.000756836	
1791	0.000927734	1791	0.000830078	
1792	0.000927734	1792	0.000732422	
1793	0.000952148	1793	0.000805664	
1794	0.000878906	1794	0.00078125	
1795	0.000976562	1795	0.00078125	
1796	0.000927734	1796	0.000805664	
1797	0.000952148	1797	0.000805664	
1798	0.000952148	1798	0.000805664	
1799	0.00100098	1799	0.00078125	
1800	0.000952148	1800	0.000732422	
1801	0.00100098	1801	0.000854492	
1802	0.000952148	1802	0.000732422	
1803	0.000976562	1803	0.00078125	
1804	0.00090332	1804	0.000732422	
1805	0.000952148	1805	0.000805664	
1806	0.00090332	1806	0.00078125	
1807	0.000976562	1807	0.00078125	
1808	0.00090332	1808	0.00078125	
1809	0.000952148	1809	0.000756836	
1810	0.00090332	1810	0.000805664	
1811	0.000952148	1811	0.00078125	
1812	0.00090332	1812	0.000732422	
1813	0.000976562	1813	0.00078125	
1814	0.000927734	1814	0.000756836	
1815	0.000976562	1815	0.000854492	
1816	0.000927734	1816	0.000732422	
1817	0.000952148	1817	0.000830078	
1818	0.000927734	1818	0.000756836	
1819	0.000976562	1819	0.00078125	
1820	0.000952148	1820	0.000805664	
1821	0.000976562	1821	0.00078125	
1822	0.000927734	1822	0.000805664	
1823	0.000976562	1823	0.000805664	
1824	0.000952148	1824	0.000756836	
1825	0.000976562	1825	0.000830078	
1826	0.00090332	1826	0.00078125	
1827	0.000976562	1827	0.00078125	
1828	0.000927734	1828	0.000756836	
1829	0.00100098	1829	0.000805664	
1830	0.00090332	1830	0.00078125	
1831	0.000952148	1831	0.00078125	
1832	0.000927734	1832	0.000756836	
1833	0.000952148	1833	0.00078125	
1834	0.00090332	1834	0.000756836	
1835	0.000976562	1835	0.000830078	
1836	0.000952148	1836	0.00078125	
1837	0.000976562	1837	0.000805664	
1838	0.000927734	1838	0.000756836	
1839	0.000976562	1839	0.000805664	
1840	0.00090332	1840	0.00078125	
1841	0.000952148	1841	0.00078125	
1842	0.00090332	1842	0.000756836	
1843	0.00100098	1843	0.000830078	
1844	0.000927734	1844	0.000756836	
1845	0.000952148	1845	0.000805664	
1846	0.000952148	1846	0.00078125	
1847	0.000952148	1847	0.000830078	
1848	0.00090332	1848	0.000732422	
1849	0.000976562	1849	0.000830078	
1850	0.00090332	1850	0.000732422	
1851	0.00100098	1851	0.00078125	
1852	0.000927734	1852	0.00078125	
1853	0.000976562	1853	0.000805664	
1854	0.000927734	1854	0.00078125	
1855	0.000976562	1855	0.00078125	
1856	0.000927734	1856	0.000756836	
1857	0.00100098	1857	0.000854492	
1858	0.000927734	1858	0.000756836	
1859	0.000976562	1859	0.00078125	
1860	0.00100098	1860	0.000756836	
1861	0.000976562	1861	0.000756836	
1862	0.000927734	1862	0.000805664	
1863	0.00100098	1863	0.00078125	
1864	0.00090332	1864	0.00078125	
1865	0.000952148	1865	0.000805664	
1866	0.000952148	1866	0.000732422	
1867	0.000976562	1867	0.000805664	
1868	0.00090332	1868	0.000756836	
1869	0.000976562	1869	0.000805664	
1870	0.000927734	1870	0.00078125	
1871	0.000952148	1871	0.00078125	
1872	0.000878906	1872	0.000756836	
1873	0.00100098	1873	0.000805664	
1874	0.00100098	1874	0.000805664	
1875	0.000976562	1875	0.000756836	
1876	0.000927734	1876	0.000805664	
1877	0.000976562	1877	0.000805664	
1878	0.000927734	1878	0.00078125	
1879	0.000952148	1879	0.000830078	
1880	0.000927734	1880	0.000756836	
1881	0.000976562	1881	0.000830078	
1882	0.000927734	1882	0.00078125	
1883	0.000952148	1883	0.000830078	
1884	0.000927734	1884	0.000756836	
1885	0.000976562	1885	0.000756836	
1886	0.000927734	1886	0.00078125	
1887	0.000927734	1887	0.000805664	
1888	0.000976562	1888	0.000756836	
1889	0.000952148	1889	0.000805664	
1890	0.000952148	1890	0.000756836	
1891	0.000976562	1891	0.000805664	
1892	0.000927734	1892	0.00078125	
1893	0.000927734	1893	0.000830078	
1894	0.000927734	1894	0.00078125	
1895	0.0010498	1895	0.000805664	
1896	0.000976562	1896	0.00078125	
1897	0.000952148	1897	0.00078125	
1898	0.00090332	1898	0.000732422	
1899	0.000952148	1899	0.000805664	
1900	0.000927734	1900	0.000732422	
1901	0.000976562	1901	0.000830078	
1902	0.000927734	1902	0.000756836	
1903	0.000976562	1903	0.000805664	
1904	0.00090332	1904	0.000756836	
1905	0.000976562	1905	0.00078125	
1906	0.000927734	1906	0.000732422	
1907	0.000952148	1907	0.000830078	
1908	0.000927734	1908	0.00078125	
1909	0.00102539	1909	0.00078125	
1910	0.000927734	1910	0.000732422	
1911	0.000952148	1911	0.000805664	
1912	0.000927734	1912	0.000756836	
1913	0.000952148	1913	0.000830078	
1914	0.000878906	1914	0.000756836	
1915	0.000952148	1915	0.000756836	
1916	0.00102539	1916	0.00078125	
1917	0.000927734	1917	0.00078125	
1918	0.00090332	1918	0.000805664	
1919	0.000976562	1919	0.00078125	
1920	0.000927734	1920	0.000756836	
1921	0.00100098	1921	0.00078125	
1922	0.000927734	1922	0.000732422	
1923	0.0010498	1923	0.000830078	
1924	0.000952148	1924	0.00078125	
1925	0.000952148	1925	0.000830078	
1926	0.000927734	1926	0.000756836	
1927	0.000952148	1927	0.000756836	
1928	0.000927734	1928	0.000805664	
1929	0.000927734	1929	0.000756836	
1930	0.00102539	1930	0.00078125	
1931	0.000952148	1931	0.000756836	
1932	0.000927734	1932	0.000756836	
1933	0.000952148	1933	0.00078125	
1934	0.000878906	1934	0.00078125	
1935	0.000927734	1935	0.000830078	
1936	0.000927734	1936	0.000756836	
1937	0.000952148	1937	0.000805664	
1938	0.000927734	1938	0.000732422	
1939	0.000952148	1939	0.000756836	
1940	0.000952148	1940	0.000805664	
1941	0.000952148	1941	0.00078125	
1942	0.000927734	1942	0.000732422	
1943	0.000976562	1943	0.00078125	
1944	0.000952148	1944	0.000805664	
1945	0.000976562	1945	0.000830078	
1946	0.000927734	1946	0.000732422	
1947	0.000952148	1947	0.000805664	
1948	0.000927734	1948	0.000756836	
1949	0.000976562	1949	0.000805664	
1950	0.000927734	1950	0.000756836	
1951	0.00107422	1951	0.000756836	
1952	0.00090332	1952	0.000756836	
1953	0.00100098	1953	0.000830078	
1954	0.000927734	1954	0.000756836	
1955	0.000976562	1955	0.000830078	
1956	0.000927734	1956	0.000756836	
1957	0.000976562	1957	0.000830078	
1958	0.000952148	1958	0.000732422	
1959	0.000976562	1959	0.000805664	
1960	0.000952148	1960	0.000756836	
1961	0.000976562	1961	0.00078125	
1962	0.000878906	1962	0.000732422	
1963	0.000952148	1963	0.000805664	
1964	0.00090332	1964	0.00078125	
1965	0.0010498	1965	0.00078125	
1966	0.000927734	1966	0.00078125	
1967	0.00100098	1967	0.00078125	
1968	0.000878906	1968	0.000756836	
1969	0.00100098	1969	0.000830078	
1970	0.000927734	1970	0.000756836	
1971	0.000952148	1971	0.00078125	
1972	0.000927734	1972	0.000756836	
1973	0.000976562	1973	0.000805664	
1974	0.000878906	1974	0.000732422	
1975	0.000976562	1975	0.00078125	
1976	0.000927734	1976	0.000756836	
1977	0.000976562	1977	0.000805664	
1978	0.00100098	1978	0.00078125	
1979	0.000976562	1979	0.00078125	
1980	0.00090332	1980	0.00078125	
1981	0.000952148	1981	0.000805664	
1982	0.000976562	1982	0.000756836	
1983	0.000952148	1983	0.00078125	
1984	0.000927734	1984	0.000732422	
1985	0.000952148	1985	0.000878906	
1986	0.00100098	1986	0.000756836	
1987	0.000952148	1987	0.000830078	
1988	0.000952148	1988	0.000756836	
1989	0.000976562	1989	0.000830078	
1990	0.000927734	1990	0.00078125	
1991	0.000952148	1991	0.00078125	
1992	0.000927734	1992	0.00078125	
1993	0.000952148	1993	0.000756836	
1994	0.000952148	1994	0.00078125	
1995	0.000976562	1995	0.000805664	
1996	0.000927734	1996	0.000756836	
1997	0.000952148	1997	0.000830078	
1998	0.00090332	1998	0.000756836	
1999	0.000952148	1999	0.000805664