Time - Plot 0	Amplitude - Plot 0	Time - Plot 1	Amplitude - Plot 1	
0	0.0052002	0	0.00100098	
1	0.00510254	1	0.00100098	
2	0.0052002	2	0.000976562	
3	0.00510254	3	0.00100098	
4	0.00517578	4	0.000976562	
5	0.00510254	5	0.00100098	
6	0.0052002	6	0.000952148	
7	0.0052002	7	0.00100098	
8	0.00515137	8	0.000927734	
9	0.00515137	9	0.000976562	
10	0.00515137	10	0.00100098	
11	0.00515137	11	0.000952148	
12	0.00515137	12	0.000976562	
13	0.00515137	13	0.000976562	
14	0.00512695	14	0.00100098	
15	0.00515137	15	0.000976562	
16	0.00512695	16	0.00102539	
17	0.00517578	17	0.000952148	
18	0.00510254	18	0.0010498	
19	0.0052002	19	0.00100098	
20	0.00505371	20	0.00100098	
21	0.00517578	21	0.000976562	
22	0.00507813	22	0.000976562	
23	0.00515137	23	0.000976562	
24	0.00507813	24	0.000976562	
25	0.00517578	25	0.000952148	
26	0.00507813	26	0.000952148	
27	0.00517578	27	0.000952148	
28	0.00507813	28	0.00100098	
29	0.00515137	29	0.000976562	
30	0.00512695	30	0.000976562	
31	0.00515137	31	0.00100098	
32	0.0052002	32	0.00100098	
33	0.00515137	33	0.00100098	
34	0.00517578	34	0.00100098	
35	0.00517578	35	0.00102539	
36	0.00522461	36	0.00100098	
37	0.00515137	37	0.00102539	
38	0.00522461	38	0.000976562	
39	0.00512695	39	0.00102539	
40	0.0052002	40	0.000976562	
41	0.00510254	41	0.00100098	
42	0.0052002	42	0.000976562	
43	0.00510254	43	0.00102539	
44	0.0052002	44	0.000976562	
45	0.00507813	45	0.00102539	
46	0.00517578	46	0.000976562	
47	0.00507813	47	0.00102539	
48	0.00515137	48	0.00102539	
49	0.00510254	49	0.0010498	
50	0.00517578	50	0.00100098	
51	0.00510254	51	0.00100098	
52	0.00512695	52	0.00100098	
53	0.00512695	53	0.000976562	
54	0.00515137	54	0.000976562	
55	0.00517578	55	0.000976562	
56	0.00517578	56	0.000976562	
57	0.00517578	57	0.000952148	
58	0.00517578	58	0.000952148	
59	0.0052002	59	0.00100098	
60	0.00515137	60	0.000952148	
61	0.0052002	61	0.000927734	
62	0.00512695	62	0.000976562	
63	0.0052002	63	0.000927734	
64	0.00515137	64	0.000976562	
65	0.00517578	65	0.000952148	
66	0.00517578	66	0.000976562	
67	0.0052002	67	0.000952148	
68	0.00510254	68	0.000976562	
69	0.00512695	69	0.000976562	
70	0.00512695	70	0.000976562	
71	0.00515137	71	0.000976562	
72	0.00512695	72	0.000976562	
73	0.00510254	73	0.00100098	
74	0.00512695	74	0.000976562	
75	0.00510254	75	0.00100098	
76	0.00512695	76	0.00100098	
77	0.00510254	77	0.00100098	
78	0.00517578	78	0.000976562	
79	0.00512695	79	0.000976562	
80	0.00517578	80	0.00100098	
81	0.00512695	81	0.00102539	
82	0.00522461	82	0.000976562	
83	0.00515137	83	0.00102539	
84	0.00522461	84	0.000952148	
85	0.00512695	85	0.00100098	
86	0.00517578	86	0.000927734	
87	0.00515137	87	0.00100098	
88	0.00517578	88	0.000976562	
89	0.00510254	89	0.00102539	
90	0.00515137	90	0.000976562	
91	0.00512695	91	0.00102539	
92	0.00512695	92	0.00100098	
93	0.00512695	93	0.00100098	
94	0.00510254	94	0.0010498	
95	0.00512695	95	0.000976562	
96	0.00510254	96	0.00100098	
97	0.00510254	97	0.00102539	
98	0.00510254	98	0.00100098	
99	0.00515137	99	0.00100098	
100	0.00510254	100	0.00100098	
101	0.00512695	101	0.00100098	
102	0.00512695	102	0.00102539	
103	0.0052002	103	0.00100098	
104	0.00515137	104	0.00100098	
105	0.00517578	105	0.000976562	
106	0.00510254	106	0.00102539	
107	0.00522461	107	0.000976562	
108	0.00515137	108	0.00100098	
109	0.0052002	109	0.000952148	
110	0.00515137	110	0.00100098	
111	0.00522461	111	0.000976562	
112	0.00515137	112	0.00100098	
113	0.00515137	113	0.00100098	
114	0.00515137	114	0.000976562	
115	0.00515137	115	0.000976562	
116	0.00512695	116	0.00100098	
117	0.00512695	117	0.000952148	
118	0.00512695	118	0.000976562	
119	0.00507813	119	0.00102539	
120	0.00512695	120	0.000976562	
121	0.00510254	121	0.000976562	
122	0.00515137	122	0.000976562	
123	0.00510254	123	0.00102539	
124	0.00515137	124	0.000952148	
125	0.00510254	125	0.000976562	
126	0.00517578	126	0.000952148	
127	0.00512695	127	0.0010498	
128	0.00517578	128	0.000952148	
129	0.00512695	129	0.00102539	
130	0.0052002	130	0.00102539	
131	0.00515137	131	0.00102539	
132	0.0052002	132	0.00100098	
133	0.00515137	133	0.00102539	
134	0.00517578	134	0.00100098	
135	0.0052002	135	0.00100098	
136	0.00515137	136	0.000976562	
137	0.0052002	137	0.000976562	
138	0.00515137	138	0.000976562	
139	0.00517578	139	0.00100098	
140	0.00512695	140	0.00100098	
141	0.00517578	141	0.000976562	
142	0.00510254	142	0.00100098	
143	0.00515137	143	0.00100098	
144	0.00510254	144	0.00100098	
145	0.00517578	145	0.00100098	
146	0.00510254	146	0.00100098	
147	0.00512695	147	0.000976562	
148	0.00507813	148	0.00100098	
149	0.00512695	149	0.000976562	
150	0.00512695	150	0.000976562	
151	0.00517578	151	0.000976562	
152	0.00510254	152	0.000976562	
153	0.00515137	153	0.000952148	
154	0.00512695	154	0.000976562	
155	0.0052002	155	0.000952148	
156	0.00515137	156	0.00100098	
157	0.00515137	157	0.000976562	
158	0.00517578	158	0.00102539	
159	0.0052002	159	0.000976562	
160	0.00517578	160	0.00100098	
161	0.00512695	161	0.00100098	
162	0.00517578	162	0.00100098	
163	0.00512695	163	0.000976562	
164	0.00515137	164	0.000976562	
165	0.00507813	165	0.0010498	
166	0.00515137	166	0.000976562	
167	0.00510254	167	0.00100098	
168	0.00512695	168	0.000976562	
169	0.00507813	169	0.00100098	
170	0.00510254	170	0.000976562	
171	0.00510254	171	0.000976562	
172	0.00512695	172	0.000952148	
173	0.00510254	173	0.00100098	
174	0.00512695	174	0.000976562	
175	0.00510254	175	0.000976562	
176	0.00512695	176	0.000976562	
177	0.00510254	177	0.000976562	
178	0.00510254	178	0.000976562	
179	0.00517578	179	0.00100098	
180	0.00515137	180	0.000952148	
181	0.00515137	181	0.00100098	
182	0.00515137	182	0.000976562	
183	0.00522461	183	0.000976562	
184	0.00515137	184	0.00100098	
185	0.0052002	185	0.00100098	
186	0.00512695	186	0.00102539	
187	0.0052002	187	0.0010498	
188	0.00507813	188	0.000976562	
189	0.00517578	189	0.000976562	
190	0.00512695	190	0.00100098	
191	0.00512695	191	0.000976562	
192	0.00510254	192	0.000952148	
193	0.00515137	193	0.00100098	
194	0.00510254	194	0.000976562	
195	0.00515137	195	0.00100098	
196	0.00510254	196	0.00100098	
197	0.00512695	197	0.00100098	
198	0.00505371	198	0.00102539	
199	0.00512695	199	0.00102539	
200	0.00515137	200	0.00102539	
201	0.00512695	201	0.00100098	
202	0.00517578	202	0.000976562	
203	0.00512695	203	0.000976562	
204	0.0052002	204	0.000952148	
205	0.00510254	205	0.000976562	
206	0.00517578	206	0.000976562	
207	0.00515137	207	0.000927734	
208	0.00524902	208	0.00100098	
209	0.00515137	209	0.000976562	
210	0.0052002	210	0.00100098	
211	0.00515137	211	0.00100098	
212	0.00517578	212	0.000976562	
213	0.00512695	213	0.00100098	
214	0.00515137	214	0.00100098	
215	0.00512695	215	0.000952148	
216	0.00515137	216	0.000976562	
217	0.00512695	217	0.000976562	
218	0.00512695	218	0.000976562	
219	0.00515137	219	0.000976562	
220	0.00507813	220	0.000952148	
221	0.00517578	221	0.000976562	
222	0.00510254	222	0.00100098	
223	0.00515137	223	0.000976562	
224	0.00510254	224	0.00100098	
225	0.00517578	225	0.000976562	
226	0.00512695	226	0.000976562	
227	0.0052002	227	0.000952148	
228	0.00512695	228	0.000976562	
229	0.00522461	229	0.000952148	
230	0.00517578	230	0.000952148	
231	0.0052002	231	0.000976562	
232	0.00512695	232	0.000976562	
233	0.00517578	233	0.00100098	
234	0.00512695	234	0.00100098	
235	0.00515137	235	0.00100098	
236	0.00510254	236	0.00100098	
237	0.00517578	237	0.00100098	
238	0.00515137	238	0.000976562	
239	0.00517578	239	0.00102539	
240	0.0052002	240	0.00100098	
241	0.00507813	241	0.00100098	
242	0.00515137	242	0.00102539	
243	0.00510254	243	0.00102539	
244	0.00512695	244	0.00102539	
245	0.00507813	245	0.00100098	
246	0.00517578	246	0.000976562	
247	0.00510254	247	0.000976562	
248	0.00515137	248	0.000976562	
249	0.00512695	249	0.000952148	
250	0.0052002	250	0.000952148	
251	0.00512695	251	0.000976562	
252	0.0052002	252	0.000952148	
253	0.00510254	253	0.000976562	
254	0.0052002	254	0.000976562	
255	0.00515137	255	0.00102539	
256	0.00517578	256	0.000952148	
257	0.00515137	257	0.000976562	
258	0.00517578	258	0.000976562	
259	0.00517578	259	0.000952148	
260	0.00515137	260	0.000976562	
261	0.0052002	261	0.000976562	
262	0.00515137	262	0.00100098	
263	0.00517578	263	0.000976562	
264	0.00512695	264	0.00100098	
265	0.00517578	265	0.00102539	
266	0.00507813	266	0.00100098	
267	0.0052002	267	0.00100098	
268	0.00517578	268	0.000976562	
269	0.00515137	269	0.00100098	
270	0.00507813	270	0.00100098	
271	0.00517578	271	0.00102539	
272	0.00510254	272	0.00102539	
273	0.00517578	273	0.000976562	
274	0.00507813	274	0.00102539	
275	0.00515137	275	0.00102539	
276	0.00517578	276	0.00100098	
277	0.00517578	277	0.00100098	
278	0.0052002	278	0.00102539	
279	0.00515137	279	0.00100098	
280	0.0052002	280	0.00102539	
281	0.00512695	281	0.00100098	
282	0.00522461	282	0.00100098	
283	0.00515137	283	0.00102539	
284	0.0052002	284	0.000952148	
285	0.00512695	285	0.00100098	
286	0.0052002	286	0.000952148	
287	0.00515137	287	0.00100098	
288	0.0052002	288	0.000927734	
289	0.00515137	289	0.000976562	
290	0.00522461	290	0.000976562	
291	0.00517578	291	0.00100098	
292	0.00517578	292	0.000952148	
293	0.00515137	293	0.000976562	
294	0.00515137	294	0.00100098	
295	0.00517578	295	0.000976562	
296	0.0052002	296	0.00100098	
297	0.00512695	297	0.000952148	
298	0.00512695	298	0.000952148	
299	0.00515137	299	0.00090332	
300	0.00512695	300	0.00100098	
301	0.00517578	301	0.000952148	
302	0.00515137	302	0.00100098	
303	0.0052002	303	0.000976562	
304	0.00515137	304	0.000952148	
305	0.00524902	305	0.000952148	
306	0.00512695	306	0.000976562	
307	0.00522461	307	0.000952148	
308	0.00512695	308	0.000976562	
309	0.00515137	309	0.000952148	
310	0.00517578	310	0.000976562	
311	0.00517578	311	0.000976562	
312	0.00515137	312	0.00100098	
313	0.00515137	313	0.000976562	
314	0.0052002	314	0.000976562	
315	0.00517578	315	0.000976562	
316	0.00517578	316	0.00100098	
317	0.00505371	317	0.00100098	
318	0.00517578	318	0.00100098	
319	0.00512695	319	0.00100098	
320	0.00515137	320	0.00100098	
321	0.00510254	321	0.00100098	
322	0.00515137	322	0.00102539	
323	0.00512695	323	0.00100098	
324	0.0052002	324	0.000952148	
325	0.00512695	325	0.00100098	
326	0.00517578	326	0.000976562	
327	0.00515137	327	0.00100098	
328	0.0052002	328	0.000976562	
329	0.00515137	329	0.00102539	
330	0.00517578	330	0.000952148	
331	0.00517578	331	0.00102539	
332	0.00517578	332	0.00100098	
333	0.0052002	333	0.00100098	
334	0.00517578	334	0.000976562	
335	0.0052002	335	0.00100098	
336	0.0052002	336	0.000976562	
337	0.00517578	337	0.000976562	
338	0.00515137	338	0.00100098	
339	0.00522461	339	0.000976562	
340	0.00515137	340	0.00100098	
341	0.0052002	341	0.000976562	
342	0.00510254	342	0.000976562	
343	0.00517578	343	0.00100098	
344	0.00515137	344	0.00100098	
345	0.00498047	345	0.000976562	
346	0.00466309	346	0.000952148	
347	0.00422363	347	0.000805664	
348	0.00378418	348	0.000732422	
349	0.00356445	349	0.000708008	
350	0.0034668	350	0.000683594	
351	0.00324707	351	0.00065918	
352	0.00314941	352	0.000610352	
353	0.00302734	353	0.000561523	
354	0.00302734	354	0.000585938	
355	0.00285645	355	0.000585938	
356	0.00273438	356	0.000537109	
357	0.00270996	357	0.000537109	
358	0.00270996	358	0.000537109	
359	0.00263672	359	0.000512695	
360	0.0026123	360	0.000512695	
361	0.0026123	361	0.000512695	
362	0.00258789	362	0.000512695	
363	0.00256348	363	0.000512695	
364	0.00256348	364	0.000488281	
365	0.00256348	365	0.000488281	
366	0.0026123	366	0.000463867	
367	0.00258789	367	0.000512695	
368	0.0026123	368	0.000488281	
369	0.0026123	369	0.000512695	
370	0.00266113	370	0.000512695	
371	0.00266113	371	0.000512695	
372	0.00268555	372	0.000561523	
373	0.00270996	373	0.000561523	
374	0.0027832	374	0.000561523	
375	0.00280762	375	0.000585938	
376	0.00285645	376	0.000585938	
377	0.00285645	377	0.000585938	
378	0.00290527	378	0.000585938	
379	0.00300293	379	0.000610352	
380	0.00300293	380	0.000585938	
381	0.00307617	381	0.000634766	
382	0.003125	382	0.000610352	
383	0.00319824	383	0.000683594	
384	0.00319824	384	0.000634766	
385	0.00327148	385	0.000683594	
386	0.00332031	386	0.00065918	
387	0.00334473	387	0.000683594	
388	0.00339355	388	0.00065918	
389	0.00341797	389	0.000683594	
390	0.00344238	390	0.000683594	
391	0.00358887	391	0.000683594	
392	0.0036377	392	0.000683594	
393	0.00368652	393	0.000732422	
394	0.00375977	394	0.000732422	
395	0.00385742	395	0.000756836	
396	0.00385742	396	0.000756836	
397	0.00383301	397	0.000756836	
398	0.00383301	398	0.000756836	
399	0.00371094	399	0.000732422	
400	0.00361328	400	0.000708008	
401	0.00354004	401	0.00065918	
402	0.00351563	402	0.000683594	
403	0.00341797	403	0.000683594	
404	0.00336914	404	0.00065918	
405	0.00327148	405	0.000634766	
406	0.0032959	406	0.000634766	
407	0.00314941	407	0.000585938	
408	0.00317383	408	0.000610352	
409	0.00305176	409	0.000610352	
410	0.00307617	410	0.000610352	
411	0.00300293	411	0.000585938	
412	0.00297852	412	0.000610352	
413	0.00292969	413	0.000561523	
414	0.0029541	414	0.000585938	
415	0.00288086	415	0.000561523	
416	0.00288086	416	0.000585938	
417	0.0027832	417	0.000512695	
418	0.00283203	418	0.000561523	
419	0.00280762	419	0.000610352	
420	0.0027832	420	0.000561523	
421	0.00273438	421	0.000561523	
422	0.00270996	422	0.000561523	
423	0.00273438	423	0.000537109	
424	0.00268555	424	0.000512695	
425	0.00263672	425	0.000537109	
426	0.00263672	426	0.000537109	
427	0.0026123	427	0.000537109	
428	0.00256348	428	0.000512695	
429	0.00249023	429	0.000537109	
430	0.00251465	430	0.000512695	
431	0.00251465	431	0.000512695	
432	0.00244141	432	0.000488281	
433	0.00246582	433	0.000512695	
434	0.00239258	434	0.000512695	
435	0.00236816	435	0.000463867	
436	0.00236816	436	0.000463867	
437	0.00231934	437	0.000463867	
438	0.00229492	438	0.000488281	
439	0.00227051	439	0.000415039	
440	0.00227051	440	0.000463867	
441	0.00227051	441	0.000439453	
442	0.00227051	442	0.000463867	
443	0.00224609	443	0.000439453	
444	0.00222168	444	0.000463867	
445	0.00222168	445	0.000439453	
446	0.00222168	446	0.000439453	
447	0.00222168	447	0.000512695	
448	0.00222168	448	0.000463867	
449	0.00219727	449	0.000439453	
450	0.00222168	450	0.000463867	
451	0.00222168	451	0.000439453	
452	0.00224609	452	0.000439453	
453	0.00222168	453	0.000415039	
454	0.00227051	454	0.000537109	
455	0.00227051	455	0.000439453	
456	0.00229492	456	0.000415039	
457	0.00224609	457	0.000488281	
458	0.00231934	458	0.000463867	
459	0.00227051	459	0.000488281	
460	0.00236816	460	0.000488281	
461	0.00236816	461	0.000463867	
462	0.00239258	462	0.000512695	
463	0.00239258	463	0.000537109	
464	0.00244141	464	0.000488281	
465	0.00246582	465	0.000537109	
466	0.00241699	466	0.000488281	
467	0.00251465	467	0.000537109	
468	0.00253906	468	0.000488281	
469	0.00258789	469	0.000512695	
470	0.00258789	470	0.000488281	
471	0.0026123	471	0.000537109	
472	0.00258789	472	0.000561523	
473	0.00268555	473	0.000512695	
474	0.00266113	474	0.000537109	
475	0.00270996	475	0.000537109	
476	0.00266113	476	0.000561523	
477	0.00275879	477	0.000512695	
478	0.00270996	478	0.000537109	
479	0.00280762	479	0.000561523	
480	0.00275879	480	0.000561523	
481	0.00283203	481	0.000561523	
482	0.0027832	482	0.000634766	
483	0.00290527	483	0.000585938	
484	0.00285645	484	0.000610352	
485	0.00292969	485	0.000537109	
486	0.00290527	486	0.000610352	
487	0.00300293	487	0.000585938	
488	0.00297852	488	0.000610352	
489	0.00305176	489	0.000634766	
490	0.00307617	490	0.000610352	
491	0.003125	491	0.000610352	
492	0.00314941	492	0.000634766	
493	0.00317383	493	0.00065918	
494	0.00324707	494	0.00065918	
495	0.00322266	495	0.000634766	
496	0.00327148	496	0.000634766	
497	0.00327148	497	0.000634766	
498	0.00332031	498	0.000683594	
499	0.00332031	499	0.000634766	
500	0.00341797	500	0.00065918	
501	0.00334473	501	0.000708008	
502	0.00344238	502	0.000683594	
503	0.00341797	503	0.000683594	
504	0.00336914	504	0.000708008	
505	0.00324707	505	0.00065918	
506	0.00324707	506	0.00065918	
507	0.00310059	507	0.000634766	
508	0.00300293	508	0.000585938	
509	0.00290527	509	0.000610352	
510	0.00290527	510	0.000561523	
511	0.00283203	511	0.000585938	
512	0.00280762	512	0.000537109	
513	0.0027832	513	0.000561523	
514	0.00270996	514	0.000512695	
515	0.00273438	515	0.000512695	
516	0.00258789	516	0.000488281	
517	0.00258789	517	0.000488281	
518	0.00249023	518	0.000463867	
519	0.00249023	519	0.000463867	
520	0.00239258	520	0.000439453	
521	0.00234375	521	0.000463867	
522	0.00239258	522	0.000488281	
523	0.00234375	523	0.000415039	
524	0.00222168	524	0.000488281	
525	0.00224609	525	0.000488281	
526	0.00217285	526	0.000488281	
527	0.00217285	527	0.000439453	
528	0.00209961	528	0.000439453	
529	0.00217285	529	0.000415039	
530	0.0020752	530	0.000439453	
531	0.0020752	531	0.000463867	
532	0.00197754	532	0.000439453	
533	0.00197754	533	0.000415039	
534	0.00195312	534	0.000415039	
535	0.0019043	535	0.000341797	
536	0.00183105	536	0.000439453	
537	0.00183105	537	0.000415039	
538	0.00180664	538	0.000390625	
539	0.0017334	539	0.000341797	
540	0.00170898	540	0.000341797	
541	0.00163574	541	0.000341797	
542	0.00168457	542	0.000366211	
543	0.00163574	543	0.000292969	
544	0.0015625	544	0.000317383	
545	0.00153809	545	0.000317383	
546	0.0015625	546	0.000317383	
547	0.00151367	547	0.000341797	
548	0.00148926	548	0.000317383	
549	0.00144043	549	0.000317383	
550	0.00161133	550	0.000341797	
551	0.00146484	551	0.000317383	
552	0.00148926	552	0.000317383	
553	0.00146484	553	0.000317383	
554	0.00146484	554	0.000341797	
555	0.00144043	555	0.000317383	
556	0.00148926	556	0.000317383	
557	0.00151367	557	0.000292969	
558	0.00148926	558	0.000317383	
559	0.00151367	559	0.000292969	
560	0.00151367	560	0.000292969	
561	0.00153809	561	0.000317383	
562	0.00148926	562	0.000317383	
563	0.00158691	563	0.000366211	
564	0.00153809	564	0.000317383	
565	0.00163574	565	0.000317383	
566	0.00153809	566	0.000341797	
567	0.00166016	567	0.000341797	
568	0.00158691	568	0.000366211	
569	0.00166016	569	0.000341797	
570	0.00168457	570	0.000341797	
571	0.00170898	571	0.000317383	
572	0.00168457	572	0.000390625	
573	0.00180664	573	0.000341797	
574	0.00175781	574	0.000390625	
575	0.00185547	575	0.000341797	
576	0.00180664	576	0.000390625	
577	0.00185547	577	0.000366211	
578	0.00187988	578	0.000366211	
579	0.0019043	579	0.000390625	
580	0.00192871	580	0.000390625	
581	0.00197754	581	0.000415039	
582	0.00200195	582	0.000390625	
583	0.00200195	583	0.000415039	
584	0.00200195	584	0.000415039	
585	0.00202637	585	0.000415039	
586	0.0020752	586	0.000415039	
587	0.00209961	587	0.000439453	
588	0.00214844	588	0.000463867	
589	0.00214844	589	0.000439453	
590	0.00219727	590	0.000488281	
591	0.00227051	591	0.000463867	
592	0.00231934	592	0.000463867	
593	0.00229492	593	0.000439453	
594	0.00236816	594	0.000463867	
595	0.00239258	595	0.000463867	
596	0.00246582	596	0.000512695	
597	0.00244141	597	0.000512695	
598	0.00253906	598	0.000488281	
599	0.00256348	599	0.000512695	
600	0.00266113	600	0.000512695	
601	0.00268555	601	0.000561523	
602	0.0027832	602	0.000561523	
603	0.00280762	603	0.000561523	
604	0.00297852	604	0.000610352	
605	0.00300293	605	0.000610352	
606	0.00307617	606	0.000585938	
607	0.00310059	607	0.000634766	
608	0.003125	608	0.000610352	
609	0.00310059	609	0.000634766	
610	0.00307617	610	0.000585938	
611	0.00310059	611	0.000610352	
612	0.00300293	612	0.000610352	
613	0.00297852	613	0.000634766	
614	0.00290527	614	0.000610352	
615	0.00290527	615	0.000585938	
616	0.00283203	616	0.000585938	
617	0.00283203	617	0.000512695	
618	0.00270996	618	0.000537109	
619	0.00275879	619	0.000561523	
620	0.00268555	620	0.000537109	
621	0.00270996	621	0.000561523	
622	0.00266113	622	0.000585938	
623	0.00263672	623	0.000512695	
624	0.00258789	624	0.000512695	
625	0.00256348	625	0.000512695	
626	0.00251465	626	0.000488281	
627	0.00256348	627	0.000512695	
628	0.00249023	628	0.000537109	
629	0.00249023	629	0.000537109	
630	0.00249023	630	0.000537109	
631	0.00244141	631	0.000488281	
632	0.00244141	632	0.000537109	
633	0.00236816	633	0.000463867	
634	0.00236816	634	0.000488281	
635	0.00234375	635	0.000463867	
636	0.00234375	636	0.000463867	
637	0.00229492	637	0.000439453	
638	0.00229492	638	0.000463867	
639	0.00227051	639	0.000439453	
640	0.00224609	640	0.000439453	
641	0.00217285	641	0.000439453	
642	0.00219727	642	0.000439453	
643	0.00217285	643	0.000415039	
644	0.00212402	644	0.000415039	
645	0.00212402	645	0.000390625	
646	0.00205078	646	0.000439453	
647	0.0020752	647	0.000415039	
648	0.00202637	648	0.000415039	
649	0.00200195	649	0.000390625	
650	0.00200195	650	0.000390625	
651	0.00197754	651	0.000366211	
652	0.00197754	652	0.000415039	
653	0.00195312	653	0.000390625	
654	0.00192871	654	0.000390625	
655	0.0019043	655	0.000415039	
656	0.00195312	656	0.000390625	
657	0.00192871	657	0.000366211	
658	0.00192871	658	0.000366211	
659	0.0019043	659	0.000366211	
660	0.0019043	660	0.000366211	
661	0.00187988	661	0.000439453	
662	0.0019043	662	0.000390625	
663	0.00187988	663	0.000366211	
664	0.00185547	664	0.000366211	
665	0.0019043	665	0.000390625	
666	0.00187988	666	0.000415039	
667	0.0019043	667	0.000390625	
668	0.00187988	668	0.000415039	
669	0.0019043	669	0.000390625	
670	0.0019043	670	0.000390625	
671	0.00187988	671	0.000366211	
672	0.00187988	672	0.000415039	
673	0.0019043	673	0.000415039	
674	0.00187988	674	0.000415039	
675	0.00192871	675	0.000366211	
676	0.00187988	676	0.000390625	
677	0.00187988	677	0.000366211	
678	0.0019043	678	0.000366211	
679	0.00187988	679	0.000390625	
680	0.0019043	680	0.000463867	
681	0.0019043	681	0.000390625	
682	0.00192871	682	0.000415039	
683	0.00187988	683	0.000415039	
684	0.0019043	684	0.000415039	
685	0.00185547	685	0.000415039	
686	0.0019043	686	0.000415039	
687	0.00192871	687	0.000366211	
688	0.0019043	688	0.000366211	
689	0.0019043	689	0.000390625	
690	0.0019043	690	0.000366211	
691	0.00192871	691	0.000390625	
692	0.00187988	692	0.000366211	
693	0.0019043	693	0.000390625	
694	0.00192871	694	0.000390625	
695	0.0019043	695	0.000390625	
696	0.0019043	696	0.000366211	
697	0.0019043	697	0.000415039	
698	0.00192871	698	0.000390625	
699	0.0019043	699	0.000390625	
700	0.00187988	700	0.000390625	
701	0.00192871	701	0.000415039	
702	0.00192871	702	0.000439453	
703	0.0019043	703	0.000439453	
704	0.00195312	704	0.000415039	
705	0.00192871	705	0.000415039	
706	0.0019043	706	0.000390625	
707	0.00192871	707	0.000415039	
708	0.0019043	708	0.000439453	
709	0.0019043	709	0.000390625	
710	0.00192871	710	0.000390625	
711	0.0019043	711	0.000415039	
712	0.0019043	712	0.000366211	
713	0.00187988	713	0.000390625	
714	0.0019043	714	0.000415039	
715	0.00192871	715	0.000463867	
716	0.00187988	716	0.000366211	
717	0.0019043	717	0.000366211	
718	0.00187988	718	0.000366211	
719	0.00192871	719	0.000390625	
720	0.00185547	720	0.000390625	
721	0.0019043	721	0.000341797	
722	0.00187988	722	0.000390625	
723	0.0019043	723	0.000366211	
724	0.0019043	724	0.000366211	
725	0.00185547	725	0.000415039	
726	0.0019043	726	0.000390625	
727	0.0019043	727	0.000390625	
728	0.00185547	728	0.000415039	
729	0.00187988	729	0.000390625	
730	0.00187988	730	0.000415039	
731	0.00192871	731	0.000415039	
732	0.00187988	732	0.000415039	
733	0.0019043	733	0.000439453	
734	0.00192871	734	0.000390625	
735	0.00187988	735	0.000439453	
736	0.0019043	736	0.000390625	
737	0.00187988	737	0.000415039	
738	0.0019043	738	0.000366211	
739	0.0019043	739	0.000390625	
740	0.0019043	740	0.000390625	
741	0.0019043	741	0.000390625	
742	0.0019043	742	0.000366211	
743	0.0019043	743	0.000415039	
744	0.0019043	744	0.000390625	
745	0.00187988	745	0.000415039	
746	0.00183105	746	0.000415039	
747	0.00187988	747	0.000415039	
748	0.00187988	748	0.000366211	
749	0.0019043	749	0.000366211	
750	0.00187988	750	0.000415039	
751	0.0019043	751	0.000390625	
752	0.0019043	752	0.000366211	
753	0.00187988	753	0.000415039	
754	0.0019043	754	0.000390625	
755	0.00185547	755	0.000366211	
756	0.0019043	756	0.000415039	
757	0.00192871	757	0.000390625	
758	0.00192871	758	0.000439453	
759	0.0019043	759	0.000390625	
760	0.00192871	760	0.000390625	
761	0.00187988	761	0.000390625	
762	0.00195312	762	0.000390625	
763	0.0019043	763	0.000390625	
764	0.00187988	764	0.000390625	
765	0.0019043	765	0.000390625	
766	0.00187988	766	0.000366211	
767	0.00192871	767	0.000366211	
768	0.0019043	768	0.000390625	
769	0.0019043	769	0.000366211	
770	0.0019043	770	0.000415039	
771	0.0019043	771	0.000390625	
772	0.00192871	772	0.000415039	
773	0.00192871	773	0.000390625	
774	0.00187988	774	0.000390625	
775	0.00192871	775	0.000439453	
776	0.00187988	776	0.000390625	
777	0.0019043	777	0.000390625	
778	0.00187988	778	0.000390625	
779	0.00192871	779	0.000366211	
780	0.00187988	780	0.000366211	
781	0.00187988	781	0.000390625	
782	0.0019043	782	0.000366211	
783	0.0019043	783	0.000366211	
784	0.00187988	784	0.000390625	
785	0.00192871	785	0.000439453	
786	0.0019043	786	0.000390625	
787	0.0019043	787	0.000390625	
788	0.00187988	788	0.000341797	
789	0.0019043	789	0.000390625	
790	0.00192871	790	0.000390625	
791	0.00185547	791	0.000415039	
792	0.00187988	792	0.000366211	
793	0.00187988	793	0.000390625	
794	0.00187988	794	0.000390625	
795	0.0019043	795	0.000390625	
796	0.00192871	796	0.000390625	
797	0.00187988	797	0.000390625	
798	0.0019043	798	0.000390625	
799	0.0019043	799	0.000390625	
800	0.0019043	800	0.000415039	
801	0.00187988	801	0.000390625	
802	0.0019043	802	0.000390625	
803	0.0019043	803	0.000415039	
804	0.00195312	804	0.000415039	
805	0.00187988	805	0.000390625	
806	0.00187988	806	0.000366211	
807	0.0019043	807	0.000439453	
808	0.00192871	808	0.000415039	
809	0.00187988	809	0.000415039	
810	0.00192871	810	0.000390625	
811	0.00197754	811	0.000415039	
812	0.0019043	812	0.000390625	
813	0.00187988	813	0.000415039	
814	0.0019043	814	0.000390625	
815	0.0019043	815	0.000390625	
816	0.0019043	816	0.000390625	
817	0.0019043	817	0.000366211	
818	0.00197754	818	0.000366211	
819	0.00192871	819	0.000390625	
820	0.0019043	820	0.000390625	
821	0.0019043	821	0.000415039	
822	0.0019043	822	0.000390625	
823	0.00192871	823	0.000390625	
824	0.00192871	824	0.000366211	
825	0.00187988	825	0.000390625	
826	0.0019043	826	0.000366211	
827	0.0019043	827	0.000366211	
828	0.0019043	828	0.000366211	
829	0.00192871	829	0.000390625	
830	0.00187988	830	0.000415039	
831	0.0019043	831	0.000415039	
832	0.0019043	832	0.000390625	
833	0.00187988	833	0.000415039	
834	0.00187988	834	0.000366211	
835	0.0019043	835	0.000390625	
836	0.0019043	836	0.000390625	
837	0.00187988	837	0.000390625	
838	0.00187988	838	0.000366211	
839	0.00200195	839	0.000366211	
840	0.00187988	840	0.000366211	
841	0.00187988	841	0.000366211	
842	0.0019043	842	0.000415039	
843	0.0019043	843	0.000366211	
844	0.0019043	844	0.000390625	
845	0.00187988	845	0.000390625	
846	0.00195312	846	0.000390625	
847	0.0019043	847	0.000366211	
848	0.00192871	848	0.000366211	
849	0.0019043	849	0.000390625	
850	0.0019043	850	0.000390625	
851	0.00192871	851	0.000366211	
852	0.00192871	852	0.000415039	
853	0.00192871	853	0.000390625	
854	0.0019043	854	0.000415039	
855	0.00192871	855	0.000415039	
856	0.0019043	856	0.000415039	
857	0.0019043	857	0.000366211	
858	0.0019043	858	0.000390625	
859	0.00187988	859	0.000366211	
860	0.0019043	860	0.000366211	
861	0.00192871	861	0.000366211	
862	0.00187988	862	0.000366211	
863	0.00192871	863	0.000390625	
864	0.0019043	864	0.000390625	
865	0.0019043	865	0.000390625	
866	0.0019043	866	0.000366211	
867	0.0019043	867	0.000415039	
868	0.00195312	868	0.000439453	
869	0.0019043	869	0.000366211	
870	0.00187988	870	0.000390625	
871	0.00187988	871	0.000390625	
872	0.00192871	872	0.000415039	
873	0.00187988	873	0.000390625	
874	0.00192871	874	0.000390625	
875	0.0019043	875	0.000390625	
876	0.0019043	876	0.000439453	
877	0.00192871	877	0.000366211	
878	0.00187988	878	0.000415039	
879	0.00192871	879	0.000439453	
880	0.0019043	880	0.000415039	
881	0.0019043	881	0.000390625	
882	0.00187988	882	0.000390625	
883	0.0019043	883	0.000390625	
884	0.0019043	884	0.000415039	
885	0.0019043	885	0.000317383	
886	0.0019043	886	0.000390625	
887	0.0019043	887	0.000390625	
888	0.0019043	888	0.000390625	
889	0.0019043	889	0.000366211	
890	0.0019043	890	0.000390625	
891	0.00187988	891	0.000390625	
892	0.00187988	892	0.000390625	
893	0.0019043	893	0.000366211	
894	0.00187988	894	0.000390625	
895	0.0019043	895	0.000390625	
896	0.00187988	896	0.000415039	
897	0.00187988	897	0.000390625	
898	0.00187988	898	0.000390625	
899	0.00187988	899	0.000341797	
900	0.0019043	900	0.000390625	
901	0.0019043	901	0.000390625	
902	0.0019043	902	0.000390625	
903	0.0019043	903	0.000366211	
904	0.0019043	904	0.000390625	
905	0.0019043	905	0.000415039	
906	0.0019043	906	0.000317383	
907	0.0019043	907	0.000439453	
908	0.00192871	908	0.000415039	
909	0.00187988	909	0.000390625	
910	0.00187988	910	0.000439453	
911	0.00187988	911	0.000439453	
912	0.00195312	912	0.000390625	
913	0.0019043	913	0.000390625	
914	0.00192871	914	0.000390625	
915	0.0019043	915	0.000366211	
916	0.00187988	916	0.000366211	
917	0.00187988	917	0.000415039	
918	0.00187988	918	0.000390625	
919	0.0019043	919	0.000415039	
920	0.00187988	920	0.000390625	
921	0.00187988	921	0.000366211	
922	0.0019043	922	0.000390625	
923	0.00192871	923	0.000415039	
924	0.0019043	924	0.000390625	
925	0.00187988	925	0.000439453	
926	0.0019043	926	0.000390625	
927	0.0019043	927	0.000415039	
928	0.00192871	928	0.000439453	
929	0.00192871	929	0.000366211	
930	0.00192871	930	0.000390625	
931	0.0019043	931	0.000366211	
932	0.0019043	932	0.000390625	
933	0.00192871	933	0.000366211	
934	0.0019043	934	0.000341797	
935	0.00192871	935	0.000390625	
936	0.0019043	936	0.000390625	
937	0.0019043	937	0.000390625	
938	0.0019043	938	0.000390625	
939	0.00192871	939	0.000390625	
940	0.0019043	940	0.000390625	
941	0.0019043	941	0.000390625	
942	0.00187988	942	0.000390625	
943	0.0019043	943	0.000366211	
944	0.0019043	944	0.000390625	
945	0.0019043	945	0.000390625	
946	0.00187988	946	0.000390625	
947	0.0019043	947	0.000390625	
948	0.00187988	948	0.000415039	
949	0.00187988	949	0.000390625	
950	0.0019043	950	0.000390625	
951	0.0019043	951	0.000366211	
952	0.0019043	952	0.000366211	
953	0.0019043	953	0.000366211	
954	0.00187988	954	0.000390625	
955	0.0019043	955	0.000390625	
956	0.00192871	956	0.000415039	
957	0.0019043	957	0.000390625	
958	0.0019043	958	0.000390625	
959	0.0019043	959	0.000390625	
960	0.0019043	960	0.000366211	
961	0.0019043	961	0.000390625	
962	0.0019043	962	0.000366211	
963	0.0019043	963	0.000390625	
964	0.00187988	964	0.000390625	
965	0.0019043	965	0.000366211	
966	0.00187988	966	0.000390625	
967	0.00192871	967	0.000415039	
968	0.0019043	968	0.000390625	
969	0.0019043	969	0.000415039	
970	0.00187988	970	0.000415039	
971	0.0019043	971	0.000366211	
972	0.0019043	972	0.000390625	
973	0.00192871	973	0.000415039	
974	0.00185547	974	0.000439453	
975	0.0019043	975	0.000415039	
976	0.0019043	976	0.000415039	
977	0.00195312	977	0.000341797	
978	0.0019043	978	0.000415039	
979	0.0019043	979	0.000390625	
980	0.0019043	980	0.000390625	
981	0.0019043	981	0.000390625	
982	0.00192871	982	0.000390625	
983	0.00192871	983	0.000415039	
984	0.00192871	984	0.000390625	
985	0.0019043	985	0.000366211	
986	0.00192871	986	0.000415039	
987	0.00192871	987	0.000390625	
988	0.0019043	988	0.000390625	
989	0.00192871	989	0.000390625	
990	0.0019043	990	0.000415039	
991	0.00192871	991	0.000390625	
992	0.00192871	992	0.000390625	
993	0.0019043	993	0.000415039	
994	0.00192871	994	0.000390625	
995	0.00195312	995	0.000366211	
996	0.00192871	996	0.000366211	
997	0.00192871	997	0.000463867	
998	0.00192871	998	0.000366211	
999	0.00192871	999	0.000415039	
