Time - Plot 0	Amplitude - Plot 0	Time - Plot 1	Amplitude - Plot 1	
0	0.0211182	0	0.0174561	
1	0.0210938	1	0.0173828	
2	0.0211182	2	0.0174072	
3	0.0211182	3	0.017334	
4	0.021167	4	0.017334	
5	0.0210449	5	0.0173828	
6	0.0211182	6	0.0174316	
7	0.0211182	7	0.017334	
8	0.0211914	8	0.0173584	
9	0.0210693	9	0.0173828	
10	0.0210938	10	0.0174072	
11	0.0211182	11	0.0174561	
12	0.0212158	12	0.0173096	
13	0.0210449	13	0.0173828	
14	0.021167	14	0.0174561	
15	0.0210693	15	0.0173584	
16	0.0212402	16	0.0173584	
17	0.0210693	17	0.0173828	
18	0.0211426	18	0.0174072	
19	0.0210693	19	0.0174072	
20	0.021167	20	0.017334	
21	0.0210205	21	0.017334	
22	0.021167	22	0.0174316	
23	0.0210449	23	0.0173584	
24	0.0211914	24	0.0174072	
25	0.0210693	25	0.0173828	
26	0.0211426	26	0.0174805	
27	0.0210938	27	0.0174072	
28	0.0211182	28	0.0173828	
29	0.0211182	29	0.0172852	
30	0.0211914	30	0.0174561	
31	0.0210449	31	0.0173828	
32	0.021167	32	0.0174561	
33	0.0211426	33	0.017334	
34	0.0211182	34	0.0174316	
35	0.0211182	35	0.0173828	
36	0.0210693	36	0.0174316	
37	0.0211182	37	0.0172852	
38	0.0211182	38	0.0174316	
39	0.0210938	39	0.0173828	
40	0.0211182	40	0.0174805	
41	0.0211182	41	0.0173096	
42	0.021167	42	0.0173828	
43	0.0211426	43	0.0173828	
44	0.0210449	44	0.0174072	
45	0.0211182	45	0.0173096	
46	0.0211914	46	0.0173584	
47	0.0210693	47	0.0174072	
48	0.0211182	48	0.0174316	
49	0.0211182	49	0.017334	
50	0.021167	50	0.0173584	
51	0.0211426	51	0.0174072	
52	0.0210938	52	0.0173584	
53	0.0210693	53	0.0173584	
54	0.0212158	54	0.0173584	
55	0.0210449	55	0.0173584	
56	0.021167	56	0.0173828	
57	0.0210205	57	0.0173584	
58	0.021167	58	0.017334	
59	0.0210938	59	0.0174072	
60	0.0211914	60	0.0173584	
61	0.0210449	61	0.0174072	
62	0.0211914	62	0.0173828	
63	0.0210693	63	0.017334	
64	0.0211914	64	0.0174072	
65	0.0210205	65	0.0173828	
66	0.021167	66	0.0173828	
67	0.0211426	67	0.0173828	
68	0.0211182	68	0.0174316	
69	0.0210449	69	0.0173584	
70	0.0211914	70	0.0174072	
71	0.0211426	71	0.017334	
72	0.0211914	72	0.0174316	
73	0.0210693	73	0.0174072	
74	0.0210938	74	0.0174561	
75	0.021167	75	0.017334	
76	0.0210938	76	0.0174072	
77	0.021167	77	0.0173584	
78	0.0210693	78	0.0174561	
79	0.0211426	79	0.017334	
80	0.021167	80	0.0174316	
81	0.0210938	81	0.0174072	
82	0.0210693	82	0.0174561	
83	0.0211426	83	0.0173584	
84	0.0211182	84	0.0173828	
85	0.0211426	85	0.0173584	
86	0.0211182	86	0.0174316	
87	0.0211182	87	0.0173584	
88	0.0212158	88	0.0173828	
89	0.0211426	89	0.0173828	
90	0.0210938	90	0.0174316	
91	0.0211426	91	0.0174072	
92	0.0211182	92	0.017334	
93	0.0210693	93	0.017334	
94	0.0211426	94	0.0174316	
95	0.0210938	95	0.0173828	
96	0.0211914	96	0.0173828	
97	0.0210938	97	0.0173584	
98	0.021167	98	0.0174316	
99	0.0210693	99	0.0173828	
100	0.0211426	100	0.0173828	
101	0.0210693	101	0.017334	
102	0.021167	102	0.0174316	
103	0.0210449	103	0.0173584	
104	0.0211914	104	0.0173584	
105	0.0211914	105	0.017334	
106	0.0211914	106	0.0173828	
107	0.0210693	107	0.0174316	
108	0.0211426	108	0.0173584	
109	0.0210693	109	0.017334	
110	0.0211914	110	0.0173096	
111	0.0210693	111	0.0173584	
112	0.021167	112	0.0174561	
113	0.0210938	113	0.017334	
114	0.0211914	114	0.0174072	
115	0.0211182	115	0.0174072	
116	0.0211426	116	0.0174072	
117	0.0210938	117	0.0173096	
118	0.0211426	118	0.0174072	
119	0.0211182	119	0.0173584	
120	0.0210938	120	0.0174316	
121	0.0211182	121	0.017334	
122	0.0211182	122	0.0173584	
123	0.021167	123	0.0173584	
124	0.0210693	124	0.0174072	
125	0.0210693	125	0.017334	
126	0.0211914	126	0.0173584	
127	0.0211182	127	0.017334	
128	0.0211426	128	0.0174561	
129	0.0210693	129	0.0173828	
130	0.0211182	130	0.0173828	
131	0.021167	131	0.0173584	
132	0.0211182	132	0.0173828	
133	0.0211182	133	0.0173828	
134	0.0211182	134	0.0174072	
135	0.0210938	135	0.017334	
136	0.0211914	136	0.0174316	
137	0.0210205	137	0.0174072	
138	0.0211426	138	0.0174072	
139	0.0211426	139	0.0173584	
140	0.0211914	140	0.0173828	
141	0.0209961	141	0.0173828	
142	0.021167	142	0.0173828	
143	0.0210938	143	0.017334	
144	0.0212158	144	0.0173584	
145	0.0210449	145	0.0173584	
146	0.0211426	146	0.0173584	
147	0.0211426	147	0.0174072	
148	0.0212158	148	0.017334	
149	0.0210693	149	0.0174072	
150	0.0211182	150	0.0174072	
151	0.0210693	151	0.0173828	
152	0.0212158	152	0.0174072	
153	0.0210938	153	0.0173828	
154	0.0211182	154	0.0174316	
155	0.0210693	155	0.0173584	
156	0.0211426	156	0.0173584	
157	0.0210938	157	0.0173584	
158	0.0211426	158	0.0174316	
159	0.0210693	159	0.0173584	
160	0.021167	160	0.0174316	
161	0.0212158	161	0.0173096	
162	0.0211182	162	0.0174561	
163	0.0211182	163	0.0173828	
164	0.0211182	164	0.0173584	
165	0.0211426	165	0.017334	
166	0.021167	166	0.0174072	
167	0.0210938	167	0.0173828	
168	0.021167	168	0.0174316	
169	0.021167	169	0.017334	
170	0.0211182	170	0.0174072	
171	0.0211426	171	0.0173828	
172	0.0210693	172	0.0173584	
173	0.0211426	173	0.0173096	
174	0.0211426	174	0.0173584	
175	0.0210693	175	0.0173584	
176	0.0211426	176	0.0174316	
177	0.0211182	177	0.017334	
178	0.021167	178	0.0173584	
179	0.0211426	179	0.0173584	
180	0.0210693	180	0.0174072	
181	0.0211182	181	0.0173584	
182	0.0212402	182	0.0173584	
183	0.0210693	183	0.0173828	
184	0.0211182	184	0.0174316	
185	0.0210205	185	0.0173828	
186	0.0211914	186	0.0173584	
187	0.0211426	187	0.0174072	
188	0.0211182	188	0.0173584	
189	0.0210449	189	0.0173584	
190	0.0212158	190	0.0173828	
191	0.0210938	191	0.0173584	
192	0.0211914	192	0.0174072	
193	0.0209961	193	0.0173096	
194	0.021167	194	0.0173584	
195	0.0211426	195	0.0173584	
196	0.0211182	196	0.0174316	
197	0.0210205	197	0.0173584	
198	0.0211426	198	0.0174072	
199	0.0211182	199	0.017334	
200	0.021167	200	0.0174072	
201	0.0210449	201	0.0174072	
202	0.0211182	202	0.0173828	
203	0.0212158	203	0.0173828	
204	0.0210938	204	0.017334	
205	0.0210693	205	0.0173828	
206	0.0210938	206	0.0174072	
207	0.0211182	207	0.0173096	
208	0.0211914	208	0.0174072	
209	0.0210693	209	0.0173584	
210	0.0210693	210	0.0174316	
211	0.021167	211	0.017334	
212	0.0211426	212	0.0174561	
213	0.0211182	213	0.0173584	
214	0.0210693	214	0.0174316	
215	0.0211426	215	0.017334	
216	0.021167	216	0.0174072	
217	0.0211426	217	0.0173584	
218	0.0211182	218	0.0174072	
219	0.0211426	219	0.0173828	
220	0.0211426	220	0.017334	
221	0.0211182	221	0.0173584	
222	0.0210938	222	0.0174072	
223	0.0210693	223	0.0173828	
224	0.0211914	224	0.0173828	
225	0.0210938	225	0.0173828	
226	0.0211182	226	0.0173828	
227	0.0210693	227	0.0174072	
228	0.0211426	228	0.017334	
229	0.0211182	229	0.017334	
230	0.021167	230	0.0174072	
231	0.0210449	231	0.017334	
232	0.0212158	232	0.0174072	
233	0.0210938	233	0.0173584	
234	0.0211914	234	0.0174316	
235	0.0210693	235	0.0174072	
236	0.0211182	236	0.0173584	
237	0.0210938	237	0.017334	
238	0.0211914	238	0.0173828	
239	0.0210449	239	0.0173584	
240	0.021167	240	0.0174072	
241	0.0210938	241	0.0173584	
242	0.021167	242	0.0173584	
243	0.0211182	243	0.0174316	
244	0.0210693	244	0.0173828	
245	0.0211182	245	0.0173584	
246	0.021167	246	0.0173584	
247	0.0210938	247	0.0173584	
248	0.0210938	248	0.0174561	
249	0.0211182	249	0.017334	
250	0.0211426	250	0.0173828	
251	0.0211426	251	0.0174072	
252	0.0210693	252	0.0174072	
253	0.0211182	253	0.017334	
254	0.0210938	254	0.0173828	
255	0.0211182	255	0.017334	
256	0.0210938	256	0.0174316	
257	0.0211182	257	0.0173584	
258	0.0211426	258	0.0173584	
259	0.021167	259	0.017334	
260	0.0210693	260	0.0173584	
261	0.0210938	261	0.0173584	
262	0.0211426	262	0.0174072	
263	0.0211182	263	0.0173096	
264	0.0211182	264	0.0174561	
265	0.0210449	265	0.0173828	
266	0.0211426	266	0.0173584	
267	0.0211182	267	0.0173096	
268	0.0211182	268	0.0174072	
269	0.0210449	269	0.0174072	
270	0.021167	270	0.0173828	
271	0.021167	271	0.0173584	
272	0.0211914	272	0.0173828	
273	0.0210205	273	0.0174072	
274	0.0211426	274	0.0173828	
275	0.0211182	275	0.0173584	
276	0.0211914	276	0.017334	
277	0.0209961	277	0.0173828	
278	0.0211426	278	0.0173828	
279	0.0210938	279	0.0173584	
280	0.0212158	280	0.0173584	
281	0.0210205	281	0.0173096	
282	0.0211182	282	0.0174072	
283	0.0211182	283	0.0173828	
284	0.0211426	284	0.0173584	
285	0.0210693	285	0.0174072	
286	0.0211182	286	0.0174805	
287	0.0210693	287	0.0173096	
288	0.0211914	288	0.017334	
289	0.0210938	289	0.017334	
290	0.0210693	290	0.0174072	
291	0.0210693	291	0.0173584	
292	0.0211182	292	0.0173584	
293	0.021167	293	0.0173828	
294	0.0211182	294	0.0174316	
295	0.0210449	295	0.017334	
296	0.0211426	296	0.0174072	
297	0.021167	297	0.0173096	
298	0.0210693	298	0.0174316	
299	0.0211182	299	0.0173828	
300	0.0211182	300	0.0173584	
301	0.0211914	301	0.017334	
302	0.0210938	302	0.0173828	
303	0.0210693	303	0.0173828	
304	0.0211182	304	0.0174072	
305	0.021167	305	0.017334	
306	0.0211182	306	0.0173828	
307	0.0210938	307	0.0174316	
308	0.0210693	308	0.0173828	
309	0.0211426	309	0.017334	
310	0.021167	310	0.0173584	
311	0.0210449	311	0.0173584	
312	0.0211426	312	0.0174316	
313	0.0211182	313	0.017334	
314	0.021167	314	0.0173584	
315	0.0211182	315	0.0174072	
316	0.0210693	316	0.017334	
317	0.0210938	317	0.0173584	
318	0.021167	318	0.0173096	
319	0.0210449	319	0.0174072	
320	0.0211426	320	0.0174316	
321	0.0209961	321	0.0173828	
322	0.021167	322	0.0173584	
323	0.0211182	323	0.0173584	
324	0.0210938	324	0.0174072	
325	0.0210693	325	0.0174072	
326	0.021167	326	0.0173096	
327	0.0210693	327	0.017334	
328	0.0211182	328	0.0174072	
329	0.0209961	329	0.0173828	
330	0.021167	330	0.0173096	
331	0.0211426	331	0.0173584	
332	0.0211182	332	0.0174072	
333	0.0210693	333	0.0173584	
334	0.0211182	334	0.0173828	
335	0.0211426	335	0.0172852	
336	0.0211182	336	0.0174561	
337	0.0210938	337	0.0173096	
338	0.0211426	338	0.0174316	
339	0.021167	339	0.017334	
340	0.0210693	340	0.0173828	
341	0.0211182	341	0.0174072	
342	0.0210693	342	0.0173828	
343	0.0211426	343	0.0173096	
344	0.0211426	344	0.0174072	
345	0.0210693	345	0.0174072	
346	0.0210693	346	0.0174072	
347	0.0211426	347	0.017334	
348	0.0210693	348	0.0173828	
349	0.0210693	349	0.0173828	
350	0.0210693	350	0.0174072	
351	0.0211182	351	0.0173096	
352	0.0211914	352	0.0173828	
353	0.0207764	353	0.0171143	
354	0.0195801	354	0.0161133	
355	0.0191406	355	0.0157471	
356	0.0181885	356	0.014917	
357	0.0172363	357	0.014209	
358	0.0170898	358	0.0140869	
359	0.0157471	359	0.0129883	
360	0.0155273	360	0.0126953	
361	0.0150391	361	0.0124512	
362	0.0142822	362	0.0117676	
363	0.0141846	363	0.0117432	
364	0.0136719	364	0.0111816	
365	0.0132568	365	0.0109375	
366	0.0133057	366	0.0109619	
367	0.0126221	367	0.0104004	
368	0.0126465	368	0.0103516	
369	0.0124023	369	0.0102295	
370	0.012085	370	0.00993652	
371	0.0120117	371	0.00993652	
372	0.0116699	372	0.0095459	
373	0.0114502	373	0.00947266	
374	0.011499	374	0.00949707	
375	0.0110596	375	0.00913086	
376	0.0111084	376	0.00915527	
377	0.0109863	377	0.0090332	
378	0.0108643	378	0.00895996	
379	0.0108398	379	0.00895996	
380	0.0106689	380	0.00878906	
381	0.0106689	381	0.00876465	
382	0.0106934	382	0.00881348	
383	0.0104492	383	0.00861816	
384	0.0105225	384	0.00866699	
385	0.0104736	385	0.00861816	
386	0.0104736	386	0.00864258	
387	0.0105225	387	0.00864258	
388	0.0104492	388	0.00861816	
389	0.010498	389	0.00864258	
390	0.010498	390	0.00861816	
391	0.0104736	391	0.00856934	
392	0.010498	392	0.00861816	
393	0.010498	393	0.00866699	
394	0.0106201	394	0.00869141	
395	0.0106201	395	0.00871582	
396	0.0106201	396	0.00876465	
397	0.0106445	397	0.00876465	
398	0.0106934	398	0.00878906	
399	0.0106201	399	0.00874023	
400	0.0107178	400	0.0088623	
401	0.0106689	401	0.00878906	
402	0.0107178	402	0.00883789	
403	0.0107178	403	0.00881348	
404	0.0108398	404	0.00891113	
405	0.0108643	405	0.00898438	
406	0.0109863	406	0.00905762	
407	0.0108887	407	0.0090332	
408	0.0110107	408	0.00908203	
409	0.0109863	409	0.00908203	
410	0.0111816	410	0.0092041	
411	0.0111572	411	0.00925293	
412	0.0112305	412	0.00925293	
413	0.0112061	413	0.00925293	
414	0.0113281	414	0.00930176	
415	0.0114014	415	0.009375	
416	0.0115234	416	0.00952148	
417	0.011499	417	0.00949707	
418	0.0116699	418	0.00959473	
419	0.0116699	419	0.00957031	
420	0.0118408	420	0.00976562	
421	0.0119629	421	0.00983887	
422	0.012085	422	0.00991211	
423	0.0121094	423	0.00993652	
424	0.0122314	424	0.0100586	
425	0.0122314	425	0.010083	
426	0.0124512	426	0.0102295	
427	0.0125244	427	0.0102783	
428	0.0125732	428	0.010376	
429	0.0126465	429	0.0104492	
430	0.0127441	430	0.0104736	
431	0.0128662	431	0.0106445	
432	0.0130371	432	0.0107422	
433	0.0130615	433	0.010791	
434	0.0132568	434	0.0109619	
435	0.0133057	435	0.0109619	
436	0.0134277	436	0.0109863	
437	0.013501	437	0.0111328	
438	0.0135742	438	0.0112061	
439	0.0137207	439	0.0113281	
440	0.0139648	440	0.0114746	
441	0.0139893	441	0.0115234	
442	0.0141846	442	0.0117432	
443	0.0142822	443	0.0117676	
444	0.0143799	444	0.0118164	
445	0.0145264	445	0.0120117	
446	0.0145996	446	0.0120361	
447	0.014917	447	0.0123291	
448	0.0151611	448	0.0124756	
449	0.0152832	449	0.0125488	
450	0.0155518	450	0.0128418	
451	0.0156494	451	0.0128662	
452	0.0156738	452	0.012915	
453	0.0157471	453	0.0129395	
454	0.0157959	454	0.0130371	
455	0.0155762	455	0.0128174	
456	0.0156006	456	0.0128418	
457	0.0155029	457	0.0126953	
458	0.0153076	458	0.0126465	
459	0.01521	459	0.0125488	
460	0.0150635	460	0.0124512	
461	0.0149414	461	0.0123047	
462	0.0149414	462	0.0123047	
463	0.0148193	463	0.0122559	
464	0.0148682	464	0.0122803	
465	0.0147705	465	0.0121338	
466	0.0143799	466	0.0118652	
467	0.0143555	467	0.0118652	
468	0.0141357	468	0.0116211	
469	0.0139404	469	0.0114746	
470	0.0140137	470	0.0115234	
471	0.0136963	471	0.0113281	
472	0.0137451	472	0.0113281	
473	0.0135498	473	0.0112061	
474	0.0134033	474	0.0109863	
475	0.0133057	475	0.0109619	
476	0.0131836	476	0.0108643	
477	0.0130859	477	0.0107422	
478	0.0131348	478	0.010791	
479	0.0128662	479	0.0106445	
480	0.0129639	480	0.0106445	
481	0.012793	481	0.0105469	
482	0.0126221	482	0.010376	
483	0.0125732	483	0.0103516	
484	0.0124268	484	0.0102295	
485	0.0123535	485	0.0101563	
486	0.0124268	486	0.0102051	
487	0.0121094	487	0.0100342	
488	0.012207	488	0.010083	
489	0.0121338	489	0.0100098	
490	0.0120361	490	0.00996094	
491	0.012085	491	0.0098877	
492	0.0118652	492	0.00981445	
493	0.011792	493	0.0097168	
494	0.0118164	494	0.00969238	
495	0.0116211	495	0.00952148	
496	0.0115967	496	0.00959473	
497	0.0115479	497	0.00949707	
498	0.0114746	498	0.00949707	
499	0.0115234	499	0.00944824	
500	0.0113281	500	0.009375	
501	0.0112305	501	0.00930176	
502	0.0112305	502	0.00930176	
503	0.0111328	503	0.00913086	
504	0.0111816	504	0.00925293	
505	0.0111084	505	0.00917969	
506	0.011084	506	0.00917969	
507	0.0111328	507	0.00915527	
508	0.0108887	508	0.0090332	
509	0.0108887	509	0.00898438	
510	0.0109375	510	0.0090332	
511	0.0107178	511	0.00881348	
512	0.0107422	512	0.00881348	
513	0.0106689	513	0.00878906	
514	0.0106201	514	0.00876465	
515	0.0105957	515	0.00874023	
516	0.0105957	516	0.00871582	
517	0.0105713	517	0.00874023	
518	0.0106201	518	0.00874023	
519	0.0102783	519	0.00852051	
520	0.0103516	520	0.00844727	
521	0.0102295	521	0.00844727	
522	0.0102051	522	0.00844727	
523	0.0102051	523	0.00844727	
524	0.0102051	524	0.00837402	
525	0.0101318	525	0.00837402	
526	0.0101807	526	0.00842285	
527	0.00986328	527	0.0081543	
528	0.00996094	528	0.00817871	
529	0.00983887	529	0.00810547	
530	0.00981445	530	0.00808105	
531	0.00974121	531	0.00808105	
532	0.00966797	532	0.0079834	
533	0.00966797	533	0.00795898	
534	0.00966797	534	0.0079834	
535	0.00944824	535	0.00776367	
536	0.00947266	536	0.0078125	
537	0.00947266	537	0.00776367	
538	0.009375	538	0.00773926	
539	0.00939941	539	0.00776367	
540	0.00930176	540	0.00766602	
541	0.00932617	541	0.00761719	
542	0.00927734	542	0.00766602	
543	0.00908203	543	0.00751953	
544	0.00917969	544	0.00759277	
545	0.00915527	545	0.00749512	
546	0.00913086	546	0.00751953	
547	0.00910645	547	0.00751953	
548	0.00905762	548	0.00749512	
549	0.00908203	549	0.00744629	
550	0.00913086	550	0.0074707	
551	0.00898438	551	0.00744629	
552	0.0090332	552	0.00744629	
553	0.00898438	553	0.00742188	
554	0.00905762	554	0.00739746	
555	0.00900879	555	0.00742188	
556	0.00900879	556	0.00737305	
557	0.00893555	557	0.00737305	
558	0.00900879	558	0.00739746	
559	0.00893555	559	0.00732422	
560	0.00898438	560	0.00742188	
561	0.00891113	561	0.00734863	
562	0.0090332	562	0.00742188	
563	0.00898438	563	0.00739746	
564	0.0090332	564	0.00744629	
565	0.00905762	565	0.00742188	
566	0.00910645	566	0.0074707	
567	0.00900879	567	0.00739746	
568	0.00908203	568	0.00751953	
569	0.00900879	569	0.00744629	
570	0.00910645	570	0.00744629	
571	0.0090332	571	0.00744629	
572	0.00913086	572	0.00754395	
573	0.00917969	573	0.00756836	
574	0.0092041	574	0.00759277	
575	0.00922852	575	0.00754395	
576	0.0092041	576	0.0076416	
577	0.00925293	577	0.00761719	
578	0.00930176	578	0.00766602	
579	0.00935059	579	0.00766602	
580	0.00935059	580	0.00769043	
581	0.00935059	581	0.00771484	
582	0.00932617	582	0.00773926	
583	0.00944824	583	0.00771484	
584	0.00949707	584	0.00783691	
585	0.00947266	585	0.00783691	
586	0.00952148	586	0.00786133	
587	0.0095459	587	0.00786133	
588	0.00964355	588	0.00791016	
589	0.00966797	589	0.00803223	
590	0.0097168	590	0.00800781	
591	0.00981445	591	0.00808105	
592	0.0098877	592	0.00812988	
593	0.00991211	593	0.00817871	
594	0.0100098	594	0.00822754	
595	0.0100098	595	0.00822754	
596	0.0101563	596	0.00830078	
597	0.0101074	597	0.00839844	
598	0.0101807	598	0.00839844	
599	0.0102539	599	0.00844727	
600	0.0104004	600	0.00852051	
601	0.0103271	601	0.00849609	
602	0.0104248	602	0.00861816	
603	0.0104492	603	0.00856934	
604	0.0105957	604	0.00871582	
605	0.0105957	605	0.00874023	
606	0.0106689	606	0.00881348	
607	0.0106689	607	0.00878906	
608	0.0108154	608	0.0088623	
609	0.010791	609	0.00883789	
610	0.0107666	610	0.00895996	
611	0.0108154	611	0.00893555	
612	0.0109375	612	0.00900879	
613	0.0110596	613	0.0090332	
614	0.0110352	614	0.00910645	
615	0.011084	615	0.00915527	
616	0.0112061	616	0.0092041	
617	0.0112061	617	0.00915527	
618	0.0112061	618	0.00925293	
619	0.0111816	619	0.00922852	
620	0.0113037	620	0.00932617	
621	0.011377	621	0.00932617	
622	0.0114014	622	0.00939941	
623	0.011377	623	0.00942383	
624	0.011499	624	0.00949707	
625	0.0115234	625	0.00942383	
626	0.011499	626	0.00944824	
627	0.0115234	627	0.00952148	
628	0.0116455	628	0.00961914	
629	0.0117676	629	0.00964355	
630	0.0118164	630	0.0097168	
631	0.0117187	631	0.0097168	
632	0.0118652	632	0.00976562	
633	0.0118164	633	0.0097168	
634	0.0119629	634	0.00976562	
635	0.0119141	635	0.00983887	
636	0.0119873	636	0.0098877	
637	0.0120117	637	0.00986328	
638	0.012085	638	0.0098877	
639	0.0121582	639	0.00998535	
640	0.0122559	640	0.0101318	
641	0.0122803	641	0.0101074	
642	0.0124512	642	0.0101807	
643	0.0124268	643	0.0102295	
644	0.0124512	644	0.0103271	
645	0.0125488	645	0.0102539	
646	0.0126221	646	0.0103271	
647	0.0127197	647	0.0104004	
648	0.012793	648	0.0105469	
649	0.0127686	649	0.010498	
650	0.012915	650	0.0106201	
651	0.0130127	651	0.0106445	
652	0.0129639	652	0.0107666	
653	0.0130615	653	0.0107666	
654	0.0130859	654	0.010791	
655	0.0131592	655	0.010791	
656	0.013208	656	0.0109375	
657	0.0132813	657	0.0109619	
658	0.0134766	658	0.0111084	
659	0.0135742	659	0.011084	
660	0.0135986	660	0.0112549	
661	0.0136963	661	0.0113037	
662	0.0137451	662	0.0113281	
663	0.0138916	663	0.0113525	
664	0.0139648	664	0.0115234	
665	0.0138916	665	0.0114746	
666	0.0139648	666	0.0114502	
667	0.0140137	667	0.0114746	
668	0.0138916	668	0.0114258	
669	0.0138184	669	0.0114014	
670	0.0137695	670	0.0113281	
671	0.013501	671	0.0111084	
672	0.0135254	672	0.0110596	
673	0.0132568	673	0.0109131	
674	0.012915	674	0.0106445	
675	0.0128174	675	0.0105957	
676	0.0126221	676	0.0103271	
677	0.0124268	677	0.0103027	
678	0.0124268	678	0.0102295	
679	0.0123047	679	0.0101074	
680	0.0124023	680	0.0101074	
681	0.0121582	681	0.0100586	
682	0.0117676	682	0.00974121	
683	0.011792	683	0.00969238	
684	0.0116699	684	0.0095459	
685	0.0116211	685	0.0095459	
686	0.0115723	686	0.00957031	
687	0.0114014	687	0.00939941	
688	0.0114502	688	0.00942383	
689	0.0113525	689	0.00930176	
690	0.0111816	690	0.00925293	
691	0.0111816	691	0.00922852	
692	0.0109375	692	0.0090332	
693	0.0108643	693	0.00881348	
694	0.0107422	694	0.00895996	
695	0.0105713	695	0.00866699	
696	0.0105713	696	0.00876465	
697	0.010498	697	0.00854492	
698	0.0103027	698	0.00854492	
699	0.0103516	699	0.00854492	
700	0.010083	700	0.00834961	
701	0.0100342	701	0.00820313	
702	0.00996094	702	0.00822754	
703	0.0097168	703	0.00808105	
704	0.00979004	704	0.00808105	
705	0.0097168	705	0.00791016	
706	0.00959473	706	0.00786133	
707	0.0095459	707	0.00793457	
708	0.009375	708	0.00771484	
709	0.00930176	709	0.0076416	
710	0.00932617	710	0.00766602	
711	0.00908203	711	0.00754395	
712	0.00915527	712	0.00754395	
713	0.00905762	713	0.0074707	
714	0.00905762	714	0.00734863	
715	0.00900879	715	0.00742188	
716	0.00883789	716	0.0072998	
717	0.00881348	717	0.00727539	
718	0.00895996	718	0.00720215	
719	0.00856934	719	0.00715332	
720	0.00861816	720	0.00712891	
721	0.00854492	721	0.00703125	
722	0.00849609	722	0.00693359	
723	0.00842285	723	0.00695801	
724	0.00822754	724	0.00683594	
725	0.00825195	725	0.00673828	
726	0.00822754	726	0.0067627	
727	0.0079834	727	0.00654297	
728	0.0079834	728	0.00666504	
729	0.00791016	729	0.00651855	
730	0.00783691	730	0.00646973	
731	0.00788574	731	0.0064209	
732	0.00773926	732	0.00644531	
733	0.0078125	733	0.00644531	
734	0.00778809	734	0.0064209	
735	0.00744629	735	0.00605469	
736	0.00734863	736	0.00612793	
737	0.00734863	737	0.00605469	
738	0.00732422	738	0.00600586	
739	0.0074707	739	0.00605469	
740	0.00712891	740	0.00595703	
741	0.00712891	741	0.00595703	
742	0.00712891	742	0.0059082	
743	0.00688477	743	0.00563965	
744	0.00683594	744	0.00563965	
745	0.00671387	745	0.00554199	
746	0.00666504	746	0.00549316	
747	0.00668945	747	0.00546875	
748	0.00654297	748	0.00539551	
749	0.00649414	749	0.00541992	
750	0.00651855	750	0.00539551	
751	0.00639648	751	0.00524902	
752	0.00649414	752	0.00527344	
753	0.00634766	753	0.00524902	
754	0.00627441	754	0.00515137	
755	0.00625	755	0.00512695	
756	0.00625	756	0.00505371	
757	0.00610352	757	0.00505371	
758	0.00615234	758	0.00507813	
759	0.0060791	759	0.00498047	
760	0.00620117	760	0.00505371	
761	0.00600586	761	0.00490723	
762	0.00593262	762	0.00493164	
763	0.00598145	763	0.00490723	
764	0.00598145	764	0.0048584	
765	0.00593262	765	0.0048584	
766	0.0059082	766	0.00490723	
767	0.0059082	767	0.0048584	
768	0.00595703	768	0.0048584	
769	0.0059082	769	0.00483398	
770	0.00585937	770	0.00488281	
771	0.00583496	771	0.00483398	
772	0.0059082	772	0.00480957	
773	0.0059082	773	0.00483398	
774	0.00598145	774	0.0048584	
775	0.0059082	775	0.0048584	
776	0.00595703	776	0.0048584	
777	0.00598145	777	0.0048584	
778	0.00595703	778	0.00493164	
779	0.00598145	779	0.00493164	
780	0.00600586	780	0.00493164	
781	0.0060791	781	0.00493164	
782	0.00603027	782	0.00500488	
783	0.00603027	783	0.00495605	
784	0.0060791	784	0.00500488	
785	0.00615234	785	0.00500488	
786	0.00617676	786	0.00512695	
787	0.00615234	787	0.00512695	
788	0.00625	788	0.00510254	
789	0.00622559	789	0.00512695	
790	0.00625	790	0.00507813	
791	0.00622559	791	0.0052002	
792	0.00629883	792	0.0052002	
793	0.00632324	793	0.00522461	
794	0.00637207	794	0.0052002	
795	0.00639648	795	0.00524902	
796	0.00644531	796	0.00529785	
797	0.00651855	797	0.00534668	
798	0.00656738	798	0.00534668	
799	0.00654297	799	0.00541992	
800	0.0065918	800	0.00544434	
801	0.00664063	801	0.00546875	
802	0.00668945	802	0.00549316	
803	0.00671387	803	0.00554199	
804	0.00678711	804	0.00566406	
805	0.00693359	805	0.00568848	
806	0.00693359	806	0.00566406	
807	0.00700684	807	0.00576172	
808	0.00703125	808	0.00588379	
809	0.00710449	809	0.00581055	
810	0.00717773	810	0.00583496	
811	0.00715332	811	0.00585937	
812	0.00727539	812	0.00605469	
813	0.00739746	813	0.0060791	
814	0.00744629	814	0.00610352	
815	0.00751953	815	0.00610352	
816	0.00756836	816	0.00625	
817	0.00749512	817	0.00615234	
818	0.00759277	818	0.00625	
819	0.0076416	819	0.00625	
820	0.00766602	820	0.00637207	
821	0.00776367	821	0.00639648	
822	0.0078125	822	0.00639648	
823	0.00791016	823	0.00649414	
824	0.00795898	824	0.00651855	
825	0.00791016	825	0.0065918	
826	0.00805664	826	0.00656738	
827	0.00805664	827	0.00664063	
828	0.00810547	828	0.00666504	
829	0.00817871	829	0.00673828	
830	0.00822754	830	0.00673828	
831	0.00825195	831	0.00681152	
832	0.00834961	832	0.00683594	
833	0.00830078	833	0.00693359	
834	0.00837402	834	0.00688477	
835	0.00844727	835	0.00695801	
836	0.00849609	836	0.00695801	
837	0.00854492	837	0.00710449	
838	0.00856934	838	0.00708008	
839	0.00876465	839	0.00717773	
840	0.0088623	840	0.00725098	
841	0.00883789	841	0.00727539	
842	0.00891113	842	0.00739746	
843	0.00900879	843	0.00742188	
844	0.00900879	844	0.00744629	
845	0.00905762	845	0.00739746	
846	0.0090332	846	0.00749512	
847	0.00915527	847	0.0074707	
848	0.00925293	848	0.00759277	
849	0.00927734	849	0.00759277	
850	0.00932617	850	0.00778809	
851	0.00949707	851	0.00778809	
852	0.00957031	852	0.00791016	
853	0.0097168	853	0.0079834	
854	0.00969238	854	0.00800781	
855	0.00979004	855	0.00805664	
856	0.0098877	856	0.00810547	
857	0.00996094	857	0.0081543	
858	0.010083	858	0.0083252	
859	0.0101807	859	0.00839844	
860	0.0103027	860	0.00847168	
861	0.0104248	861	0.00856934	
862	0.0104248	862	0.00861816	
863	0.0104736	863	0.00871582	
864	0.0106201	864	0.00876465	
865	0.0107178	865	0.0088623	
866	0.0109863	866	0.0090332	
867	0.0110352	867	0.00917969	
868	0.0113037	868	0.00930176	
869	0.0114502	869	0.00942383	
870	0.0115479	870	0.00947266	
871	0.0116211	871	0.00964355	
872	0.0118408	872	0.00976562	
873	0.0119873	873	0.00979004	
874	0.0123047	874	0.0101074	
875	0.0124268	875	0.0102539	
876	0.0125244	876	0.0103271	
877	0.0126221	877	0.0104004	
878	0.0126709	878	0.0104248	
879	0.0125732	879	0.010376	
880	0.0126465	880	0.010376	
881	0.0125488	881	0.0103271	
882	0.0124512	882	0.0102295	
883	0.0124268	883	0.0102295	
884	0.0122559	884	0.0101074	
885	0.012207	885	0.010083	
886	0.0121826	886	0.0100098	
887	0.0120605	887	0.00991211	
888	0.0120117	888	0.00993652	
889	0.0119141	889	0.00976562	
890	0.0117676	890	0.00964355	
891	0.0117676	891	0.00964355	
892	0.0115967	892	0.00959473	
893	0.0116455	893	0.00959473	
894	0.0116455	894	0.00957031	
895	0.011499	895	0.00944824	
896	0.011499	896	0.00952148	
897	0.0114258	897	0.00939941	
898	0.0114258	898	0.009375	
899	0.0114746	899	0.00942383	
900	0.0111328	900	0.00922852	
901	0.0111328	901	0.00917969	
902	0.011084	902	0.00910645	
903	0.0110107	903	0.00905762	
904	0.0110352	904	0.00908203	
905	0.0108643	905	0.00905762	
906	0.0108887	906	0.00891113	
907	0.0108887	907	0.00895996	
908	0.0107178	908	0.00878906	
909	0.0106445	909	0.00881348	
910	0.0106689	910	0.00876465	
911	0.0105225	911	0.00866699	
912	0.0105469	912	0.00871582	
913	0.0104492	913	0.00864258	
914	0.0104492	914	0.00859375	
915	0.0104736	915	0.00856934	
916	0.0102539	916	0.00844727	
917	0.0102051	917	0.00844727	
918	0.0102295	918	0.00842285	
919	0.010083	919	0.0083252	
920	0.0101318	920	0.00827637	
921	0.00998535	921	0.00830078	
922	0.00996094	922	0.00817871	
923	0.0100342	923	0.00830078	
924	0.00996094	924	0.00817871	
925	0.0100098	925	0.00822754	
926	0.00998535	926	0.00817871	
927	0.00979004	927	0.00810547	
928	0.00981445	928	0.00805664	
929	0.00974121	929	0.0079834	
930	0.00969238	930	0.0079834	
931	0.00969238	931	0.00800781	
932	0.00952148	932	0.00783691	
933	0.00952148	933	0.00786133	
934	0.00947266	934	0.00783691	
935	0.00930176	935	0.00766602	
936	0.009375	936	0.00769043	
937	0.00925293	937	0.00759277	
938	0.0092041	938	0.00759277	
939	0.00925293	939	0.0076416	
940	0.00910645	940	0.00751953	
941	0.00913086	941	0.00751953	
942	0.00908203	942	0.00749512	
943	0.00891113	943	0.00732422	
944	0.00895996	944	0.00739746	
945	0.00888672	945	0.00725098	
946	0.00881348	946	0.00725098	
947	0.00883789	947	0.00727539	
948	0.00869141	948	0.00720215	
949	0.00876465	949	0.00720215	
950	0.00871582	950	0.00720215	
951	0.00869141	951	0.00715332	
952	0.00874023	952	0.00717773	
953	0.00852051	953	0.00700684	
954	0.00834961	954	0.00686035	
955	0.00834961	955	0.00690918	
956	0.00827637	956	0.00683594	
957	0.00830078	957	0.00686035	
958	0.00827637	958	0.00683594	
959	0.0081543	959	0.00673828	
960	0.00817871	960	0.00671387	
961	0.00810547	961	0.00671387	
962	0.00805664	962	0.00661621	
963	0.00810547	963	0.00664063	
964	0.00795898	964	0.00656738	
965	0.00795898	965	0.00656738	
966	0.0079834	966	0.00656738	
967	0.00788574	967	0.00649414	
968	0.00791016	968	0.00654297	
969	0.00786133	969	0.00646973	
970	0.0078125	970	0.0064209	
971	0.0078125	971	0.0064209	
972	0.00776367	972	0.00639648	
973	0.00778809	973	0.00639648	
974	0.0078125	974	0.0064209	
975	0.00771484	975	0.00632324	
976	0.00773926	976	0.00639648	
977	0.00766602	977	0.00632324	
978	0.00769043	978	0.00637207	
979	0.00773926	979	0.00634766	
980	0.0076416	980	0.00632324	
981	0.00766602	981	0.00632324	
982	0.00766602	982	0.00629883	
983	0.00766602	983	0.00629883	
984	0.00766602	984	0.00629883	
985	0.00766602	985	0.00629883	
986	0.0076416	986	0.00627441	
987	0.00769043	987	0.00634766	
988	0.0076416	988	0.00627441	
989	0.00769043	989	0.00634766	
990	0.00766602	990	0.00634766	
991	0.00766602	991	0.00634766	
992	0.00766602	992	0.00632324	
993	0.00769043	993	0.00634766	
994	0.0076416	994	0.00632324	
995	0.00769043	995	0.00634766	
996	0.00759277	996	0.00629883	
997	0.00771484	997	0.00632324	
998	0.00766602	998	0.00632324	
999	0.00769043	999	0.00637207	
1000	0.00766602	1000	0.00632324	
1001	0.00769043	1001	0.00629883	
1002	0.00766602	1002	0.00629883	
1003	0.00771484	1003	0.00634766	
1004	0.00761719	1004	0.00629883	
1005	0.00769043	1005	0.00634766	
1006	0.00769043	1006	0.00639648	
1007	0.00769043	1007	0.00632324	
1008	0.00769043	1008	0.00634766	
1009	0.0076416	1009	0.00632324	
1010	0.00766602	1010	0.00629883	
1011	0.00769043	1011	0.00634766	
1012	0.0076416	1012	0.00629883	
1013	0.00766602	1013	0.00632324	
1014	0.00771484	1014	0.00629883	
1015	0.0076416	1015	0.00637207	
1016	0.00769043	1016	0.00634766	
1017	0.0076416	1017	0.00634766	
1018	0.00769043	1018	0.00629883	
1019	0.00769043	1019	0.00634766	
1020	0.00766602	1020	0.00634766	
1021	0.00769043	1021	0.00632324	
1022	0.00769043	1022	0.00632324	
1023	0.0076416	1023	0.00629883	
1024	0.00769043	1024	0.00634766	
1025	0.00769043	1025	0.00629883	
1026	0.0076416	1026	0.00632324	
1027	0.00769043	1027	0.00632324	
1028	0.0076416	1028	0.00632324	
1029	0.00769043	1029	0.00632324	
1030	0.00766602	1030	0.00632324	
1031	0.0076416	1031	0.00629883	
1032	0.00769043	1032	0.00634766	
1033	0.00771484	1033	0.00634766	
1034	0.0076416	1034	0.00634766	
1035	0.00766602	1035	0.00632324	
1036	0.0076416	1036	0.00634766	
1037	0.00769043	1037	0.00629883	
1038	0.00766602	1038	0.00634766	
1039	0.00766602	1039	0.00632324	
1040	0.00766602	1040	0.00632324	
1041	0.00769043	1041	0.00634766	
1042	0.00766602	1042	0.00629883	
1043	0.00769043	1043	0.00632324	
1044	0.00761719	1044	0.00632324	
1045	0.00769043	1045	0.00632324	
1046	0.00766602	1046	0.00634766	
1047	0.00766602	1047	0.00629883	
1048	0.00769043	1048	0.00632324	
1049	0.00769043	1049	0.00632324	
1050	0.00766602	1050	0.00632324	
1051	0.00761719	1051	0.00632324	
1052	0.00766602	1052	0.00629883	
1053	0.00766602	1053	0.00634766	
1054	0.00769043	1054	0.00629883	
1055	0.00766602	1055	0.00639648	
1056	0.00769043	1056	0.00632324	
1057	0.00766602	1057	0.00634766	
1058	0.00766602	1058	0.00629883	
1059	0.00766602	1059	0.00632324	
1060	0.0076416	1060	0.00627441	
1061	0.00766602	1061	0.00634766	
1062	0.00769043	1062	0.00632324	
1063	0.0076416	1063	0.00632324	
1064	0.00766602	1064	0.00632324	
1065	0.00761719	1065	0.00632324	
1066	0.0076416	1066	0.00629883	
1067	0.00771484	1067	0.00632324	
1068	0.00761719	1068	0.00625	
1069	0.00769043	1069	0.00629883	
1070	0.00766602	1070	0.00634766	
1071	0.0076416	1071	0.00632324	
1072	0.00766602	1072	0.00634766	
1073	0.00766602	1073	0.00634766	
1074	0.00766602	1074	0.00632324	
1075	0.00769043	1075	0.00632324	
1076	0.00761719	1076	0.00637207	
1077	0.00771484	1077	0.00629883	
1078	0.0076416	1078	0.00634766	
1079	0.0076416	1079	0.00629883	
1080	0.00766602	1080	0.00637207	
1081	0.00769043	1081	0.00629883	
1082	0.00766602	1082	0.00632324	
1083	0.00769043	1083	0.00634766	
1084	0.0076416	1084	0.00632324	
1085	0.00769043	1085	0.00637207	
1086	0.00766602	1086	0.00637207	
1087	0.00769043	1087	0.00632324	
1088	0.00769043	1088	0.00637207	
1089	0.0076416	1089	0.00632324	
1090	0.00766602	1090	0.00634766	
1091	0.00769043	1091	0.00632324	
1092	0.00766602	1092	0.00629883	
1093	0.00766602	1093	0.00634766	
1094	0.00769043	1094	0.00629883	
1095	0.0076416	1095	0.00629883	
1096	0.00766602	1096	0.00629883	
1097	0.00766602	1097	0.00632324	
1098	0.00769043	1098	0.00629883	
1099	0.00766602	1099	0.00634766	
1100	0.00759277	1100	0.00627441	
1101	0.00766602	1101	0.00634766	
1102	0.00766602	1102	0.00629883	
1103	0.00769043	1103	0.00629883	
1104	0.00769043	1104	0.00632324	
1105	0.00766602	1105	0.00632324	
1106	0.00766602	1106	0.00629883	
1107	0.00769043	1107	0.00637207	
1108	0.00766602	1108	0.00632324	
1109	0.00773926	1109	0.00637207	
1110	0.00766602	1110	0.00629883	
1111	0.00769043	1111	0.00637207	
1112	0.00766602	1112	0.00632324	
1113	0.00766602	1113	0.00629883	
1114	0.00766602	1114	0.00629883	
1115	0.00769043	1115	0.00632324	
1116	0.00766602	1116	0.00632324	
1117	0.00769043	1117	0.00634766	
1118	0.0076416	1118	0.00632324	
1119	0.00769043	1119	0.00632324	
1120	0.00766602	1120	0.00629883	
1121	0.0076416	1121	0.00634766	
1122	0.0076416	1122	0.00629883	
1123	0.00766602	1123	0.00632324	
1124	0.0076416	1124	0.00629883	
1125	0.00766602	1125	0.00632324	
1126	0.00766602	1126	0.00634766	
1127	0.00766602	1127	0.00629883	
1128	0.00766602	1128	0.00632324	
1129	0.00766602	1129	0.00629883	
1130	0.00766602	1130	0.00629883	
1131	0.00769043	1131	0.00634766	
1132	0.0076416	1132	0.00629883	
1133	0.00766602	1133	0.00637207	
1134	0.00769043	1134	0.00629883	
1135	0.00766602	1135	0.00629883	
1136	0.00769043	1136	0.00632324	
1137	0.00769043	1137	0.00632324	
1138	0.00766602	1138	0.00629883	
1139	0.00771484	1139	0.00634766	
1140	0.00766602	1140	0.00629883	
1141	0.00766602	1141	0.00632324	
1142	0.00771484	1142	0.00629883	
1143	0.00766602	1143	0.00632324	
1144	0.00766602	1144	0.00629883	
1145	0.00766602	1145	0.00627441	
1146	0.0076416	1146	0.00632324	
1147	0.00769043	1147	0.00634766	
1148	0.00761719	1148	0.00629883	
1149	0.00769043	1149	0.00632324	
1150	0.00766602	1150	0.00632324	
1151	0.00769043	1151	0.00632324	
1152	0.0076416	1152	0.00632324	
1153	0.00769043	1153	0.00629883	
1154	0.0076416	1154	0.00627441	
1155	0.00771484	1155	0.00632324	
1156	0.0076416	1156	0.00632324	
1157	0.00769043	1157	0.00634766	
1158	0.00766602	1158	0.00632324	
1159	0.00766602	1159	0.00632324	
1160	0.00766602	1160	0.00629883	
1161	0.00769043	1161	0.00634766	
1162	0.00766602	1162	0.00629883	
1163	0.00769043	1163	0.00634766	
1164	0.0076416	1164	0.00629883	
1165	0.00771484	1165	0.00634766	
1166	0.0076416	1166	0.00632324	
1167	0.00769043	1167	0.00632324	
1168	0.00769043	1168	0.00632324	
1169	0.00769043	1169	0.00632324	
1170	0.00776367	1170	0.00632324	
1171	0.00769043	1171	0.00632324	
1172	0.00766602	1172	0.00629883	
1173	0.00766602	1173	0.00632324	
1174	0.00769043	1174	0.00629883	
1175	0.00769043	1175	0.00629883	
1176	0.00769043	1176	0.00632324	
1177	0.00761719	1177	0.00632324	
1178	0.00769043	1178	0.00627441	
1179	0.00769043	1179	0.00634766	
1180	0.00761719	1180	0.00629883	
1181	0.00769043	1181	0.00637207	
1182	0.0076416	1182	0.00629883	
1183	0.00766602	1183	0.00627441	
1184	0.00769043	1184	0.00632324	
1185	0.0076416	1185	0.00632324	
1186	0.0076416	1186	0.00627441	
1187	0.00771484	1187	0.00632324	
1188	0.0076416	1188	0.00627441	
1189	0.00769043	1189	0.00637207	
1190	0.00769043	1190	0.00632324	
1191	0.00771484	1191	0.00632324	
1192	0.00769043	1192	0.00629883	
1193	0.00769043	1193	0.00632324	
1194	0.00766602	1194	0.00629883	
1195	0.00769043	1195	0.00632324	
1196	0.00761719	1196	0.00627441	
1197	0.00769043	1197	0.00634766	
1198	0.00769043	1198	0.00632324	
1199	0.0076416	1199	0.00632324	
1200	0.00766602	1200	0.00632324	
1201	0.00766602	1201	0.00637207	
1202	0.00766602	1202	0.00634766	
1203	0.00771484	1203	0.00637207	
1204	0.0076416	1204	0.00627441	
1205	0.00769043	1205	0.00632324	
1206	0.00766602	1206	0.00632324	
1207	0.00766602	1207	0.00634766	
1208	0.00769043	1208	0.00632324	
1209	0.00766602	1209	0.00629883	
1210	0.00766602	1210	0.00632324	
1211	0.00769043	1211	0.00634766	
1212	0.0076416	1212	0.00627441	
1213	0.00766602	1213	0.00632324	
1214	0.00769043	1214	0.00634766	
1215	0.00766602	1215	0.00632324	
1216	0.00769043	1216	0.00632324	
1217	0.0076416	1217	0.00634766	
1218	0.00766602	1218	0.00629883	
1219	0.00771484	1219	0.00634766	
1220	0.00766602	1220	0.00625	
1221	0.00769043	1221	0.00632324	
1222	0.00766602	1222	0.00634766	
1223	0.00766602	1223	0.00632324	
1224	0.00769043	1224	0.00634766	
1225	0.00769043	1225	0.00634766	
1226	0.00771484	1226	0.00632324	
1227	0.00766602	1227	0.00637207	
1228	0.00761719	1228	0.00627441	
1229	0.00771484	1229	0.00629883	
1230	0.0076416	1230	0.00632324	
1231	0.00769043	1231	0.00632324	
1232	0.00769043	1232	0.00634766	
1233	0.0076416	1233	0.00632324	
1234	0.0076416	1234	0.00634766	
1235	0.00769043	1235	0.00632324	
1236	0.0076416	1236	0.00634766	
1237	0.00771484	1237	0.00629883	
1238	0.00766602	1238	0.00629883	
1239	0.00766602	1239	0.00629883	
1240	0.00766602	1240	0.00632324	
1241	0.00766602	1241	0.00634766	
1242	0.00766602	1242	0.00632324	
1243	0.00771484	1243	0.00632324	
1244	0.00766602	1244	0.00629883	
1245	0.00769043	1245	0.00632324	
1246	0.0076416	1246	0.00632324	
1247	0.00766602	1247	0.00629883	
1248	0.00769043	1248	0.00634766	
1249	0.00769043	1249	0.00632324	
1250	0.00769043	1250	0.00629883	
1251	0.00769043	1251	0.00629883	
1252	0.00766602	1252	0.00627441	
1253	0.00771484	1253	0.00634766	
1254	0.0076416	1254	0.00632324	
1255	0.00769043	1255	0.00632324	
1256	0.00766602	1256	0.00634766	
1257	0.00769043	1257	0.00634766	
1258	0.00766602	1258	0.00627441	
1259	0.00773926	1259	0.00634766	
1260	0.0076416	1260	0.00627441	
1261	0.00771484	1261	0.00634766	
1262	0.00766602	1262	0.00629883	
1263	0.00766602	1263	0.00634766	
1264	0.00766602	1264	0.00629883	
1265	0.00766602	1265	0.00634766	
1266	0.00769043	1266	0.00627441	
1267	0.00771484	1267	0.00637207	
1268	0.0076416	1268	0.00629883	
1269	0.00769043	1269	0.00632324	
1270	0.00766602	1270	0.00629883	
1271	0.00769043	1271	0.00632324	
1272	0.00769043	1272	0.00632324	
1273	0.00766602	1273	0.00629883	
1274	0.00769043	1274	0.00632324	
1275	0.00769043	1275	0.00634766	
1276	0.0076416	1276	0.00627441	
1277	0.00771484	1277	0.00632324	
1278	0.00766602	1278	0.00634766	
1279	0.00766602	1279	0.00629883	
1280	0.00769043	1280	0.00632324	
1281	0.00766602	1281	0.00629883	
1282	0.00769043	1282	0.00634766	
1283	0.00771484	1283	0.00632324	
1284	0.0076416	1284	0.00632324	
1285	0.00766602	1285	0.00629883	
1286	0.00769043	1286	0.00634766	
1287	0.00769043	1287	0.00632324	
1288	0.00769043	1288	0.00634766	
1289	0.00766602	1289	0.00632324	
1290	0.00769043	1290	0.00632324	
1291	0.00769043	1291	0.00632324	
1292	0.0076416	1292	0.00629883	
1293	0.00771484	1293	0.00629883	
1294	0.00769043	1294	0.00634766	
1295	0.00769043	1295	0.00629883	
1296	0.00771484	1296	0.00632324	
1297	0.00766602	1297	0.00629883	
1298	0.00766602	1298	0.00627441	
1299	0.00771484	1299	0.00634766	
1300	0.00766602	1300	0.00627441	
1301	0.00769043	1301	0.00637207	
1302	0.00766602	1302	0.00629883	
1303	0.0076416	1303	0.00632324	
1304	0.00766602	1304	0.00632324	
1305	0.00769043	1305	0.00632324	
1306	0.0076416	1306	0.00627441	
1307	0.00769043	1307	0.00637207	
1308	0.0076416	1308	0.00627441	
1309	0.00771484	1309	0.00634766	
1310	0.00766602	1310	0.00627441	
1311	0.00766602	1311	0.00634766	
1312	0.0076416	1312	0.00632324	
1313	0.00771484	1313	0.00637207	
1314	0.0076416	1314	0.00632324	
1315	0.00769043	1315	0.00634766	
1316	0.00759277	1316	0.00627441	
1317	0.00771484	1317	0.00637207	
1318	0.00766602	1318	0.00629883	
1319	0.00773926	1319	0.00634766	
1320	0.00769043	1320	0.00632324	
1321	0.00769043	1321	0.00634766	
1322	0.00766602	1322	0.00629883	
1323	0.00769043	1323	0.00637207	
1324	0.0076416	1324	0.00627441	
1325	0.00771484	1325	0.00634766	
1326	0.00769043	1326	0.00632324	
1327	0.00769043	1327	0.00632324	
1328	0.00766602	1328	0.00632324	
1329	0.00769043	1329	0.00632324	
1330	0.0076416	1330	0.00632324	
1331	0.00773926	1331	0.00637207	
1332	0.00759277	1332	0.00629883	
1333	0.00769043	1333	0.00634766	
1334	0.0076416	1334	0.00632324	
1335	0.00766602	1335	0.00634766	
1336	0.00769043	1336	0.00632324	
1337	0.00766602	1337	0.00629883	
1338	0.00766602	1338	0.00629883	
1339	0.00769043	1339	0.00634766	
1340	0.0076416	1340	0.00627441	
1341	0.00771484	1341	0.00632324	
1342	0.00769043	1342	0.00629883	
1343	0.00769043	1343	0.00632324	
1344	0.00766602	1344	0.00632324	
1345	0.0076416	1345	0.00629883	
1346	0.00766602	1346	0.00629883	
1347	0.00766602	1347	0.00632324	
1348	0.00766602	1348	0.00629883	
1349	0.00769043	1349	0.00634766	
1350	0.00766602	1350	0.00634766	
1351	0.0076416	1351	0.00634766	
1352	0.00766602	1352	0.00632324	
1353	0.00769043	1353	0.00632324	
1354	0.00766602	1354	0.00629883	
1355	0.00771484	1355	0.00634766	
1356	0.0076416	1356	0.00629883	
1357	0.00771484	1357	0.00634766	
1358	0.00766602	1358	0.00627441	
1359	0.00769043	1359	0.00637207	
1360	0.00766602	1360	0.00627441	
1361	0.00766602	1361	0.00632324	
1362	0.0076416	1362	0.00629883	
1363	0.00771484	1363	0.00632324	
1364	0.0076416	1364	0.00632324	
1365	0.00771484	1365	0.00637207	
1366	0.0076416	1366	0.00629883	
1367	0.00771484	1367	0.00632324	
1368	0.00769043	1368	0.00629883	
1369	0.00766602	1369	0.00632324	
1370	0.00766602	1370	0.00629883	
1371	0.00769043	1371	0.00634766	
1372	0.00761719	1372	0.00629883	
1373	0.00771484	1373	0.00632324	
1374	0.00766602	1374	0.00634766	
1375	0.00766602	1375	0.00632324	
1376	0.00766602	1376	0.00634766	
1377	0.00766602	1377	0.00627441	
1378	0.00766602	1378	0.00634766	
1379	0.00769043	1379	0.00632324	
1380	0.00761719	1380	0.00634766	
1381	0.00766602	1381	0.00629883	
1382	0.00766602	1382	0.00627441	
1383	0.00769043	1383	0.00629883	
1384	0.00769043	1384	0.00629883	
1385	0.00761719	1385	0.00632324	
1386	0.00766602	1386	0.00629883	
1387	0.00769043	1387	0.00634766	
1388	0.0076416	1388	0.00627441	
1389	0.00771484	1389	0.00632324	
1390	0.00766602	1390	0.00627441	
1391	0.00766602	1391	0.00634766	
1392	0.00769043	1392	0.00632324	
1393	0.00766602	1393	0.00634766	
1394	0.0076416	1394	0.00632324	
1395	0.00769043	1395	0.00632324	
1396	0.0076416	1396	0.00629883	
1397	0.00771484	1397	0.00634766	
1398	0.00766602	1398	0.00629883	
1399	0.00769043	1399	0.00629883	
1400	0.0076416	1400	0.00634766	
1401	0.00766602	1401	0.00629883	
1402	0.0076416	1402	0.00627441	
1403	0.00769043	1403	0.00632324	
1404	0.00761719	1404	0.00627441	
1405	0.00771484	1405	0.00637207	
1406	0.0076416	1406	0.00629883	
1407	0.00771484	1407	0.00634766	
1408	0.0076416	1408	0.00632324	
1409	0.00766602	1409	0.00634766	
1410	0.00766602	1410	0.00632324	
1411	0.00769043	1411	0.00632324	
1412	0.00761719	1412	0.00625	
1413	0.00769043	1413	0.00634766	
1414	0.0076416	1414	0.00632324	
1415	0.00766602	1415	0.00627441	
1416	0.00769043	1416	0.00627441	
1417	0.00769043	1417	0.00629883	
1418	0.00769043	1418	0.00632324	
1419	0.00769043	1419	0.00632324	
1420	0.0076416	1420	0.00629883	
1421	0.00769043	1421	0.00634766	
1422	0.00766602	1422	0.00629883	
1423	0.00766602	1423	0.00629883	
1424	0.00766602	1424	0.00627441	
1425	0.00766602	1425	0.00629883	
1426	0.00769043	1426	0.00627441	
1427	0.00769043	1427	0.00634766	
1428	0.0076416	1428	0.00629883	
1429	0.00769043	1429	0.00637207	
1430	0.0076416	1430	0.00632324	
1431	0.00771484	1431	0.00634766	
1432	0.00766602	1432	0.00629883	
1433	0.00766602	1433	0.00632324	
1434	0.00766602	1434	0.00629883	
1435	0.00771484	1435	0.00637207	
1436	0.00761719	1436	0.00622559	
1437	0.00769043	1437	0.00632324	
1438	0.0076416	1438	0.00629883	
1439	0.00769043	1439	0.00637207	
1440	0.00769043	1440	0.00629883	
1441	0.00771484	1441	0.00637207	
1442	0.0076416	1442	0.00632324	
1443	0.00771484	1443	0.00637207	
1444	0.0076416	1444	0.00627441	
1445	0.00771484	1445	0.00634766	
1446	0.00761719	1446	0.00629883	
1447	0.00773926	1447	0.00632324	
1448	0.00766602	1448	0.00629883	
1449	0.00766602	1449	0.00629883	
1450	0.00766602	1450	0.00629883	
1451	0.00771484	1451	0.00629883	
1452	0.00766602	1452	0.00629883	
1453	0.00769043	1453	0.00634766	
1454	0.0076416	1454	0.00629883	
1455	0.00766602	1455	0.00629883	
1456	0.00766602	1456	0.00634766	
1457	0.00766602	1457	0.00627441	
1458	0.0076416	1458	0.00634766	
1459	0.0076416	1459	0.00632324	
1460	0.0076416	1460	0.00629883	
1461	0.00769043	1461	0.00632324	
1462	0.00769043	1462	0.00629883	
1463	0.00766602	1463	0.00632324	
1464	0.00766602	1464	0.00634766	
1465	0.00766602	1465	0.00629883	
1466	0.00769043	1466	0.00632324	
1467	0.00769043	1467	0.00632324	
1468	0.00766602	1468	0.00629883	
1469	0.00766602	1469	0.00632324	
1470	0.00769043	1470	0.00632324	
1471	0.00771484	1471	0.00632324	
1472	0.00769043	1472	0.00634766	
1473	0.00766602	1473	0.00629883	
1474	0.0076416	1474	0.00629883	
1475	0.00769043	1475	0.00634766	
1476	0.0076416	1476	0.00629883	
1477	0.00771484	1477	0.00632324	
1478	0.00761719	1478	0.00632324	
1479	0.00769043	1479	0.00632324	
1480	0.00761719	1480	0.00629883	
1481	0.00769043	1481	0.00632324	
1482	0.00766602	1482	0.00632324	
1483	0.00771484	1483	0.00634766	
1484	0.00761719	1484	0.00627441	
1485	0.00771484	1485	0.00637207	
1486	0.00766602	1486	0.00629883	
1487	0.00771484	1487	0.00632324	
1488	0.00766602	1488	0.00629883	
1489	0.00766602	1489	0.00634766	
1490	0.00766602	1490	0.00632324	
1491	0.00771484	1491	0.00637207	
1492	0.00761719	1492	0.00627441	
1493	0.00769043	1493	0.00637207	
1494	0.0076416	1494	0.00629883	
1495	0.00766602	1495	0.00632324	
1496	0.00766602	1496	0.00632324	
1497	0.00769043	1497	0.00632324	
1498	0.0076416	1498	0.00629883	
1499	0.00769043	1499	0.00632324	
1500	0.0076416	1500	0.00629883	
1501	0.00769043	1501	0.00629883	
1502	0.00766602	1502	0.00632324	
1503	0.00769043	1503	0.00632324	
1504	0.00769043	1504	0.00629883	
1505	0.00766602	1505	0.00629883	
1506	0.0076416	1506	0.00632324	
1507	0.00766602	1507	0.00639648	
1508	0.00761719	1508	0.00622559	
1509	0.00769043	1509	0.00632324	
1510	0.00766602	1510	0.00629883	
1511	0.00766602	1511	0.00634766	
1512	0.00766602	1512	0.00629883	
1513	0.00766602	1513	0.00634766	
1514	0.00769043	1514	0.00629883	
1515	0.00771484	1515	0.00637207	
1516	0.0076416	1516	0.00629883	
1517	0.00769043	1517	0.00629883	
1518	0.0076416	1518	0.00629883	
1519	0.0076416	1519	0.00632324	
1520	0.00766602	1520	0.00629883	
1521	0.00766602	1521	0.00637207	
1522	0.0076416	1522	0.00632324	
1523	0.00769043	1523	0.00637207	
1524	0.00761719	1524	0.00627441	
1525	0.00771484	1525	0.00634766	
1526	0.0076416	1526	0.00634766	
1527	0.00766602	1527	0.00632324	
1528	0.0076416	1528	0.00637207	
1529	0.00769043	1529	0.00632324	
1530	0.00766602	1530	0.00627441	
1531	0.00771484	1531	0.00632324	
1532	0.00761719	1532	0.00629883	
1533	0.00771484	1533	0.00634766	
1534	0.0076416	1534	0.00629883	
1535	0.00766602	1535	0.00632324	
1536	0.00766602	1536	0.00629883	
1537	0.00771484	1537	0.00634766	
1538	0.0076416	1538	0.00632324	
1539	0.00771484	1539	0.00634766	
1540	0.0076416	1540	0.00632324	
1541	0.00769043	1541	0.00632324	
1542	0.00769043	1542	0.00632324	
1543	0.00769043	1543	0.00629883	
1544	0.0076416	1544	0.00629883	
1545	0.00766602	1545	0.00632324	
1546	0.00769043	1546	0.00632324	
1547	0.00769043	1547	0.00629883	
1548	0.00761719	1548	0.00629883	
1549	0.00771484	1549	0.00637207	
1550	0.0076416	1550	0.00629883	
1551	0.00766602	1551	0.00629883	
1552	0.00766602	1552	0.00629883	
1553	0.00769043	1553	0.00634766	
1554	0.00766602	1554	0.00629883	
1555	0.00769043	1555	0.00637207	
1556	0.00761719	1556	0.00632324	
1557	0.00769043	1557	0.00632324	
1558	0.00766602	1558	0.00629883	
1559	0.00769043	1559	0.00632324	
1560	0.0076416	1560	0.00629883	
1561	0.00769043	1561	0.00634766	
1562	0.0076416	1562	0.00629883	
1563	0.00771484	1563	0.00644531	
1564	0.00761719	1564	0.00625	
1565	0.00766602	1565	0.00637207	
1566	0.0076416	1566	0.00629883	
1567	0.00771484	1567	0.00632324	
1568	0.00766602	1568	0.00627441	
1569	0.00766602	1569	0.00632324	
1570	0.00766602	1570	0.00629883	
1571	0.00773926	1571	0.00634766	
1572	0.00759277	1572	0.00627441	
1573	0.00766602	1573	0.00632324	
1574	0.0076416	1574	0.00634766	
1575	0.00766602	1575	0.00629883	
1576	0.0076416	1576	0.00634766	
1577	0.00766602	1577	0.00637207	
1578	0.00766602	1578	0.00632324	
1579	0.00773926	1579	0.00632324	
1580	0.0076416	1580	0.00632324	
1581	0.00769043	1581	0.00632324	
1582	0.0076416	1582	0.00629883	
1583	0.0076416	1583	0.00632324	
1584	0.00769043	1584	0.00634766	
1585	0.0076416	1585	0.00629883	
1586	0.0076416	1586	0.00627441	
1587	0.00769043	1587	0.00632324	
1588	0.0076416	1588	0.00627441	
1589	0.00769043	1589	0.00634766	
1590	0.00766602	1590	0.00627441	
1591	0.00766602	1591	0.0064209	
1592	0.00766602	1592	0.00627441	
1593	0.00769043	1593	0.00634766	
1594	0.00766602	1594	0.00634766	
1595	0.00766602	1595	0.00632324	
1596	0.0076416	1596	0.00629883	
1597	0.00769043	1597	0.00634766	
1598	0.00766602	1598	0.00632324	
1599	0.00766602	1599	0.00629883	
1600	0.0076416	1600	0.00632324	
1601	0.0076416	1601	0.00632324	
1602	0.00766602	1602	0.00629883	
1603	0.00769043	1603	0.00632324	
1604	0.00761719	1604	0.00629883	
1605	0.00771484	1605	0.00632324	
1606	0.00761719	1606	0.00629883	
1607	0.00766602	1607	0.00632324	
1608	0.0076416	1608	0.00632324	
1609	0.00766602	1609	0.00634766	
1610	0.00766602	1610	0.00627441	
1611	0.00769043	1611	0.00637207	
1612	0.00761719	1612	0.00632324	
1613	0.00771484	1613	0.00634766	
1614	0.0076416	1614	0.00629883	
1615	0.00769043	1615	0.00634766	
1616	0.0076416	1616	0.00629883	
1617	0.00769043	1617	0.00637207	
1618	0.00766602	1618	0.00629883	
1619	0.00771484	1619	0.0064209	
1620	0.00761719	1620	0.00625	
1621	0.00769043	1621	0.00632324	
1622	0.00761719	1622	0.00627441	
1623	0.00769043	1623	0.00632324	
1624	0.0076416	1624	0.00629883	
1625	0.00769043	1625	0.00629883	
1626	0.00769043	1626	0.00632324	
1627	0.00771484	1627	0.00632324	
1628	0.0076416	1628	0.00629883	
1629	0.00769043	1629	0.00632324	
1630	0.0076416	1630	0.00629883	
1631	0.00769043	1631	0.00629883	
1632	0.00766602	1632	0.00632324	
1633	0.00769043	1633	0.00637207	
1634	0.00766602	1634	0.00629883	
1635	0.00769043	1635	0.00632324	
1636	0.00756836	1636	0.00627441	
1637	0.00769043	1637	0.00637207	
1638	0.00766602	1638	0.00629883	
1639	0.0076416	1639	0.00632324	
1640	0.00766602	1640	0.00629883	
1641	0.00766602	1641	0.00634766	
1642	0.00766602	1642	0.00632324	
1643	0.0076416	1643	0.00634766	
1644	0.00761719	1644	0.00627441	
1645	0.00771484	1645	0.00632324	
1646	0.0076416	1646	0.00627441	
1647	0.00769043	1647	0.00629883	
1648	0.0076416	1648	0.00632324	
1649	0.00769043	1649	0.00632324	
1650	0.0076416	1650	0.00634766	
1651	0.00771484	1651	0.00632324	
1652	0.00759277	1652	0.00629883	
1653	0.00769043	1653	0.00634766	
1654	0.00761719	1654	0.00627441	
1655	0.00771484	1655	0.00632324	
1656	0.00766602	1656	0.00632324	
1657	0.0076416	1657	0.00632324	
1658	0.00766602	1658	0.00629883	
1659	0.00769043	1659	0.00637207	
1660	0.00761719	1660	0.00629883	
1661	0.00769043	1661	0.00637207	
1662	0.00766602	1662	0.00629883	
1663	0.00769043	1663	0.00627441	
1664	0.00766602	1664	0.00632324	
1665	0.00769043	1665	0.00629883	
1666	0.00766602	1666	0.00632324	
1667	0.00769043	1667	0.00632324	
1668	0.00761719	1668	0.00629883	
1669	0.00769043	1669	0.00637207	
1670	0.00766602	1670	0.00627441	
1671	0.00766602	1671	0.00632324	
1672	0.00766602	1672	0.00629883	
1673	0.0076416	1673	0.00632324	
1674	0.00766602	1674	0.00627441	
1675	0.00766602	1675	0.00634766	
1676	0.00761719	1676	0.00627441	
1677	0.00769043	1677	0.00637207	
1678	0.00754395	1678	0.00627441	
1679	0.00766602	1679	0.00634766	
1680	0.00766602	1680	0.00629883	
1681	0.00769043	1681	0.00632324	
1682	0.00766602	1682	0.00629883	
1683	0.00771484	1683	0.00632324	
1684	0.0076416	1684	0.00629883	
1685	0.00771484	1685	0.00632324	
1686	0.0076416	1686	0.00629883	
1687	0.00769043	1687	0.00629883	
1688	0.00766602	1688	0.00632324	
1689	0.00769043	1689	0.00632324	
1690	0.0076416	1690	0.00632324	
1691	0.00771484	1691	0.00632324	
1692	0.00759277	1692	0.00627441	
1693	0.00769043	1693	0.00637207	
1694	0.0076416	1694	0.00629883	
1695	0.00769043	1695	0.00629883	
1696	0.0076416	1696	0.00629883	
1697	0.00771484	1697	0.00634766	
1698	0.00766602	1698	0.00632324	
1699	0.00769043	1699	0.00637207	
1700	0.00761719	1700	0.00629883	
1701	0.00771484	1701	0.00634766	
1702	0.0076416	1702	0.00627441	
1703	0.00766602	1703	0.00634766	
1704	0.0076416	1704	0.00629883	
1705	0.00769043	1705	0.00634766	
1706	0.00766602	1706	0.00629883	
1707	0.00769043	1707	0.00634766	
1708	0.00761719	1708	0.00625	
1709	0.00766602	1709	0.00634766	
1710	0.00766602	1710	0.00629883	
1711	0.00766602	1711	0.00629883	
1712	0.00769043	1712	0.00627441	
1713	0.0076416	1713	0.00634766	
1714	0.00766602	1714	0.00634766	
1715	0.00769043	1715	0.00634766	
1716	0.00761719	1716	0.00627441	
1717	0.00769043	1717	0.00634766	
1718	0.00766602	1718	0.00629883	
1719	0.00769043	1719	0.00629883	
1720	0.0076416	1720	0.00629883	
1721	0.0076416	1721	0.00632324	
1722	0.00766602	1722	0.00632324	
1723	0.00769043	1723	0.00632324	
1724	0.00761719	1724	0.00629883	
1725	0.00771484	1725	0.00632324	
1726	0.0076416	1726	0.00629883	
1727	0.00769043	1727	0.00632324	
1728	0.00766602	1728	0.00632324	
1729	0.00769043	1729	0.00632324	
1730	0.0076416	1730	0.00627441	
1731	0.00766602	1731	0.00632324	
1732	0.00761719	1732	0.00625	
1733	0.00773926	1733	0.00637207	
1734	0.00756836	1734	0.00629883	
1735	0.00766602	1735	0.00634766	
1736	0.00766602	1736	0.00629883	
1737	0.00769043	1737	0.00632324	
1738	0.00766602	1738	0.00629883	
1739	0.00771484	1739	0.00637207	
1740	0.00761719	1740	0.00629883	
1741	0.00771484	1741	0.00634766	
1742	0.0076416	1742	0.00629883	
1743	0.00769043	1743	0.00629883	
1744	0.00766602	1744	0.00634766	
1745	0.00769043	1745	0.00634766	
1746	0.00766602	1746	0.00629883	
1747	0.00769043	1747	0.00632324	
1748	0.00766602	1748	0.00629883	
1749	0.00771484	1749	0.00634766	
1750	0.0076416	1750	0.00627441	
1751	0.00766602	1751	0.00629883	
1752	0.00766602	1752	0.00629883	
1753	0.00766602	1753	0.00634766	
1754	0.00766602	1754	0.00627441	
1755	0.00773926	1755	0.00634766	
1756	0.00761719	1756	0.00627441	
1757	0.00771484	1757	0.00634766	
1758	0.00761719	1758	0.00632324	
1759	0.00766602	1759	0.00629883	
1760	0.00766602	1760	0.00629883	
1761	0.00766602	1761	0.00634766	
1762	0.0076416	1762	0.00632324	
1763	0.00766602	1763	0.00634766	
1764	0.00761719	1764	0.00629883	
1765	0.00769043	1765	0.00634766	
1766	0.00769043	1766	0.00627441	
1767	0.00769043	1767	0.00629883	
1768	0.00766602	1768	0.00632324	
1769	0.00771484	1769	0.00634766	
1770	0.00766602	1770	0.00634766	
1771	0.00769043	1771	0.00634766	
1772	0.0076416	1772	0.00627441	
1773	0.00773926	1773	0.00634766	
1774	0.00766602	1774	0.00634766	
1775	0.00769043	1775	0.00632324	
1776	0.0076416	1776	0.00632324	
1777	0.00769043	1777	0.00634766	
1778	0.0076416	1778	0.00632324	
1779	0.00773926	1779	0.00634766	
1780	0.00761719	1780	0.00629883	
1781	0.00771484	1781	0.00632324	
1782	0.0076416	1782	0.00629883	
1783	0.00778809	1783	0.00634766	
1784	0.0076416	1784	0.00627441	
1785	0.00771484	1785	0.00632324	
1786	0.0076416	1786	0.00627441	
1787	0.00766602	1787	0.00632324	
1788	0.0076416	1788	0.00620117	
1789	0.00773926	1789	0.00637207	
1790	0.00756836	1790	0.00632324	
1791	0.00769043	1791	0.00634766	
1792	0.0076416	1792	0.00629883	
1793	0.00769043	1793	0.00637207	
1794	0.00766602	1794	0.00629883	
1795	0.00771484	1795	0.00632324	
1796	0.0076416	1796	0.00627441	
1797	0.00771484	1797	0.00634766	
1798	0.00766602	1798	0.00629883	
1799	0.00769043	1799	0.00637207	
1800	0.00766602	1800	0.00634766	
1801	0.00766602	1801	0.00632324	
1802	0.00766602	1802	0.00632324	
1803	0.00769043	1803	0.00637207	
1804	0.00771484	1804	0.00627441	
1805	0.00771484	1805	0.00637207	
1806	0.0076416	1806	0.00629883	
1807	0.00766602	1807	0.00634766	
1808	0.00766602	1808	0.00627441	
1809	0.00769043	1809	0.00634766	
1810	0.00769043	1810	0.00629883	
1811	0.00776367	1811	0.00634766	
1812	0.0076416	1812	0.00632324	
1813	0.00769043	1813	0.00637207	
1814	0.0076416	1814	0.00627441	
1815	0.0076416	1815	0.00637207	
1816	0.0076416	1816	0.00629883	
1817	0.00769043	1817	0.00637207	
1818	0.00773926	1818	0.00629883	
1819	0.00771484	1819	0.00637207	
1820	0.00761719	1820	0.00625	
1821	0.00771484	1821	0.00637207	
1822	0.0076416	1822	0.00627441	
1823	0.00766602	1823	0.00634766	
1824	0.0076416	1824	0.00629883	
1825	0.00766602	1825	0.00634766	
1826	0.00766602	1826	0.00627441	
1827	0.00771484	1827	0.00632324	
1828	0.00761719	1828	0.00627441	
1829	0.00771484	1829	0.00634766	
1830	0.0076416	1830	0.00627441	
1831	0.00769043	1831	0.00632324	
1832	0.00766602	1832	0.00629883	
1833	0.00771484	1833	0.00632324	
1834	0.0076416	1834	0.00629883	
1835	0.00769043	1835	0.00632324	
1836	0.00759277	1836	0.00627441	
1837	0.00769043	1837	0.00634766	
1838	0.00766602	1838	0.00629883	
1839	0.00778809	1839	0.00632324	
1840	0.00766602	1840	0.00629883	
1841	0.00769043	1841	0.00629883	
1842	0.00766602	1842	0.00632324	
1843	0.0076416	1843	0.00634766	
1844	0.00759277	1844	0.00632324	
1845	0.00771484	1845	0.00632324	
1846	0.00761719	1846	0.00629883	
1847	0.00766602	1847	0.00632324	
1848	0.0076416	1848	0.00632324	
1849	0.00769043	1849	0.00632324	
1850	0.00769043	1850	0.00632324	
1851	0.00769043	1851	0.00634766	
1852	0.00766602	1852	0.00629883	
1853	0.00769043	1853	0.00634766	
1854	0.0076416	1854	0.00632324	
1855	0.00769043	1855	0.00627441	
1856	0.00769043	1856	0.00629883	
1857	0.0076416	1857	0.00634766	
1858	0.00769043	1858	0.00632324	
1859	0.00769043	1859	0.00634766	
1860	0.0076416	1860	0.00627441	
1861	0.00771484	1861	0.00634766	
1862	0.00766602	1862	0.00629883	
1863	0.00769043	1863	0.00632324	
1864	0.00766602	1864	0.00629883	
1865	0.00771484	1865	0.00627441	
1866	0.00766602	1866	0.00632324	
1867	0.00776367	1867	0.00632324	
1868	0.00759277	1868	0.00627441	
1869	0.00769043	1869	0.00634766	
1870	0.0076416	1870	0.00629883	
1871	0.00766602	1871	0.00632324	
1872	0.00766602	1872	0.00632324	
1873	0.00769043	1873	0.00629883	
1874	0.00769043	1874	0.00632324	
1875	0.00771484	1875	0.00637207	
1876	0.00761719	1876	0.00632324	
1877	0.00771484	1877	0.00629883	
1878	0.00766602	1878	0.00632324	
1879	0.00769043	1879	0.00629883	
1880	0.00769043	1880	0.00634766	
1881	0.00766602	1881	0.00629883	
1882	0.0076416	1882	0.00632324	
1883	0.00769043	1883	0.00632324	
1884	0.0076416	1884	0.00629883	
1885	0.00769043	1885	0.00632324	
1886	0.0076416	1886	0.00632324	
1887	0.00766602	1887	0.00632324	
1888	0.00771484	1888	0.00632324	
1889	0.00766602	1889	0.00632324	
1890	0.00769043	1890	0.00634766	
1891	0.00769043	1891	0.00632324	
1892	0.0076416	1892	0.00629883	
1893	0.00771484	1893	0.00634766	
1894	0.0076416	1894	0.00627441	
1895	0.00769043	1895	0.00634766	
1896	0.00766602	1896	0.00632324	
1897	0.0076416	1897	0.00629883	
1898	0.00769043	1898	0.00627441	
1899	0.00766602	1899	0.00632324	
1900	0.00761719	1900	0.00629883	
1901	0.00769043	1901	0.00634766	
1902	0.0076416	1902	0.00627441	
1903	0.00766602	1903	0.00632324	
1904	0.0076416	1904	0.00629883	
1905	0.0076416	1905	0.00632324	
1906	0.00766602	1906	0.00627441	
1907	0.00771484	1907	0.00634766	
1908	0.00761719	1908	0.00627441	
1909	0.00771484	1909	0.00637207	
1910	0.0076416	1910	0.00625	
1911	0.00769043	1911	0.00634766	
1912	0.0076416	1912	0.00629883	
1913	0.00769043	1913	0.00634766	
1914	0.00766602	1914	0.00629883	
1915	0.00771484	1915	0.00637207	
1916	0.00761719	1916	0.00629883	
1917	0.00771484	1917	0.00637207	
1918	0.00766602	1918	0.00629883	
1919	0.00769043	1919	0.00629883	
1920	0.00766602	1920	0.00625	
1921	0.0076416	1921	0.00637207	
1922	0.00766602	1922	0.00632324	
1923	0.00773926	1923	0.00637207	
1924	0.00761719	1924	0.00627441	
1925	0.00769043	1925	0.00637207	
1926	0.0076416	1926	0.00629883	
1927	0.00769043	1927	0.00629883	
1928	0.00766602	1928	0.00632324	
1929	0.00769043	1929	0.00634766	
1930	0.00766602	1930	0.00629883	
1931	0.00771484	1931	0.00632324	
1932	0.00761719	1932	0.00627441	
1933	0.00771484	1933	0.00632324	
1934	0.00766602	1934	0.00632324	
1935	0.00769043	1935	0.00629883	
1936	0.00766602	1936	0.00629883	
1937	0.00766602	1937	0.00625	
1938	0.00766602	1938	0.00629883	
1939	0.00771484	1939	0.00632324	
1940	0.0076416	1940	0.00629883	
1941	0.00771484	1941	0.00632324	
1942	0.0076416	1942	0.00634766	
1943	0.00766602	1943	0.00634766	
1944	0.00771484	1944	0.00632324	
1945	0.00769043	1945	0.00629883	
1946	0.00769043	1946	0.00629883	
1947	0.00766602	1947	0.00634766	
1948	0.0076416	1948	0.00629883	
1949	0.00771484	1949	0.00634766	
1950	0.0076416	1950	0.00632324	
1951	0.00771484	1951	0.00637207	
1952	0.00766602	1952	0.00629883	
1953	0.00766602	1953	0.00632324	
1954	0.0076416	1954	0.00629883	
1955	0.00769043	1955	0.00632324	
1956	0.00761719	1956	0.00627441	
1957	0.00769043	1957	0.00637207	
1958	0.0076416	1958	0.00627441	
1959	0.00769043	1959	0.00632324	
1960	0.00766602	1960	0.00629883	
1961	0.00769043	1961	0.00634766	
1962	0.00766602	1962	0.00629883	
1963	0.00771484	1963	0.00637207	
1964	0.00766602	1964	0.00627441	
1965	0.00773926	1965	0.00632324	
1966	0.00766602	1966	0.00627441	
1967	0.00769043	1967	0.00629883	
1968	0.00769043	1968	0.00632324	
1969	0.00771484	1969	0.00632324	
1970	0.0076416	1970	0.00632324	
1971	0.00769043	1971	0.00634766	
1972	0.00761719	1972	0.00632324	
1973	0.00771484	1973	0.00632324	
1974	0.0076416	1974	0.00629883	
1975	0.00766602	1975	0.00629883	
1976	0.00766602	1976	0.00629883	
1977	0.00766602	1977	0.00632324	
1978	0.00769043	1978	0.00632324	
1979	0.00771484	1979	0.00634766	
1980	0.00766602	1980	0.00627441	
1981	0.00766602	1981	0.00637207	
1982	0.00766602	1982	0.00632324	
1983	0.00766602	1983	0.00632324	
1984	0.00766602	1984	0.00632324	
1985	0.0076416	1985	0.00632324	
1986	0.0076416	1986	0.00634766	
1987	0.00769043	1987	0.00632324	
1988	0.0076416	1988	0.00629883	
1989	0.00771484	1989	0.00632324	
1990	0.0076416	1990	0.00632324	
1991	0.00769043	1991	0.00634766	
1992	0.00766602	1992	0.00629883	
1993	0.00769043	1993	0.00629883	
1994	0.00766602	1994	0.00627441	
1995	0.00769043	1995	0.00634766	
1996	0.00766602	1996	0.00625	
1997	0.00771484	1997	0.00637207	
1998	0.0076416	1998	0.00627441	
1999	0.00769043	1999	0.00632324	
