0.286	0.473
0.285	0.479
0.284	0.493
0.284	0.493
0.284	0.511
0.284	0.511
0.283	0.527
0.283	0.531
0.283	0.531
0.282	0.532
0.281	0.540
0.281	0.540
0.281	0.542
0.281	0.542
0.281	0.541
0.280	0.543
0.279	0.543
0.279	0.544
0.279	0.544
0.278	0.551
0.278	0.551
0.278	0.569
0.278	0.569
0.277	0.587
0.276	0.600
0.276	0.600
0.276	0.620
0.275	0.626
0.275	0.626
0.274	0.632
0.274	0.632
0.273	0.633
0.273	0.633
0.273	0.633
0.273	0.633
0.273	0.633
0.272	0.634
0.272	0.634
0.272	0.638
0.272	0.638
0.271	0.643
0.271	0.643
0.271	0.644
0.271	0.644
0.270	0.665
0.269	0.684
0.269	0.684
0.268	0.711
0.268	0.711
0.268	0.719
0.268	0.719
0.267	0.720
0.267	0.722
0.267	0.722
0.266	0.723
0.266	0.723
0.265	0.724
0.264	0.726
0.264	0.726
0.262	0.733
0.262	0.733
0.261	0.751
0.261	0.751
0.261	0.786
0.260	0.808
0.258	0.813
0.258	0.813
0.258	0.814
0.258	0.814
0.257	0.814
0.257	0.814
0.256	0.819
0.256	0.819
0.254	0.826
0.254	0.826
0.253	0.856
0.253	0.856
0.253	0.884
0.253	0.884
0.252	0.901
0.251	0.903
0.251	0.903
0.250	0.904
0.250	0.904
0.249	0.907
0.249	0.907
0.249	0.908
0.249	0.908
0.247	0.922
0.247	0.922
0.247	0.921
0.246	0.933
0.244	0.966
0.244	0.966
0.242	0.993
0.240	0.996
0.238	1.014
0.238	1.014
0.236	1.050
0.236	1.050
0.234	1.080
0.231	1.090
0.231	1.090
0.227	1.123
0.227	1.123
0.224	1.175
0.222	1.187
0.219	1.211
0.219	1.211
0.216	1.260
0.212	1.271
0.209	1.301
0.206	1.348
0.202	1.368
0.197	1.406
0.197	1.406
0.192	1.453
0.192	1.453
0.186	1.476
0.186	1.476
0.180	1.553
0.172	1.617
0.172	1.617
0.167	1.642
0.167	1.642
0.159	1.694
0.159	1.694
0.149	1.743
0.140	1.819
0.130	1.866
0.130	1.866
0.115	1.922
0.115	1.922
0.105	2.003
0.095	2.012
0.095	2.012
0.087	2.060
0.072	2.104
0.063	2.132
0.053	2.187
0.053	2.187
0.048	2.181
0.040	2.196
0.031	2.204
0.024	2.251
0.024	2.251
0.017	2.280
0.012	2.274
0.007	2.283
0.007	2.283
