0.017	5.608
0.017	5.608
0.089	5.379
0.089	5.379
0.119	5.244
0.119	5.244
0.144	5.067
0.144	5.067
0.173	4.884
0.173	4.884
0.197	4.700
0.216	4.506
0.216	4.506
0.238	4.249
0.238	4.249
0.262	3.888
0.272	3.708
0.278	3.617
0.287	3.436
0.300	3.165
0.308	2.968
0.314	2.803
0.314	2.803
0.319	2.640
0.319	2.640
0.324	2.531
0.324	2.531
0.329	2.352
0.334	2.184
0.338	2.053
0.338	2.053
0.343	1.886
0.343	1.886
0.346	1.719
0.349	1.628
0.349	1.628
0.352	1.524
0.355	1.357
0.357	1.262
0.357	1.262
0.357	1.261
0.359	1.172
0.359	1.172
0.361	1.066
0.363	0.990
0.364	0.904
0.364	0.904
0.365	0.836
0.366	0.812
0.366	0.812
0.367	0.723
0.367	0.723
0.368	0.666
0.369	0.633
0.369	0.633
0.369	0.632
0.125	5.154
0.078	5.344
0.061	5.425
0.061	5.425
0.050	5.444
0.034	5.516
0.044	5.505
0.032	5.516
0.024	5.520
0.067	5.421
0.086	5.335
0.098	5.254
0.098	5.254
0.108	5.236
0.108	5.236
0.122	5.154
0.122	5.154
0.136	5.064
0.156	4.951
0.156	4.951
0.162	4.883
0.162	4.883
0.177	4.792
0.177	4.792
0.187	4.701
0.203	4.523
0.213	4.431
0.213	4.431
0.225	4.296
0.225	4.296
0.233	4.170
0.233	4.170
0.245	4.055
0.253	3.904
0.253	3.904
0.261	3.798