0.002	0.535
0.005	0.523
0.005	0.523
0.008	0.518
0.008	0.518
0.011	0.511
0.011	0.511
0.016	0.500
0.018	0.493
0.018	0.493
0.022	0.485
0.027	0.468
0.027	0.468
0.029	0.459
0.029	0.459
0.032	0.453
0.035	0.446
0.037	0.442
0.037	0.442
0.040	0.433
0.040	0.433
0.042	0.429
0.044	0.421
0.047	0.411
0.047	0.411
0.050	0.402
0.052	0.397
0.052	0.397
0.054	0.387
0.054	0.387
0.056	0.382
0.056	0.382
0.058	0.379
0.060	0.376
0.060	0.376
0.061	0.370
0.061	0.370
0.064	0.364
0.064	0.364
0.065	0.357
0.065	0.357
0.067	0.353
0.067	0.353
0.068	0.343
0.070	0.334
0.070	0.334
0.072	0.323
0.072	0.323
0.073	0.323
0.073	0.323
0.074	0.314
0.074	0.314
0.076	0.311
0.076	0.311
0.077	0.307
0.077	0.307
0.079	0.307
0.079	0.307
0.078	0.305
0.078	0.305
0.079	0.298
0.080	0.297
0.080	0.297
0.081	0.293
0.081	0.293
0.082	0.288
0.082	0.288
0.083	0.284
0.084	0.279
0.084	0.279
0.084	0.275
0.084	0.275
0.085	0.270
0.086	0.263
0.087	0.258
0.087	0.258
0.088	0.254
0.088	0.254
0.088	0.251
0.089	0.248
0.090	0.245
0.090	0.245
0.091	0.242
0.091	0.242
0.092	0.238
0.092	0.238
0.092	0.238
0.092	0.238
0.093	0.236
0.094	0.234
0.094	0.234
0.095	0.234
0.095	0.234
0.096	0.232
0.097	0.228
0.097	0.228
0.098	0.227
0.098	0.224
0.098	0.224
0.099	0.219
0.099	0.219
0.100	0.215
0.100	0.215
0.101	0.211
0.101	0.211
0.101	0.210
0.101	0.207
0.102	0.205
0.102	0.198
0.103	0.195
0.103	0.195
