0.024	4.160
0.024	4.160
0.046	4.072
0.054	4.069
0.068	3.994
0.077	3.979
0.092	3.895
0.100	3.888
0.100	3.888
0.110	3.811
0.122	3.783
0.133	3.707
0.151	3.615
0.151	3.615
0.161	3.526
0.169	3.447
0.169	3.447
0.176	3.424
0.184	3.342
0.184	3.342
0.195	3.247
0.195	3.247
0.206	3.116
0.214	3.040
0.229	2.889
0.238	2.740
0.244	2.700
0.244	2.700
0.252	2.550
0.252	2.550
0.258	2.461
0.258	2.461
0.268	2.314
0.275	2.175
0.281	2.080
0.281	2.080
0.287	1.979
0.287	1.979
0.292	1.874
0.292	1.874
0.298	1.718
0.302	1.627
0.306	1.537
0.306	1.537
0.309	1.447
0.312	1.357
0.312	1.357
0.314	1.339
0.314	1.339
0.316	1.266
0.316	1.266
0.318	1.182
0.318	1.182
0.320	1.157
0.322	1.085
0.324	1.050
0.325	0.996
0.326	0.986
0.326	0.986
0.328	0.904
0.328	0.904
0.329	0.889
0.329	0.889
0.331	0.814
0.331	0.814
0.332	0.757
0.332	0.757
0.334	0.723
0.335	0.685
0.335	0.685
0.336	0.634
0.337	0.632
0.337	0.590
0.337	0.590
0.338	0.549
0.338	0.549