0.408	0.684
0.408	0.684
0.407	0.710
0.407	0.715
0.407	0.715
0.407	0.721
0.407	0.721
0.406	0.723
0.406	0.723
0.405	0.724
0.405	0.727
0.405	0.748
0.404	0.769
0.404	0.769
0.404	0.802
0.404	0.812
0.403	0.814
0.403	0.814
0.403	0.820
0.402	0.843
0.402	0.843
0.402	0.879
0.402	0.903
0.402	0.903
0.401	0.904
0.401	0.904
0.401	0.904
0.401	0.913
0.401	0.913
0.400	0.933
0.400	0.933
0.400	0.971
0.400	0.971
0.400	0.992
0.399	0.995
0.399	0.995
0.399	0.995
0.399	0.995
0.398	1.023
0.398	1.023
0.398	1.060
0.398	1.060
0.398	1.085
0.398	1.085
0.397	1.091
0.397	1.147
0.397	1.147
0.396	1.174
0.396	1.176
0.396	1.176
0.395	1.190
0.395	1.261
0.395	1.261
0.394	1.266
0.394	1.291
0.394	1.291
0.393	1.352
0.393	1.352
0.393	1.358
0.393	1.358
0.392	1.440
0.392	1.440
0.391	1.450
0.390	1.536
0.389	1.576
0.388	1.628
0.388	1.628
0.387	1.713
0.386	1.786
0.385	1.810
0.385	1.810
0.384	1.899
0.384	1.899
0.382	1.990
0.381	2.080
0.379	2.200
0.379	2.200
0.376	2.353
0.376	2.353
0.374	2.475
0.370	2.669
0.366	2.892
0.360	3.175
0.352	3.526
0.342	3.908
0.328	4.409
0.313	4.801
0.296	5.214
0.296	5.214
0.265	5.788
0.265	5.788
0.219	6.418
0.219	6.418
0.173	6.844
0.173	6.844
0.142	7.054
0.142	7.054
0.118	7.182
0.098	7.274
0.098	7.274
0.073	7.392
0.056	7.419
0.056	7.419
0.037	7.502
0.037	7.502
0.023	7.509
0.023	7.506
0.241	6.148
0.219	6.356
0.210	6.425
0.210	6.425
0.198	6.586
0.198	6.586
0.192	6.603
0.192	6.603
0.181	6.692
0.165	6.812
0.155	6.873
0.144	6.962
0.144	6.962
0.132	7.035
0.111	7.140
0.092	7.211
0.080	7.236
0.059	7.322
0.069	7.263
0.047	7.326
0.047	7.326
0.028	7.403
0.028	7.403
