0.101	0.195
0.101	0.195
0.100	0.198
0.100	0.198
0.099	0.209
0.099	0.209
0.098	0.212
0.098	0.219
0.098	0.219
0.097	0.223
0.097	0.223
0.096	0.228
0.095	0.231
0.095	0.231
0.094	0.234
0.092	0.237
0.091	0.240
0.091	0.240
0.090	0.245
0.088	0.249
0.088	0.249
0.086	0.260
0.086	0.260
0.084	0.273
0.084	0.273
0.082	0.279
0.080	0.290
0.080	0.290
0.078	0.300
0.078	0.300
0.075	0.307
0.075	0.307
0.072	0.316
0.068	0.339
0.068	0.339
0.064	0.354
0.064	0.354
0.061	0.367
0.057	0.376
0.057	0.376
0.053	0.387
0.048	0.401
0.043	0.422
0.038	0.437
0.031	0.454
0.025	0.471
0.018	0.493
0.012	0.506
0.007	0.519
0.002	0.532
