0.003	1.085
0.003	1.085
0.009	1.083
0.016	1.058
0.018	1.044
0.022	1.011
0.022	1.011
0.027	0.996
0.027	0.996
0.031	0.995
0.031	0.995
0.034	0.995
0.034	0.995
0.036	0.993
0.040	0.988
0.040	0.988
0.044	0.960
0.044	0.960
0.047	0.943
0.049	0.920
0.052	0.909
0.052	0.909
0.054	0.904
0.058	0.904
0.058	0.904
0.061	0.904
0.062	0.902
0.064	0.902
0.067	0.883
0.069	0.855
0.069	0.855
0.071	0.844
0.071	0.844
0.073	0.823
0.075	0.816
0.075	0.816
0.078	0.814
0.078	0.814
0.080	0.814
0.080	0.814
0.083	0.812
0.083	0.812
0.086	0.803
0.086	0.803
0.088	0.790
0.092	0.740
0.095	0.726
0.095	0.726
0.098	0.723
0.098	0.723
0.100	0.723
0.100	0.723
0.101	0.723
0.103	0.722
0.103	0.722
0.105	0.711
0.105	0.711
0.108	0.684
0.109	0.658
0.111	0.640
0.111	0.640
0.114	0.633
0.114	0.633
0.115	0.633
0.114	0.633
0.114	0.633
0.115	0.633
0.117	0.632
0.118	0.631
0.120	0.621
0.120	0.621
0.121	0.600
0.123	0.562
0.125	0.549
0.126	0.547
0.128	0.544
0.129	0.543
0.131	0.542
0.133	0.542
0.134	0.539
0.136	0.522
0.138	0.488
0.139	0.475
0.139	0.475
0.140	0.457
0.140	0.457
0.141	0.454
0.143	0.453
0.144	0.452
0.144	0.452
0.145	0.452
0.147	0.452
0.147	0.452
0.148	0.451
0.149	0.450
0.150	0.442
0.150	0.442
0.152	0.420
0.152	0.420
0.153	0.402
0.153	0.402
0.154	0.384
0.154	0.384
0.155	0.365
0.155	0.365
0.156	0.363
0.157	0.362
0.158	0.362
0.158	0.362
0.159	0.362
0.160	0.361
0.160	0.361
0.160	0.360
0.160	0.360
0.161	0.358
0.161	0.358
0.162	0.348
0.163	0.335
0.163	0.317
0.164	0.309
0.165	0.304
0.165	0.287
0.166	0.281
0.166	0.281
0.166	0.279
0.166	0.279