0.002	0.738
0.002	0.738
0.002	0.737
0.013	0.723
0.013	0.723
0.014	0.723
0.020	0.720
0.024	0.692
0.029	0.653
0.029	0.653
0.033	0.644
0.037	0.634
0.041	0.633
0.041	0.633
0.044	0.632
0.048	0.632
0.048	0.632
0.050	0.625
0.050	0.625
0.052	0.617
0.052	0.617
0.054	0.604
0.054	0.604
0.055	0.595
0.055	0.595
0.058	0.564
0.062	0.544
0.064	0.544
0.064	0.544
0.069	0.542
0.071	0.543
0.074	0.538
0.077	0.525
0.080	0.495
0.080	0.495
0.083	0.468
0.083	0.468
0.086	0.455
0.089	0.452
0.091	0.452
0.091	0.452
0.094	0.452
0.094	0.452
0.094	0.451
0.095	0.446
0.097	0.430
0.097	0.430
0.099	0.413
0.099	0.413
0.100	0.384
0.101	0.379
0.103	0.371
0.104	0.364
0.104	0.364
0.107	0.362
0.107	0.362
0.108	0.362
0.108	0.362
0.110	0.361
0.110	0.361
0.112	0.356
0.112	0.356
0.114	0.346
0.114	0.346
0.116	0.311
0.116	0.311
0.118	0.296
0.118	0.296
0.120	0.279
0.120	0.279
0.121	0.273
0.121	0.273
0.123	0.271
0.123	0.271
0.125	0.271
0.125	0.271
0.126	0.271
0.127	0.271
0.127	0.271
0.127	0.271
0.127	0.271
0.128	0.270
0.128	0.270
0.129	0.268
0.129	0.268
0.129	0.269
0.129	0.269
0.130	0.261
0.130	0.261