0.271	0.452
0.271	0.452
0.271	0.452
0.271	0.452
0.271	0.454
0.271	0.454
0.270	0.463
0.270	0.463
0.269	0.495
0.268	0.534
0.267	0.541
0.267	0.541
0.266	0.543
0.266	0.543
0.265	0.547
0.265	0.547
0.263	0.612
0.261	0.633
0.261	0.633
0.259	0.635
0.259	0.635
0.257	0.690
0.257	0.690
0.255	0.723
0.255	0.723
0.252	0.741
0.250	0.809
0.246	0.822
0.246	0.822
0.242	0.904
0.237	0.975
0.237	0.975
0.233	0.995
0.233	0.995
0.226	1.086
0.217	1.178
0.207	1.287
0.201	1.357
0.194	1.447
0.194	1.447
0.186	1.521
0.178	1.552
0.178	1.552
0.171	1.628
0.171	1.628
0.160	1.718
0.150	1.799
0.139	1.837
0.139	1.837
0.130	1.899
0.130	1.899
0.120	1.972
0.110	1.995
0.110	1.995
0.102	2.069
0.093	2.080
0.093	2.080
0.084	2.118
0.077	2.169
0.077	2.169
0.066	2.173
0.057	2.252
0.057	2.252
0.049	2.261
0.041	2.267
0.041	2.267
0.035	2.283
0.035	2.283
0.024	2.348
0.018	2.351
0.018	2.351
0.009	2.353
0.007	2.352