0.004	1.490
0.026	1.424
0.037	1.405
0.042	1.391
0.049	1.364
0.056	1.340
0.062	1.320
0.062	1.320
0.067	1.311
0.067	1.311
0.074	1.284
0.081	1.253
0.081	1.253
0.085	1.239
0.085	1.239
0.089	1.227
0.089	1.227
0.093	1.210
0.093	1.210
0.097	1.191
0.097	1.191
0.100	1.176
0.102	1.160
0.102	1.160
0.107	1.146
0.107	1.146
0.114	1.112
0.114	1.112
0.119	1.084
0.123	1.066
0.126	1.052
0.132	1.022
0.135	0.995
0.140	0.976
0.140	0.976
0.143	0.956
0.143	0.956
0.145	0.947
0.150	0.906
0.156	0.882
0.163	0.818
0.167	0.803
0.167	0.803
0.175	0.727
0.175	0.727
0.179	0.713
0.182	0.677
0.188	0.632
0.188	0.632
0.193	0.597
0.196	0.548
0.200	0.540
0.203	0.512
0.206	0.454
0.208	0.452
0.208	0.452
0.210	0.451
0.212	0.425
0.215	0.375
0.216	0.366
0.216	0.366
