0.207	0.362
0.207	0.362
0.205	0.369
0.203	0.412
0.201	0.448
0.198	0.452
0.198	0.452
0.196	0.454
0.196	0.454
0.192	0.495
0.188	0.540
0.185	0.547
0.185	0.547
0.182	0.569
0.179	0.613
0.175	0.633
0.175	0.633
0.170	0.666
0.165	0.714
0.158	0.747
0.151	0.807
0.151	0.807
0.143	0.859
0.133	0.914
0.133	0.914
0.121	0.976
0.121	0.976
0.108	1.043
0.103	1.062
0.103	1.062
0.098	1.085
0.090	1.128
0.080	1.157
0.080	1.157
0.067	1.218
0.067	1.218
0.058	1.240
0.049	1.272
0.043	1.296
0.037	1.311
0.037	1.311
0.028	1.329
0.017	1.365
0.010	1.383
0.010	1.383
