0.255	0.452
0.255	0.452
0.255	0.452
0.255	0.452
0.255	0.452
0.254	0.454
0.252	0.471
0.251	0.506
0.251	0.506
0.249	0.540
0.249	0.540
0.246	0.553
0.246	0.553
0.243	0.629
0.243	0.629
0.236	0.634
0.233	0.657
0.233	0.657
0.230	0.722
0.226	0.732
0.226	0.732
0.223	0.801
0.223	0.801
0.218	0.828
0.213	0.902
0.208	0.944
0.208	0.944
0.201	1.004
0.201	1.004
0.195	1.080
0.195	1.080
0.191	1.097
0.185	1.167
0.177	1.233
0.177	1.233
0.168	1.287
0.154	1.389
0.142	1.464
0.128	1.546
0.112	1.625
0.112	1.625
0.095	1.708
0.083	1.760
0.074	1.791
0.063	1.839
0.063	1.839
0.054	1.862
0.043	1.894
0.043	1.894
0.033	1.935
0.026	1.950
0.026	1.950
0.017	1.971
0.017	1.971
0.008	1.998
