0.004	1.253
0.020	1.219
0.028	1.195
0.031	1.186
0.039	1.153
0.039	1.153
0.047	1.136
0.050	1.133
0.054	1.120
0.057	1.109
0.061	1.092
0.063	1.079
0.063	1.079
0.067	1.069
0.067	1.069
0.070	1.061
0.073	1.051
0.076	1.041
0.081	1.022
0.084	1.013
0.086	0.997
0.086	0.997
0.091	0.977
0.094	0.965
0.094	0.965
0.097	0.959
0.098	0.954
0.098	0.954
0.101	0.942
0.101	0.942
0.104	0.919
0.104	0.919
0.106	0.911
0.112	0.887
0.116	0.870
0.118	0.859
0.118	0.859
0.120	0.846
0.124	0.821
0.130	0.799
0.132	0.789
0.133	0.779
0.133	0.779
0.136	0.762
0.141	0.729
0.141	0.729
0.144	0.717
0.148	0.696
0.152	0.662
0.156	0.635
0.156	0.635
0.160	0.616
0.160	0.616
0.164	0.575
0.168	0.548
0.171	0.541
0.171	0.541
0.173	0.525
0.175	0.501
0.178	0.464
0.178	0.464
0.181	0.452
0.183	0.452
0.185	0.447
0.187	0.424
0.189	0.389
0.191	0.366
0.192	0.362
0.195	0.361
0.195	0.359
