0.007	2.259
0.023	2.217
0.028	2.205
0.035	2.180
0.041	2.161
0.041	2.161
0.047	2.142
0.053	2.129
0.053	2.129
0.060	2.103
0.075	2.049
0.082	2.028
0.082	2.028
0.087	2.003
0.092	1.984
0.101	1.947
0.101	1.947
0.105	1.927
0.105	1.927
0.108	1.913
0.112	1.891
0.120	1.852
0.125	1.827
0.125	1.827
0.133	1.785
0.138	1.752
0.138	1.752
0.144	1.720
0.148	1.698
0.151	1.673
0.156	1.638
0.156	1.638
0.161	1.608
0.161	1.608
0.165	1.575
0.165	1.575
0.170	1.535
0.174	1.514
0.174	1.514
0.177	1.483
0.177	1.483
0.184	1.438
0.189	1.380
0.192	1.357
0.192	1.357
0.195	1.339
0.195	1.339
0.201	1.269
0.206	1.240
0.212	1.174
0.215	1.143
0.215	1.143
0.220	1.085
0.225	1.022
0.230	0.986
0.230	0.986
0.234	0.913
0.234	0.913
0.236	0.904
0.236	0.904
0.238	0.882
0.241	0.818
0.244	0.810
0.246	0.758
0.248	0.726
0.248	0.726
0.254	0.723
0.256	0.678
0.256	0.678
0.257	0.644
0.257	0.644
0.259	0.633
0.260	0.630
0.260	0.630
0.262	0.610
0.263	0.554
0.264	0.543
0.264	0.543
0.265	0.542
0.265	0.541
0.265	0.541
0.266	0.532
0.268	0.489
0.268	0.489
0.269	0.453
0.269	0.453
0.270	0.452
