0.284	0.487
0.284	0.486
0.284	0.486
0.284	0.485
0.284	0.488
0.283	0.489
0.283	0.491
0.283	0.499
0.283	0.499
0.283	0.518
0.283	0.518
0.282	0.531
0.282	0.531
0.282	0.537
0.282	0.537
0.281	0.541
0.281	0.543
0.280	0.544
0.280	0.544
0.279	0.549
0.278	0.574
0.278	0.574
0.277	0.613
0.277	0.613
0.277	0.625
0.276	0.632
0.276	0.632
0.275	0.633
0.275	0.633
0.274	0.638
0.274	0.638
0.273	0.661
0.272	0.695
0.271	0.722
0.271	0.722
0.269	0.724
0.268	0.765
0.268	0.765
0.265	0.810
0.265	0.810
0.264	0.814
0.262	0.830
0.260	0.891
0.258	0.904
0.256	0.924
0.254	0.989
0.254	0.989
0.251	1.001
0.249	1.044
0.245	1.085
0.245	1.085
0.242	1.148
0.242	1.148
0.236	1.214
0.230	1.269
0.230	1.269
0.222	1.363
0.217	1.443
0.212	1.484
0.212	1.484
0.206	1.540
0.201	1.597
0.196	1.636
0.189	1.708
0.189	1.708
0.185	1.730
0.185	1.730
0.180	1.781
0.174	1.817
0.174	1.817
0.167	1.886
0.159	1.936
0.153	1.982
0.153	1.982
0.146	2.021
0.140	2.062
0.140	2.062
0.133	2.100
0.122	2.158
0.122	2.158
0.107	2.235
0.107	2.235
0.101	2.262
0.101	2.262
0.096	2.286
0.090	2.311
0.090	2.311
0.077	2.362
0.073	2.381
0.073	2.381
0.065	2.406
0.065	2.406
0.056	2.436
0.056	2.436
0.043	2.482
0.036	2.497
0.036	2.497
0.031	2.509
0.031	2.509
0.025	2.530
0.025	2.530
0.018	2.550
0.012	2.567
0.008	2.577
