0.016	1.791
0.016	1.791
0.024	1.775
0.024	1.775
0.029	1.762
0.032	1.759
0.035	1.747
0.035	1.747
0.038	1.735
0.038	1.735
0.041	1.724
0.044	1.713
0.044	1.713
0.048	1.702
0.048	1.702
0.051	1.690
0.054	1.685
0.057	1.678
0.060	1.670
0.060	1.670
0.061	1.662
0.063	1.661
0.066	1.646
0.069	1.635
0.072	1.617
0.076	1.606
0.079	1.596
0.082	1.586
0.086	1.574
0.086	1.574
0.090	1.559
0.090	1.559
0.094	1.534
0.094	1.534
0.097	1.519
0.100	1.508
0.103	1.497
0.107	1.479
0.110	1.468
0.111	1.453
0.111	1.453
0.115	1.438
0.118	1.422
0.118	1.422
0.124	1.395
0.128	1.369
0.133	1.345
0.133	1.345
0.138	1.314
0.142	1.287
0.147	1.261
0.147	1.261
0.152	1.231
0.155	1.207
0.155	1.207
0.163	1.213
0.163	1.213
0.167	1.178
0.169	1.168
0.172	1.148
0.174	1.126
0.174	1.126
0.177	1.101
0.179	1.087
0.179	1.087
0.182	1.069
0.182	1.069
0.187	1.012
0.187	1.012
0.193	0.983
0.199	0.906
0.203	0.888
0.206	0.840
0.210	0.814
0.213	0.788
0.218	0.725
0.218	0.725
0.225	0.638
0.228	0.626
0.228	0.626
0.232	0.550
0.235	0.540
0.237	0.500
0.240	0.456
0.241	0.452
0.243	0.451
0.244	0.444
