0.021	7.051
0.060	6.912
0.084	6.836
0.097	6.782
0.117	6.690
0.129	6.603
0.141	6.539
0.141	6.539
0.141	6.538
0.141	6.538
0.150	6.503
0.161	6.419
0.176	6.322
0.194	6.155
0.210	6.007
0.222	5.877
0.222	5.877
0.230	5.787
0.240	5.672
0.256	5.428
0.270	5.240
0.270	5.240
0.283	4.978
0.283	4.978
0.293	4.793
0.308	4.442
0.316	4.250
0.316	4.250
0.329	3.861
0.344	3.340
0.350	3.074
0.350	3.074
0.357	2.801
0.357	2.801
0.361	2.591
0.364	2.434
0.364	2.434
0.368	2.205
0.372	1.997
0.372	1.997
0.375	1.850
0.377	1.707
0.377	1.707
0.380	1.536
0.382	1.356
0.382	1.356
0.384	1.238
0.385	1.168
0.385	1.168
0.387	1.070
0.388	0.981
0.388	0.981
0.389	0.900
0.390	0.814
0.390	0.814
0.391	0.729
0.391	0.716
0.391	0.716
0.392	0.639
