0.011	3.799
0.011	3.799
0.027	3.790
0.032	3.777
0.036	3.736
0.036	3.736
0.039	3.717
0.046	3.708
0.046	3.708
0.051	3.707
0.055	3.702
0.055	3.702
0.057	3.694
0.057	3.694
0.060	3.662
0.066	3.622
0.066	3.622
0.072	3.618
0.079	3.615
0.079	3.615
0.087	3.570
0.092	3.530
0.092	3.530
0.096	3.527
0.106	3.499
0.110	3.450
0.118	3.436
0.118	3.436
0.125	3.388
0.135	3.338
0.135	3.338
0.144	3.256
0.153	3.213
0.162	3.164
0.162	3.164
0.166	3.105
0.173	3.074
0.173	3.074
0.182	2.986
0.193	2.894
0.193	2.894
0.201	2.809
0.207	2.792
0.212	2.713
0.212	2.713
0.221	2.622
0.233	2.481
0.233	2.481
0.244	2.351
0.254	2.216
0.254	2.216
0.263	2.080
0.269	1.989
0.269	1.989
0.277	1.822
0.277	1.822
0.281	1.787
0.281	1.787
0.286	1.660
0.291	1.563
0.296	1.448
0.296	1.448
0.300	1.356
0.305	1.266
0.305	1.266
0.310	1.149
0.315	0.997
0.315	0.997
0.318	0.905
0.318	0.905
0.321	0.821
0.324	0.738
0.325	0.723
0.325	0.723
0.327	0.634
0.329	0.623
0.329	0.623
0.330	0.551
0.330	0.544
0.330	0.543
0.330	0.543
