0.165	0.278
0.165	0.278
0.165	0.280
0.165	0.280
0.164	0.291
0.164	0.291
0.162	0.322
0.161	0.332
0.160	0.351
0.159	0.356
0.157	0.361
0.157	0.361
0.156	0.361
0.155	0.362
0.153	0.364
0.153	0.364
0.153	0.368
0.153	0.368
0.150	0.383
0.150	0.383
0.147	0.431
0.147	0.431
0.143	0.452
0.143	0.452
0.140	0.452
0.137	0.454
0.133	0.475
0.129	0.523
0.129	0.523
0.125	0.542
0.125	0.542
0.120	0.545
0.120	0.545
0.111	0.622
0.106	0.633
0.100	0.636
0.097	0.660
0.097	0.660
0.093	0.688
0.093	0.688
0.091	0.707
0.091	0.707
0.089	0.719
0.089	0.719
0.086	0.723
0.081	0.724
0.076	0.730
0.073	0.755
0.073	0.755
0.073	0.755
0.067	0.800
0.067	0.800
0.055	0.816
0.050	0.821
0.050	0.821
0.044	0.851
0.044	0.851
0.038	0.895
0.038	0.895
0.036	0.901
0.028	0.905
0.022	0.908
0.015	0.933
0.010	0.962
0.010	0.962
0.003	0.990
0.003	0.990
0.003	0.989
0.003	0.989
