0.411	0.692
0.410	0.723
0.410	0.726
0.410	0.775
0.410	0.775
0.409	0.814
0.409	0.888
0.408	0.948
0.407	1.024
0.407	1.086
0.406	1.175
0.406	1.175
0.404	1.284
0.404	1.284
0.403	1.446
0.401	1.626
0.399	1.816
0.394	2.185
0.388	2.711
0.378	3.360
0.378	3.360
0.356	4.569
0.356	4.569
0.300	6.330
0.169	8.121
0.181	8.043
0.235	7.490
0.235	7.490
0.258	7.145
0.277	6.853
0.277	6.853
0.293	6.511
0.318	5.893
0.318	5.893
0.337	5.335
0.350	4.797
0.350	4.797
0.350	4.796
0.350	4.796
0.361	4.310
0.361	4.317
0.367	3.979
0.372	3.707
0.342	5.097
0.282	6.691
0.126	8.347
0.174	8.048
0.220	7.596
0.220	7.596
0.188	7.943
0.198	7.855
0.202	7.778
0.209	7.706
0.209	7.706
0.147	8.228
0.147	8.228
0.169	8.059
0.169	8.059
0.147	8.228
0.147	8.228
0.140	8.250
0.137	8.296
0.079	8.574
0.079	8.574
0.097	8.498
0.110	8.411
0.110	8.411
0.116	8.405
0.116	8.405
0.055	8.643
0.055	8.650
0.071	8.590
0.083	8.517
0.083	8.517
0.027	8.729
0.026	8.726
0.026	8.726
0.057	8.610
0.054	8.633
0.026	8.724
0.026	8.724
0.026	8.723
0.026	8.723
