0.356	0.604
0.355	0.608
0.355	0.608
0.355	0.615
0.355	0.621
0.355	0.621
0.355	0.622
0.355	0.628
0.354	0.633
0.353	0.679
0.352	0.728
0.352	0.728
0.351	0.792
0.349	0.834
0.349	0.834
0.347	0.905
0.345	0.995
0.345	0.995
0.343	1.086
0.343	1.086
0.340	1.191
0.336	1.355
0.336	1.355
0.333	1.447
0.333	1.447
0.329	1.564
0.324	1.718
0.320	1.809
0.320	1.809
0.313	2.027
0.301	2.321
0.292	2.521
0.281	2.717
0.281	2.717
0.270	2.895
0.270	2.895
0.264	3.006
0.257	3.134
0.257	3.134
0.240	3.355
0.219	3.617
0.219	3.617
0.197	3.870
0.197	3.870
0.169	4.070
0.151	4.231
0.143	4.250
0.143	4.250
0.138	4.278
0.128	4.341
0.128	4.341
0.113	4.431
0.098	4.512
0.098	4.512
0.092	4.521
0.081	4.564
0.081	4.564
0.074	4.610
0.052	4.686
0.044	4.702
0.044	4.702
0.033	4.713
0.021	4.776
0.021	4.776
0.017	4.792
0.015	4.790
0.015	4.790
