0.276	0.455
0.276	0.455
0.276	0.458
0.276	0.458
0.276	0.460
0.276	0.460
0.276	0.473
0.275	0.517
0.274	0.535
0.273	0.542
0.271	0.546
0.270	0.562
0.269	0.608
0.268	0.631
0.268	0.631
0.267	0.633
0.267	0.633
0.265	0.643
0.265	0.643
0.263	0.703
0.261	0.724
0.261	0.724
0.258	0.774
0.258	0.774
0.255	0.814
0.255	0.814
0.253	0.841
0.253	0.841
0.250	0.898
0.247	0.908
0.247	0.908
0.243	0.982
0.243	0.982
0.238	1.039
0.232	1.095
0.232	1.095
0.225	1.190
0.225	1.190
0.214	1.305
0.214	1.305
0.207	1.375
0.200	1.447
0.190	1.534
0.181	1.617
0.181	1.617
0.167	1.719
0.152	1.817
0.142	1.883
0.133	1.942
0.124	1.988
0.110	2.052
0.110	2.052
0.096	2.128
0.096	2.128
0.080	2.193
0.061	2.247
0.046	2.304
0.031	2.341
0.012	2.397
0.012	2.397
0.007	2.416
