0.039	5.168
0.039	5.168
0.046	5.149
0.083	5.014
0.099	4.943
0.099	4.943
0.114	4.872
0.114	4.872
0.125	4.811
0.134	4.761
0.144	4.705
0.153	4.640
0.153	4.640
0.161	4.593
0.161	4.593
0.174	4.488
0.189	4.367
0.195	4.317
0.209	4.185
0.220	4.079
0.228	3.981
0.235	3.894
0.247	3.748
0.247	3.748
0.255	3.628
0.260	3.563
0.268	3.418
0.276	3.289
0.276	3.289
0.284	3.135
0.284	3.135
0.290	3.028
0.290	3.028
0.296	2.896
0.296	2.896
0.308	2.618
0.308	2.618
0.321	2.272
0.324	2.171
0.329	2.051
0.329	2.051
0.331	1.971
0.331	1.971
0.336	1.803
0.336	1.803
0.339	1.715
0.339	1.715
0.343	1.550
0.344	1.521
0.346	1.447
0.346	1.447
0.348	1.361
0.349	1.347
0.350	1.266
0.350	1.266
0.351	1.208
0.353	1.176
0.354	1.105
0.355	1.085
0.355	1.085
0.356	1.032
0.356	1.032
0.357	0.994
0.357	0.994
0.359	0.904
0.359	0.904
0.360	0.821
0.360	0.821
0.361	0.811
0.362	0.748
0.362	0.748
0.363	0.713
0.364	0.635
0.364	0.635
0.364	0.631
0.364	0.628
