0.010	1.268
0.014	1.259
0.014	1.259
0.017	1.255
0.020	1.246
0.025	1.235
0.025	1.235
0.030	1.212
0.030	1.212
0.038	1.176
0.038	1.176
0.047	1.167
0.052	1.153
0.058	1.129
0.066	1.096
0.073	1.082
0.073	1.082
0.080	1.062
0.088	1.015
0.093	0.996
0.093	0.996
0.099	0.984
0.099	0.984
0.104	0.950
0.104	0.950
0.108	0.922
0.111	0.909
0.112	0.906
0.115	0.903
0.115	0.903
0.122	0.868
0.127	0.832
0.129	0.817
0.129	0.817
0.135	0.808
0.135	0.808
0.143	0.730
0.143	0.730
0.148	0.723
0.151	0.713
0.153	0.697
0.155	0.659
0.158	0.637
0.158	0.637
0.161	0.633
0.164	0.623
0.167	0.584
0.169	0.560
0.171	0.547
0.171	0.547
0.173	0.542
0.175	0.541
0.175	0.541
0.177	0.531
0.178	0.498
0.182	0.454
0.183	0.452
0.185	0.452
0.185	0.452
0.187	0.451
0.187	0.451
0.189	0.443
0.190	0.433
0.191	0.399
0.191	0.399
0.193	0.376
0.193	0.376
0.194	0.365
0.195	0.362
0.196	0.362
0.196	0.362
0.197	0.361
0.197	0.361
