#t(s)	intens
0.0	0.0075
1.0	0.00750043523365
2.0	0.00750173895121
3.0	0.00750390563379
4.0	0.00750692569623
5.0	0.00751078649547
6.0	0.0075154714704
7.0	0.00752096059572
8.0	0.00752723164504
9.0	0.00753425869138
10.0	0.00754201304802
11.0	0.00755046494149
12.0	0.00755958085826
13.0	0.00756932738279
14.0	0.00757966823574
15.0	0.00759056587027
16.0	0.00760198362542
17.0	0.00761388257884
18.0	0.0076262234267
19.0	0.00763896880391
20.0	0.00765207894231
21.0	0.00766551724138
22.0	0.00767924570581
23.0	0.00769322712765
24.0	0.00770742752114
25.0	0.00772181109864
26.0	0.00773634634699
27.0	0.00775100086613
28.0	0.00776574368602
29.0	0.00778054767762
30.0	0.0077953849494
31.0	0.0078102291878
32.0	0.00782505801467
33.0	0.00783984753207
34.0	0.00785457853058
35.0	0.00786923102485
36.0	0.00788378656758
37.0	0.00789823048219
38.0	0.00791254722842
39.0	0.00792672267172
40.0	0.00794074622881
41.0	0.00795460561779
42.0	0.00796829268293
43.0	0.00798179821623
44.0	0.00799511411895
45.0	0.00800823539178
46.0	0.00802115520317
47.0	0.00803387033622
48.0	0.00804637635319
49.0	0.00805866962046
50.0	0.00807074913813
51.0	0.00808261261224
52.0	0.00809425838927
53.0	0.00810574161073
54.0	0.00811738738776
55.0	0.00812925086187
56.0	0.00814133037954
57.0	0.00815362364681
58.0	0.00816612966378
59.0	0.00817884479683
60.0	0.00819176460822
61.0	0.00820488588105
62.0	0.00821820178377
63.0	0.00823170731707
64.0	0.00824539438221
65.0	0.00825925377119
66.0	0.00827327732828
67.0	0.00828745277158
68.0	0.00830176951781
69.0	0.00831621343242
70.0	0.00833076897515
71.0	0.00834542146942
72.0	0.00836015246793
73.0	0.00837494198533
74.0	0.0083897708122
75.0	0.0084046150506
76.0	0.00841945232238
77.0	0.00843425631398
78.0	0.00844899913387
79.0	0.00846365365301
80.0	0.00847818890136
81.0	0.00849257247886
82.0	0.00850677287235
83.0	0.00852075429419
84.0	0.00853448275862
85.0	0.00854792105769
86.0	0.00856103119609
87.0	0.0085737765733
88.0	0.00858611742116
89.0	0.00859801637458
90.0	0.00860943412973
91.0	0.00862033176426
92.0	0.00863067261721
93.0	0.00864041914174
94.0	0.00864953505851
95.0	0.00865798695198
96.0	0.00866574130862
97.0	0.00867276835496
98.0	0.00867903940428
99.0	0.0086845285296
100.0	0.00868921350453
101.0	0.00869307430377
102.0	0.00869609436621
103.0	0.00869826104879
104.0	0.00869956476635
105.0	0.0087
106.0	0.00869892279671
107.0	0.00869569609575
108.0	0.00869033355638
109.0	0.00868285890182
110.0	0.0086733034237
111.0	0.00866170811077
112.0	0.0086481225256
113.0	0.00863260167854
114.0	0.00861520973883
115.0	0.00859601770615
116.0	0.00857509926982
117.0	0.0085525373758
118.0	0.00852841472759
119.0	0.00850282111654
120.0	0.00847584947107
121.0	0.00844759052708
122.0	0.00841814061738
123.0	0.00838759701893
124.0	0.00835605221032
125.0	0.00832360461778
126.0	0.00829034482759
127.0	0.00825636687811
128.0	0.00822176285907
129.0	0.00818661688517
130.0	0.00815101753087
131.0	0.0081150427912
132.0	0.00807877285632
133.0	0.0080422843771
134.0	0.00800564449789
135.0	0.00796892225024
136.0	0.0079321827602
137.0	0.00789548141369
138.0	0.00785887735814
139.0	0.0078224181368
140.0	0.00778615321349
141.0	0.00775012824523
142.0	0.00771437955658
143.0	0.00767894560967
144.0	0.00764386138748
145.0	0.0076091530837
146.0	0.00757485109596
147.0	0.00754097560976
148.0	0.00750754941482
149.0	0.00747459255561
150.0	0.00744211740535
151.0	0.00741014087215
152.0	0.00737867091785
153.0	0.00734771852586
154.0	0.00731729268936
155.0	0.00728739588312
156.0	0.00725803378471
157.0	0.00722921048655
158.0	0.00720078951345
159.0	0.00717196621529
160.0	0.00714260411688
161.0	0.00711270731064
162.0	0.00708228147414
163.0	0.00705132908215
164.0	0.00701985912785
165.0	0.00698788259465
166.0	0.00695540744439
167.0	0.00692245058518
168.0	0.00688902439024
169.0	0.00685514890404
170.0	0.0068208469163
171.0	0.00678613861252
172.0	0.00675105439033
173.0	0.00671562044342
174.0	0.00667987175477
175.0	0.00664384678651
176.0	0.0066075818632
177.0	0.00657112264186
178.0	0.00653451858631
179.0	0.0064978172398
180.0	0.00646107774976
181.0	0.00642435550211
182.0	0.0063877156229
183.0	0.00635122714368
184.0	0.0063149572088
185.0	0.00627898246913
186.0	0.00624338311483
187.0	0.00620823714093
188.0	0.00617363312189
189.0	0.00613965517241
190.0	0.00610639538222
191.0	0.00607394778968
192.0	0.00604240298107
193.0	0.00601185938262
194.0	0.00598240947292
195.0	0.00595415052893
196.0	0.00592717888346
197.0	0.00590158527241
198.0	0.0058774626242
199.0	0.00585490073018
200.0	0.00583398229385
201.0	0.00581479026117
202.0	0.00579739832146
203.0	0.0057818774744
204.0	0.00576829188923
205.0	0.0057566965763
206.0	0.00574714109818
207.0	0.00573966644362
208.0	0.00573430390425
209.0	0.00573107720329
210.0	0.00573
211.0	0.00573064196963
212.0	0.00573256495304
213.0	0.00573576080983
214.0	0.00574021540195
215.0	0.00574591008083
216.0	0.00575282041884
217.0	0.00576091687868
218.0	0.00577016667643
219.0	0.00578053156979
220.0	0.00579196924583
221.0	0.0058044357887
222.0	0.00581788176594
223.0	0.00583225788962
224.0	0.00584751064772
225.0	0.00586358465865
226.0	0.0058804258475
227.0	0.00589797680378
228.0	0.00591617955438
229.0	0.00593497898577
230.0	0.00595431643991
231.0	0.00597413793103
232.0	0.00599438741608
233.0	0.00601501001328
234.0	0.00603595559368
235.0	0.00605717137049
236.0	0.00607861086181
237.0	0.00610022627755
238.0	0.00612197193688
239.0	0.00614380782449
240.0	0.00616569280036
241.0	0.006187588052
242.0	0.00620946057164
243.0	0.0062312751098
244.0	0.00625300333261
245.0	0.00627461576166
246.0	0.00629608518719
247.0	0.00631738996123
248.0	0.00633850716192
249.0	0.00635941594079
250.0	0.00638010068749
251.0	0.00640054328625
252.0	0.00642073170732
253.0	0.00644065236894
254.0	0.00646029332545
255.0	0.00647964720287
256.0	0.00649870392468
257.0	0.00651745874593
258.0	0.00653590512095
259.0	0.00655403769018
260.0	0.00657185497875
261.0	0.00658935360305
262.0	0.00660653112418
263.0	0.00662346887582
264.0	0.00664064639695
265.0	0.00665814502125
266.0	0.00667596230982
267.0	0.00669409487905
268.0	0.00671254125407
269.0	0.00673129607532
270.0	0.00675035279713
271.0	0.00676970667455
272.0	0.00678934763106
273.0	0.00680926829268
274.0	0.00682945671375
275.0	0.00684989931251
276.0	0.00687058405921
277.0	0.00689149283808
278.0	0.00691261003877
279.0	0.00693391481281
280.0	0.00695538423834
281.0	0.00697699666739
282.0	0.0069987248902
283.0	0.00702053942836
284.0	0.007042411948
285.0	0.00706430719964
286.0	0.00708619217551
287.0	0.00710802806312
288.0	0.00712977372245
289.0	0.00715138913819
290.0	0.00717282862951
291.0	0.00719404440632
292.0	0.00721498998672
293.0	0.00723561258392
294.0	0.00725586206897
295.0	0.00727568356009
296.0	0.00729502101423
297.0	0.00731382044562
298.0	0.00733202319622
299.0	0.0073495741525
300.0	0.00736641534135
301.0	0.00738248935228
302.0	0.00739774211038
303.0	0.00741211823406
304.0	0.0074255642113
305.0	0.00743803075417
306.0	0.00744946843021
307.0	0.00745983332357
308.0	0.00746908312132
309.0	0.00747717958116
310.0	0.00748408991917
311.0	0.00748978459805
312.0	0.00749423919017
313.0	0.00749743504696
314.0	0.00749935803037
