0.007	0.723
0.007	0.723
0.011	0.720
0.013	0.704
0.013	0.704
0.016	0.699
0.016	0.699
0.018	0.652
0.020	0.644
0.022	0.636
0.024	0.634
0.025	0.633
0.028	0.633
0.029	0.629
0.029	0.629
0.030	0.620
0.031	0.593
0.031	0.593
0.031	0.584
0.032	0.581
0.034	0.549
0.035	0.543
0.036	0.543
0.036	0.543
0.038	0.542
0.039	0.541
0.039	0.541
0.040	0.524
0.040	0.524
0.042	0.484
0.042	0.484
0.042	0.466
0.043	0.455
0.044	0.452
0.045	0.452
0.045	0.452
0.045	0.450
0.045	0.450
0.045	0.447
0.045	0.447
0.045	0.422
0.046	0.386
0.046	0.386
0.045	0.368
0.045	0.362
0.045	0.362
0.044	0.362
0.044	0.362
0.044	0.362
0.044	0.362
0.041	0.346
0.041	0.346
0.035	0.272
0.035	0.272
