-0.00095	0.00336	0.00734
0.01135	0.02282	0.03053
0.03485	0.03889	0.04288
0.04717	0.05115	0.05546
0.05948	0.06385	0.06787
0.07185	0.07612	0.08009
0.08441	0.08843	0.09241
0.09671	0.10071	0.1051
0.10912	0.11342	0.11739
0.12135	0.12565	0.12966
0.13399	0.13799	0.14232
0.14628	0.15023	0.15451
0.1585	0.16283	0.16684
0.17081	0.17507	0.17901
0.18334	0.1873	0.19158
0.19559	0.19956	0.20379
0.20771	0.21195	0.21588
0.21989	0.22415	0.22806
0.23227	0.23614	0.24032
0.24424	0.24815	0.25234
0.25616	0.26033	0.26416
0.2683	0.27213	0.27593
0.27999	0.28372	0.28772
0.29143	0.29518	0.29916
0.3028	0.30668	0.31029
0.31409	0.31759	0.32104
0.32475	0.32819	0.33189
0.33522	0.33851	0.34197
0.34513	0.34853	0.35165
0.35494	0.35794	0.36089
0.36398	0.36678	0.36975
0.37248	0.37536	0.37795
0.38052	0.3832	0.38561
0.38817	0.39048	0.39274
0.39513	0.39731	0.39959
0.40164	0.40378	0.40574
0.40767	0.4097	0.41154
0.41347	0.41519	0.41689
0.41869	0.42031	0.42202
0.42357	0.42521	0.42669
0.42815	0.4297	0.43109
0.43256	0.43389	0.43519
0.43658	0.43783	0.43915
0.44036	0.44164	0.44282
0.44396	0.44517	0.44625
0.44741	0.44848	0.4496
0.45063	0.45164	0.4527
0.45365	0.45468	0.45562
0.45654	0.45753	0.45842
0.45938	0.46024	0.46115
0.46198	0.4628	0.46369
0.46449	0.46535	0.46612
0.46689	0.46771	0.46845
0.46925	0.46998	0.47075
0.47146	0.47215	0.47289
0.47357	0.47431	0.47496
0.47567	0.47632	0.47695
0.47763	0.47827	0.47893
0.47953	0.48014	0.48077
0.48136	0.48199	0.48256
0.48317	0.48374	0.48429
0.48489	0.48543	0.48601
0.48653	0.48706	0.48762
0.48815	0.4887	0.4892
0.48974	0.49023	0.49072
0.49125	0.49173	0.49225
0.49272	0.49318	0.49368
0.49414	0.49463	0.49509
0.49557	0.49601	0.49645
0.49691	0.49734	0.49781
0.49823	0.49868	0.4991
0.49951	0.49995	0.50035
0.50079	0.50119	0.50158
0.502	0.50239	0.5028
0.50318	0.5036	0.50398
0.50435	0.50476	0.50512
0.50551	0.50587	0.50623
0.50662	0.50697	0.50735
0.5077	0.50807	0.50842
0.50878	0.50914	0.50948
0.50985	0.51017	0.51054
0.51086	0.51118	0.51153
0.51185	0.51219	0.51251
0.51283	0.51317	0.51348
0.51381	0.51412	0.51445
0.51474	0.51505	0.51537
0.51567	0.51598	0.51627
0.51657	0.51688	0.51717
0.51748	0.51776	0.51806
0.51834	0.51862	0.51892
0.5192	0.5195	0.51975
0.52003	0.52032	0.52058
0.52088	0.52114	0.52142
0.52168	0.52195	0.52223
0.52248	0.52276	0.52301
0.52329	0.52353	0.52378
0.52405	0.52429	0.52456
0.52481	0.52505	0.52532
0.52556	0.52581	0.52605
0.52631	0.52654	0.52677
0.5509	0.56	0.5679
0.5749	0.5811	0.5867
0.5918	0.5965	0.6008
0.6049	0.6086	0.612
0.6153	0.6184	0.6213
0.6241	0.6267	0.6292
0.6316	0.6339	0.6361
0.6382	0.6402	0.6422
0.6441	0.6459	0.6476
0.6493	0.651	0.6526
0.6541	0.6556	0.6571
0.6585	0.6599	0.6613
0.6626	0.6639	0.6652
0.6664	0.6676	0.6688
0.6699	0.6711	0.6722
0.6733	0.6743	0.6754
0.6764	0.6774	0.6784
0.6794	0.6803	0.6813
0.6822	0.6831	0.684
0.6849	0.6858	0.6866
0.6875	0.6883	0.6891
0.6899	0.6907	0.6915
0.6923	0.6931	0.6938
0.6946	0.6953	0.696
0.6967	0.6975	0.6982
0.6988	0.6995	0.7002
0.7009	0.7015	0.7022
0.7029	0.7035	0.7041
0.7048	0.7054	0.706
0.7066	0.7072	0.7078
0.7084	0.709	0.7096
0.7102	0.7107	0.7113
0.7119	0.7124	0.713
0.7135	0.7141	0.7146
0.7151	0.7157	0.7162
0.7167	0.7172	0.7177
0.7183	0.7188	0.7193
0.7198	0.7202	0.7207
0.7212	0.7217	0.7222
0.7227	0.7231	0.7236
0.7241	0.7245	0.725
0.7254	0.7259	0.7263
0.7268	0.7272	0.7277
0.7281	0.7285	0.729
0.7294	0.7298	0.7303
0.7307	0.7311	0.7315
0.7319	0.7324	0.7328
0.7332	0.7336	0.734
0.7344	0.7348	0.7352
0.7356	0.736	0.7364
0.7367	0.7371	0.7375
0.7379	0.7383	0.7386
0.739	0.7394	0.7398
0.7401	0.7405	0.7409
0.7413	0.7416	0.742
0.7423	0.7427	0.743
0.7434	0.7438	0.7441
0.7445	0.7448	0.7451
0.7455	0.7458	0.7462
0.7465	0.7469	0.7472
0.7475	0.7479	0.7482
0.7485	0.7489	0.749
0.749	0.7489	0.7489
1.8499	1.86021	1.87474
1.88819	0.69821	0.07988
0.08788	0.08974	0.10086
0.11623	0.12994	0.13915
0.14213	0.14647	0.1542
0.16678	0.18216	0.19525
0.20428	0.20782	0.22333
0.23429	0.23868	0.24394
0.25075	0.26376	0.27959
0.29424	0.30541	0.31056
0.31588	0.32475	0.33882
0.35579	0.37114	0.38424
0.39226	0.39979	0.40874
0.42236	0.44243	0.46061
0.47571	0.48901	0.49921
0.50909	0.5234	0.54478
0.56766	0.58996	0.60703
0.62094	0.63752	0.65806
0.68695	0.71519	0.74507
0.76841	0.79072	0.81737
0.85597	0.89579	0.92954
0.96377	0.99828	1.038
1.08832	1.14043	1.19733
1.24955	1.3014	1.36114
1.42437	1.5005	1.57089
1.65491	1.74512	1.83754
1.93787	2.03244	2.14181
2.25196	2.37344	2.51482
2.65026	2.80277	2.94699
3.11075	3.27466	3.45214
3.65286	3.84675	4.0607
4.26548	4.49645	4.72889
4.96082	5.22568	5.48325
5.7747	6.04914	6.32933
6.64042	6.93564	7.26967
7.59294	7.94596	8.28191
8.62493	8.99866	9.35355
9.74821	10.1235	10.5021
10.9177	11.3095	11.7438
12.1515	12.6026	13.0211
13.4424	13.9034	14.3371
14.8127	15.2601	15.713
16.1995	16.6657	17.1665
17.6326	18.1403	18.6176
19.0966	19.6205	20.1094
20.6405	21.1331	21.673
22.174	22.6779	23.2231
23.7358	24.2908	24.8061
25.3225	25.8823	26.4036
26.9778	27.5071	28.0801
28.6111	29.1401	29.7212
30.2577	30.8416	31.3864
31.9379	32.5263	33.0734
33.6655	34.2152	34.8149
35.3726	35.9289	36.5296
37.0873	37.6984	38.2635
38.8717	39.4368	40.0028
40.6129	41.1851	41.8013
42.373	42.9538	43.5717
44.1454	44.7654	45.3462
45.9702	46.5485	47.13
47.7577	48.3396	48.9745
49.561	50.1452	50.7737
51.3647	52.0003	52.5896
53.2285	53.8178	54.4134
55.0517	55.6461	56.2868
56.8817	57.4785	58.1216
58.7192	59.3599	59.959
60.6124	61.2135	61.8143
62.4613	63.0607	63.7114
64.3154	64.9661	65.571
66.1832	66.8364	67.441
68.0924	68.6998	69.3098
69.9664	70.576	71.2318
71.8399	72.5041	73.1162
73.7281	74.3893	75.0005
75.6589	76.2716	76.885
77.546	78.1688	78.8287
79.4463	80.1109	80.727
81.3463	82.0101	82.6249
83.2904	83.9103	84.5835
85.2028	85.8259	86.495
87.1108	87.7801	88.4028
89.0243	89.6932	90.3244
90.9925	91.6141	92.2859
92.909	93.5345	94.2067
94.8333	95.506	96.1292
96.763	97.4378	98.0635
98.7362	99.3656	100.042
100.667	101.294	101.97
102.599	103.282	103.912
104.539	105.218	105.849
106.527	107.157	107.836
108.467	109.104	109.782
110.416	111.095	111.728
112.407	113.04	113.673
114.353	114.985	115.674
116.307	116.942	117.625
118.258	118.939	119.577
120.26	120.895	121.538
186.944	225.96	266.703
308.31	350.839	394.124
437.893	482.3	527.281
572.866	618.285	664.062
710.132	756.473	802.977
849.699	896.889	943.907
991.108	1038.31	1085.69
1133.18	1180.8	1228.79
1276.51	1324.22	1372.24
1420.23	1468.21	1516.31
1564.82	1613	1661.23
1709.5	1757.88	1806.25
1854.72	1903.5	1951.97
2000.55	2049.04	2097.7
2146.48	2195.1	2244.14
2292.89	2341.62	2390.38
2439.09	2487.98	2536.8
2586.02	2634.82	2683.6
2732.51	2781.4	2830.4
2879.38	2928.71	2977.85
3026.83	3075.74	3124.8
3173.87	3222.91	3272.35
3321.42	3370.57	3419.63
3468.72	3517.82	3566.99
3616.56	3665.64	3714.81
3763.99	3813.22	3862.3
3911.58	3961.25	4010.48
4059.68	4108.88	4158.2
4207.48	4256.66	4306.31
4355.6	4404.93	4454.12
4503.37	4552.88	4602.25
4651.85	4701.21	4750.51
4799.84	4849.22	4898.55
4947.95	4997.61	5046.98
5096.32	5145.68	5195.06
5244.52	5293.97	5343.8
5393.35	5442.79	5492.13
5541.6	5591.07	5640.43
5690.18	5739.63	5789.11
5838.58	5887.92	5937.45
5986.98	6036.72	6086.14
6135.68	6185.28	6234.78
6284.19	6333.79	6383.56
6433.05	6482.47	6531.98
6581.47	6631.05	6680.42
6730.35	6779.65	6829.18
6878.65	6928.22	6977.95
7027.45	7077.33	7126.82
7176.43	7225.87	7275.49
7324.96	7374.6	7424.57
7473.97	7523.57	7573.05
7622.72	7672.15	7721.83
7771.88	7821.4	7871.04
7920.53	7970.2	8019.76
8069.64	8119.21	8168.85
8218.53	8267.94	8317.64
8367.1	8417.06	8466.78
8516.25	8565.92	8615.61
8665.28	8714.78	8764.7
8814.48	8864.01	8913.61
8963.21	9012.83	9062.49
9112.42	9162.07	9192.06
9185.38	9179.66	9174.77
15.86	15.86	15.86
15.86	15.86	15.86
15.86	15.86	15.86
15.86	15.86	15.86
15.86	15.86	15.86
15.86	15.86	15.86
15.86	15.86	15.86
15.86	15.86	15.86
15.86	15.86	15.86
15.86	15.86	15.86
15.86	15.86	15.86
15.86	15.86	15.86
15.86	15.86	15.86
15.86	15.86	15.86
15.86	15.86	15.86
15.86	15.86	15.86
15.86	15.86	15.86
15.86	15.86	15.86
15.86	15.86	15.86
15.86	15.86	15.86
15.86	15.86	15.86
15.86	15.86	15.86
15.86	15.86	15.86
15.86	15.86	15.86
15.86	15.86	15.86
15.86	15.86	15.86
15.86	15.86	15.86
15.86	15.86	15.86
15.86	15.86	15.86
15.86	15.86	15.86
15.86	15.86	15.86
15.86	15.86	15.86
15.86	15.86	15.86
15.86	15.86	15.86
15.86	15.86	15.86
15.86	15.86	15.86
15.86	15.86	15.86
15.86	15.86	15.86
15.86	15.86	15.86
15.86	15.86	15.86
15.86	15.86	15.86
15.86	15.86	15.86
15.86	15.86	15.86
15.86	15.86	15.86
15.86	15.86	15.86
15.86	15.86	15.86
15.86	15.86	15.86
15.86	15.86	15.86
15.86	15.86	15.86
15.86	15.86	15.86
15.86	15.86	15.86
15.86	15.86	15.86
15.86	15.86	15.86
15.86	15.86	15.86
15.86	15.86	15.86
15.86	15.86	15.86
15.86	15.86	15.86
15.86	15.86	15.86
15.86	15.86	15.86
15.86	15.86	15.86
15.86	15.86	15.86
15.86	15.86	15.86
15.86	15.86	15.86
15.86	15.86	15.86
15.86	15.86	15.86
15.86	15.86	15.86
15.86	15.86	15.86
15.86	15.86	15.86
15.86	15.86	15.86
15.86	15.86	15.86
15.86	15.86	15.86
15.86	15.86	15.86
15.86	15.86	15.86
15.86	15.86	15.86
15.86	15.86	15.86
15.86	15.86	15.86
15.86	15.86	15.86
15.86	15.86	15.86
15.86	15.86	15.86
15.86	15.86	15.86
15.86	15.86	15.86
15.86	15.86	15.86
15.86	15.86	15.86
15.86	15.86	15.86
15.86	15.86	15.86
15.86	15.86	15.86
15.86	15.86	15.86
15.86	15.86	15.86
15.86	15.86	15.86
15.86	15.86	15.86
15.86	15.86	15.86
15.86	15.86	15.86
15.86	15.86	15.86
15.86	15.86	15.86
15.86	15.86	15.86
15.86	15.86	15.86
15.86	15.86	15.86
15.86	15.86	15.86
15.86	15.86	15.86
15.86	15.86	15.86
15.86	15.86	15.86
15.86	15.86	15.86
15.86	15.86	15.86
15.86	15.86	15.86
15.86	15.86	15.86
15.86	15.86	15.86
15.86	15.86	15.86
15.86	15.86	15.86
15.86	15.86	15.86
15.86	15.86	15.86
15.86	15.86	15.86
15.86	15.86	15.86
15.86	15.86	15.86
15.86	15.86	15.86
15.86	15.86	15.86
15.86	15.86	15.86
15.86	15.86	15.86
15.86	15.86	15.86
15.86	15.86	15.86
15.86	15.86	15.86
15.86	15.86	15.86
15.86	15.86	15.86
15.86	15.86	15.86
15.86	15.86	15.86
15.86	15.86	15.86
15.86	15.86	15.86
15.86	15.86	15.86
15.86	15.86	15.86
15.86	15.86	15.86
15.86	15.86	15.86
15.86	15.86	15.86
15.86	15.86	15.86
15.86	15.86	15.86
15.86	15.86	15.86
15.86	15.86	15.86
15.86	15.86	15.86
15.86	15.86	15.86
15.86	15.86	15.86
15.86	15.86	15.86
15.86	15.86	15.86
15.86	15.86	15.86
15.86	15.86	15.86
15.86	15.86	15.86
15.86	15.86	15.86
15.86	15.86	15.86
15.86	15.86	15.86
15.86	15.86	15.86
15.86	15.86	15.86
15.86	15.86	15.86
15.86	15.86	15.86
15.86	15.86	15.86
15.86	15.86	15.86
15.86	15.86	15.86
15.86	15.86	15.86
15.86	15.86	15.86
15.86	15.86	15.86
15.86	15.86	15.86
15.86	15.86	15.86
15.86	15.86	15.86
15.86	15.86	15.86
15.86	15.86	15.86
15.86	15.86	15.86
15.86	15.86	15.86
