0.03043	0.03472	0.03866
0.04261	0.04698	0.05095
0.05521	0.05914	0.06343
0.06742	0.0714	0.07568
0.07964	0.08387	0.08779
0.09173	0.09598	0.09988
0.10417	0.10813	0.11239
0.11631	0.12018	0.12435
0.12822	0.13242	0.13631
0.14054	0.1444	0.14821
0.15229	0.15615	0.16028
0.16407	0.16782	0.17184
0.17558	0.17968	0.18342
0.18737	0.19108	0.19473
0.19862	0.20224	0.20611
0.20964	0.21317	0.21692
0.22037	0.22411	0.22753
0.23117	0.23448	0.23775
0.24125	0.24449	0.24798
0.25113	0.25447	0.2575
0.2605	0.26368	0.26659
0.26972	0.27257	0.27538
0.27831	0.28098	0.28381
0.28641	0.28916	0.29168
0.29413	0.2967	0.29905
0.30156	0.30383	0.30608
0.30843	0.31057	0.31282
0.31486	0.31702	0.319
0.32096	0.32301	0.32484
0.32679	0.32856	0.33045
0.33216	0.33385	0.33562
0.33722	0.33893	0.34047
0.342	0.34361	0.34506
0.34663	0.34805	0.34954
0.35089	0.35223	0.35363
0.35492	0.35629	0.35755
0.35877	0.36006	0.36123
0.36248	0.36364	0.36486
0.36597	0.36706	0.3682
0.36925	0.37037	0.3714
0.37241	0.37348	0.37448
0.37552	0.37647	0.37747
0.3784	0.37931	0.38029
0.38117	0.38211	0.38296
0.38388	0.38472	0.38555
0.38643	0.38724	0.38809
0.38888	0.38966	0.3905
0.39125	0.39206	0.39281
0.39359	0.3943	0.39501
0.39578	0.39648	0.39723
0.39791	0.39859	0.39931
0.39997	0.40067	0.40131
0.402	0.40264	0.40326
0.40393	0.40454	0.40521
0.40581	0.40645	0.40705
0.40763	0.40824	0.40882
0.40943	0.40998	0.41055
0.41115	0.41169	0.41227
0.41281	0.41339	0.41391
0.41444	0.415	0.41551
0.41606	0.41657	0.41706
0.4176	0.4181	0.41862
0.4191	0.41962	0.4201
0.42057	0.42108	0.42156
0.42205	0.42251	0.42296
0.42345	0.42389	0.42437
0.42482	0.42529	0.42573
0.42616	0.42663	0.42705
0.4275	0.42792	0.42836
0.42878	0.4292	0.42963
0.43005	0.43048	0.43087
0.43127	0.4317	0.43209
0.4325	0.43289	0.4333
0.43368	0.43407	0.43448
0.43485	0.43525	0.43562
0.43598	0.43637	0.43674
0.43712	0.43749	0.43787
0.43823	0.43858	0.43896
0.4393	0.43967	0.44002
0.44039	0.44073	0.44106
0.44143	0.44176	0.44214
0.44248	0.4428	0.44316
0.44348	0.44382	0.44415
0.4445	0.44481	0.44513
0.44547	0.44578	0.44611
0.44644	0.44674	0.44707
0.44739	0.44771	0.44801
0.44833	0.44863	0.44893
0.44925	0.44955	0.44987
0.45015	0.45046	0.45076
0.45105	0.45136	0.45165
0.45195	0.45223	0.45252
0.45281	0.45309	0.45339
0.45367	0.45396	0.45424
0.45451	0.45481	0.45508
0.45537	0.45563	0.4559
0.45619	0.45645	0.45673
0.457	0.45728	0.45753
0.45779	0.4814	0.4899
0.4974	0.5041	0.5102
0.5158	0.5208	0.5255
0.5299	0.534	0.5378
0.5414	0.5448	0.548
0.551	0.5539	0.5567
0.5594	0.5619	0.5643
0.5667	0.5689	0.5711
0.5732	0.5753	0.5772
0.5791	0.581	0.5828
0.5846	0.5862	0.5879
0.5895	0.5911	0.5926
0.5942	0.5956	0.5971
0.5985	0.5998	0.6012
0.6025	0.6038	0.6051
0.6063	0.6075	0.6087
0.6099	0.6111	0.6122
0.6133	0.6144	0.6155
0.6166	0.6176	0.6187
0.6197	0.6207	0.6217
0.6227	0.6236	0.6246
0.6255	0.6265	0.6274
0.6283	0.6292	0.6301
0.6309	0.6318	0.6326
0.6335	0.6343	0.6351
0.6359	0.6367	0.6375
0.6383	0.6391	0.6399
0.6406	0.6414	0.6421
0.6429	0.6436	0.6443
0.645	0.6458	0.6465
0.6472	0.6479	0.6486
0.6492	0.6499	0.6506
0.6512	0.6519	0.6526
0.6532	0.6538	0.6545
0.6551	0.6558	0.6564
0.657	0.6576	0.6582
0.6588	0.6594	0.66
0.6606	0.6612	0.6618
0.6624	0.6629	0.6635
0.6641	0.6647	0.6652
0.6658	0.6663	0.6669
0.6674	0.668	0.6685
0.669	0.6696	0.6701
0.6706	0.6712	0.6717
0.6722	0.6727	0.6732
0.6737	0.6742	0.6747
0.6752	0.6757	0.6762
0.6767	0.6772	0.6777
0.6782	0.6787	0.6791
0.6796	0.6801	0.6806
0.681	0.6815	0.682
0.6824	0.6829	0.6833
0.6838	0.6842	0.6847
0.6852	0.6856	0.686
0.6865	0.6869	0.6874
0.6878	0.6882	0.6887
0.6891	0.6895	0.69
0.6904	0.6908	0.6912
0.6917	0.6921	0.6925
0.6929	0.6933	0.6937
0.6941	0.6945	0.6949
0.6954	0.6958	0.6962
0.6961	0.6961	0.6961
0.6961	0.6961	0.1
0.1114	0.12941	0.14736
0.14882	0.16243	0.18279
0.20279	0.21928	0.23174
0.24092	0.2542	0.27183
0.29543	0.31994	0.33868
0.35607	0.37886	0.39913
0.41581	0.43473	0.45763
0.48683	0.51945	0.54929
0.5762	0.60029	0.62918
0.66212	0.70193	0.74562
0.77568	0.81581	0.8597
0.90901	0.96431	1.01367
1.06641	1.11635	1.17991
1.23691	1.30183	1.38058
1.44778	1.52883	1.61159
1.70249	1.80244	1.89429
1.99524	2.0931	2.21069
2.32902	2.45549	2.59288
2.72325	2.86995	3.01118
3.17377	3.3342	3.50473
3.69279	3.87362	4.06863
4.25931	4.46268	4.69369
4.91425	5.15703	5.38839
5.64168	5.88726	6.1437
6.43027	6.70574	7.00946
7.29392	7.58528	7.90731
8.21627	8.56075	8.88569
9.2413	9.57338	9.91617
10.2944	10.653	11.0478
11.416	11.8201	12.1987
12.5831	13.008	13.408
13.8509	14.2593	14.6726
15.1248	15.5462	16.008
16.4407	16.9122	17.3574
17.81	18.2949	18.7516
19.2447	19.7039	20.1717
20.6825	21.155	21.6703
22.149	22.6739	23.1588
23.6492	24.1829	24.6784
25.2166	25.7171	26.2203
26.7637	27.2781	27.8301
28.3458	28.901	29.4194
29.94	30.5033	31.0275
31.5965	32.1268	32.7047
33.2396	33.7705	34.3463
34.8857	35.4714	36.0135
36.5558	37.141	37.6856
38.2844	38.8353	39.4299
39.9817	40.5291	41.1286
41.6859	42.2859	42.8451
43.4134	44.0198	44.584
45.1908	45.7561	46.3661
46.9342	47.5043	48.1192
48.6909	49.314	49.8869
50.5026	51.0769	51.6537
52.279	52.8586	53.4815
54.0591	54.6456	55.2715
55.8545	56.484	57.0681
57.7011	58.2847	58.8692
59.5015	60.0903	60.7317
61.3218	61.9105	62.5457
63.1374	63.7763	64.3715
65.0109	65.6056	66.2046
66.8461	67.4404	68.0844
68.6822	69.2815	69.9263
70.5248	71.1684	71.7689
72.4235	73.0256	73.6273
74.2747	74.8788	75.5294
76.1328	76.7846	77.3872
77.9998	78.654	79.2596
79.9118	80.5203	81.1276
81.7804	82.3922	83.0473
83.6563	84.3189	84.9301
85.5416	86.1981	86.8106
87.468	88.0799	88.6943
89.353	89.9707	90.6326
91.248	91.9111	92.5248
93.1399	93.8014	94.4166
95.0811	95.6976	96.371
96.9898	97.6061	98.2716
98.8887	99.553	100.175
100.793	101.458	102.085
102.752	103.372	104.041
104.663	105.286	105.954
106.575	107.245	107.87
108.497	109.168	109.79
110.462	111.087	111.76
112.383	113.008	113.679
114.305	114.983	115.61
116.235	116.908	117.536
118.209	118.834	119.512
120.141	120.773	121.449
122.079	122.753	123.379
124.057	124.685	125.313
125.991	126.62	127.305
127.935	128.564	129.241
129.872	130.553	131.185
131.863	132.494	133.133
220.861	260.593	301.543
343.772	386.478	429.76
473.67	517.928	562.826
607.962	653.709	699.353
745.273	791.474	837.737
884.327	931.051	978.253
1025.19	1072.16	1119.37
1166.63	1214.07	1261.48
1309.39	1357.24	1404.95
1452.64	1500.54	1548.44
1596.35	1644.72	1692.75
1740.9	1789.08	1837.28
1885.49	1933.84	1982.54
2030.84	2079.14	2127.61
2176.26	2224.73	2273.16
2322.09	2370.74	2419.34
2467.93	2516.5	2565.33
2613.99	2662.97	2711.71
2760.49	2809.26	2857.96
2906.81	2955.87	3005.05
3053.84	3102.64	3151.59
3200.49	3249.35	3298.31
3347.67	3396.6	3445.52
3494.5	3543.49	3592.5
3641.47	3690.89	3739.83
3789.07	3838	3886.97
3936.05	3985.24	4034.68
4083.78	4132.89	4182.08
4231.14	4280.32	4329.46
4378.97	4428.1	4477.29
4526.46	4575.79	4624.99
4674.08	4723.73	4772.98
4822.16	4871.38	4920.6
4969.79	5019.17	5068.72
5117.98	5167.28	5216.58
5265.82	5315.11	5364.7
5414.32	5463.62	5512.95
5562.3	5611.59	5660.95
5710.18	5759.92	5809.24
5858.55	5907.86	5957.26
6006.67	6055.93	6105.65
6155.05	6204.52	6253.85
6303.21	6352.67	6401.93
6451.72	6501.06	6550.53
6599.92	6649.29	6698.73
6748.1	6797.86	6847.05
6896.52	6945.87	6995.53
7044.97	7094.45	7144.17
7193.67	7243.01	7292.52
7341.89	7391.46	7440.85
7490.74	7540.03	7589.57
7639.02	7688.43	7737.92
7787.58	7837.39	7886.87
7936.28	7985.86	8035.21
8084.79	8134.61	8184.16
8233.65	8283.1	8332.63
8382.21	8431.62	8481.46
8531.08	8580.68	8630.27
8679.61	8729.12	8778.7
8828.66	8878.06	8927.7
8977.19	9026.77	9076.17
9125.8	9173.61	9168.28
9162.38	9157.28	9152.67
9148.54	53.38	53.38
53.38	53.38	53.38
53.38	53.38	53.38
53.38	53.38	53.38
53.38	53.38	53.38
53.38	53.38	53.38
53.38	53.38	53.38
53.38	53.38	53.38
53.38	53.38	53.38
53.38	53.38	53.38
53.38	53.38	53.38
53.38	53.38	53.38
53.38	53.38	53.38
53.38	53.38	53.38
53.38	53.38	53.38
53.38	53.38	53.38
53.38	53.38	53.38
53.38	53.38	53.38
53.38	53.38	53.38
53.38	53.38	53.38
53.38	53.38	53.38
53.38	53.38	53.38
53.38	53.38	53.38
53.38	53.38	53.38
53.38	53.38	53.38
53.38	53.38	53.38
53.38	53.38	53.38
53.38	53.38	53.38
53.38	53.38	53.38
53.38	53.38	53.38
53.38	53.38	53.38
53.38	53.38	53.38
53.38	53.38	53.38
53.38	53.38	53.38
53.38	53.38	53.38
53.38	53.38	53.38
53.38	53.38	53.38
53.38	53.38	53.38
53.38	53.38	53.38
53.38	53.38	53.38
53.38	53.38	53.38
53.38	53.38	53.38
53.38	53.38	53.38
53.38	53.38	53.38
53.38	53.38	53.38
53.38	53.38	53.38
53.38	53.38	53.38
53.38	53.38	53.38
53.38	53.38	53.38
53.38	53.38	53.38
53.38	53.38	53.38
53.38	53.38	53.38
53.38	53.38	53.38
53.38	53.38	53.38
53.38	53.38	53.38
53.38	53.38	53.38
53.38	53.38	53.38
53.38	53.38	53.38
53.38	53.38	53.38
53.38	53.38	53.38
53.38	53.38	53.38
53.38	53.38	53.38
53.38	53.38	53.38
53.38	53.38	53.38
53.38	53.38	53.38
53.38	53.38	53.38
53.38	53.38	53.38
53.38	53.38	53.38
53.38	53.38	53.38
53.38	53.38	53.38
53.38	53.38	53.38
53.38	53.38	53.38
53.38	53.38	53.38
53.38	53.38	53.38
53.38	53.38	53.38
53.38	53.38	53.38
53.38	53.38	53.38
53.38	53.38	53.38
53.38	53.38	53.38
53.38	53.38	53.38
53.38	53.38	53.38
53.38	53.38	53.38
53.38	53.38	53.38
53.38	53.38	53.38
53.38	53.38	53.38
53.38	53.38	53.38
53.38	53.38	53.38
53.38	53.38	53.38
53.38	53.38	53.38
53.38	53.38	53.38
53.38	53.38	53.38
53.38	53.38	53.38
53.38	53.38	53.38
53.38	53.38	53.38
53.38	53.38	53.38
53.38	53.38	53.38
53.38	53.38	53.38
53.38	53.38	53.38
53.38	53.38	53.38
53.38	53.38	53.38
53.38	53.38	53.38
53.38	53.38	53.38
53.38	53.38	53.38
53.38	53.38	53.38
53.38	53.38	53.38
53.38	53.38	53.38
53.38	53.38	53.38
53.38	53.38	53.38
53.38	53.38	53.38
53.38	53.38	53.38
53.38	53.38	53.38
53.38	53.38	53.38
53.38	53.38	53.38
53.38	53.38	53.38
53.38	53.38	53.38
53.38	53.38	53.38
53.38	53.38	53.38
53.38	53.38	53.38
53.38	53.38	53.38
53.38	53.38	53.38
53.38	53.38	53.38
53.38	53.38	53.38
53.38	53.38	53.38
53.38	53.38	53.38
53.38	53.38	53.38
53.38	53.38	53.38
53.38	53.38	53.38
53.38	53.38	53.38
53.38	53.38	53.38
53.38	53.38	53.38
53.38	53.38	53.38
53.38	53.38	53.38
53.38	53.38	53.38
53.38	53.38	53.38
53.38	53.38	53.38
53.38	53.38	53.38
53.38	53.38	53.38
53.38	53.38	53.38
53.38	53.38	53.38
53.38	53.38	53.38
53.38	53.38	53.38
53.38	53.38	53.38
53.38	53.38	53.38
53.38	53.38	53.38
53.38	53.38	53.38
53.38	53.38	53.38
53.38	53.38	53.38
53.38	53.38	53.38
53.38	53.38	53.38
53.38	53.38	53.38
53.38	53.38	53.38
53.38	53.38	53.38
53.38	53.38	53.38
53.38	53.38	53.38
53.38	53.38	53.38
53.38	53.38	53.38
53.38	53.38	53.38
53.38	53.38	53.38
53.38	53.38	53.38
53.38	53.38	53.38
53.38	53.38	53.38
53.38	53.38	53.38
