0.05512	0.05906	0.06334
0.06732	0.07129	0.07556
0.07949	0.08372	0.08762
0.09155	0.0958	0.09973
0.10402	0.10792	0.1121
0.11597	0.11989	0.12408
0.12793	0.13207	0.13588
0.14005	0.1439	0.14773
0.15183	0.15559	0.15964
0.16337	0.16711	0.17113
0.17486	0.1789	0.18255
0.18643	0.19003	0.19361
0.19747	0.20105	0.20484
0.2083	0.21178	0.21545
0.21881	0.22246	0.2258
0.22934	0.23258	0.23575
0.23916	0.24228	0.24568
0.24874	0.25197	0.2549
0.25779	0.26089	0.2637
0.26668	0.26942	0.27215
0.27499	0.27757	0.2803
0.28277	0.28539	0.2878
0.29019	0.29268	0.29495
0.29736	0.29951	0.30165
0.30391	0.30598	0.30816
0.31015	0.31222	0.31411
0.31598	0.31794	0.31973
0.32162	0.32335	0.32515
0.32679	0.3284	0.33013
0.33169	0.33336	0.33487
0.33633	0.33789	0.3393
0.3408	0.34216	0.34365
0.34496	0.34625	0.34763
0.34888	0.35021	0.35143
0.35263	0.35389	0.35504
0.35626	0.35737	0.35857
0.35965	0.36072	0.36186
0.3629	0.364	0.365
0.36598	0.36702	0.368
0.36902	0.36996	0.37094
0.37185	0.37274	0.37369
0.37456	0.3755	0.37637
0.37727	0.37809	0.37891
0.37977	0.38057	0.38142
0.38221	0.38297	0.38379
0.38453	0.38533	0.38606
0.38684	0.38756	0.38827
0.38901	0.3897	0.39044
0.39111	0.39179	0.39251
0.39317	0.39386	0.3945
0.39519	0.39582	0.39645
0.39711	0.39771	0.39837
0.39897	0.3996	0.40019
0.40078	0.4014	0.40196
0.40257	0.40314	0.4037
0.40428	0.40483	0.40541
0.40594	0.40652	0.40705
0.40757	0.40812	0.40863
0.40919	0.40969	0.41019
0.41073	0.41122	0.41174
0.41222	0.41274	0.41323
0.4137	0.4142	0.41467
0.41517	0.41562	0.41608
0.41656	0.41701	0.41749
0.41794	0.41841	0.41884
0.41927	0.41974	0.42016
0.42061	0.42104	0.4215
0.42191	0.42232	0.42276
0.42317	0.42361	0.424
0.4244	0.42482	0.42522
0.42564	0.42603	0.42645
0.42683	0.42721	0.42762
0.428	0.4284	0.42877
0.42914	0.42953	0.42991
0.4303	0.43066	0.43104
0.4314	0.43175	0.43214
0.43248	0.43285	0.4332
0.43357	0.43392	0.43426
0.43463	0.43496	0.43532
0.43565	0.43598	0.43633
0.43666	0.43702	0.43733
0.43768	0.43801	0.43833
0.43867	0.43899	0.43933
0.43964	0.43995	0.44028
0.44059	0.44092	0.44123
0.44155	0.44185	0.44217
0.4425	0.44279	0.44311
0.4434	0.4437	0.444
0.44431	0.44462	0.4449
0.44521	0.4455	0.44578
0.44608	0.44637	0.44667
0.44695	0.44725	0.44752
0.44779	0.44809	0.44836
0.44866	0.44893	0.4492
0.44949	0.44975	0.45003
0.4503	0.45059	0.45085
0.45111	0.4758	0.4841
0.4915	0.4982	0.5042
0.5097	0.5148	0.5194
0.5238	0.5278	0.5316
0.5352	0.5386	0.5418
0.5448	0.5477	0.5505
0.5531	0.5557	0.5581
0.5605	0.5627	0.5649
0.567	0.5691	0.571
0.5729	0.5748	0.5766
0.5784	0.5801	0.5818
0.5834	0.585	0.5865
0.588	0.5895	0.5909
0.5924	0.5937	0.5951
0.5964	0.5977	0.599
0.6002	0.6015	0.6027
0.6039	0.605	0.6062
0.6073	0.6084	0.6095
0.6106	0.6117	0.6127
0.6137	0.6147	0.6157
0.6167	0.6177	0.6187
0.6196	0.6205	0.6215
0.6224	0.6233	0.6242
0.625	0.6259	0.6268
0.6276	0.6284	0.6293
0.6301	0.6309	0.6317
0.6325	0.6333	0.6341
0.6348	0.6356	0.6364
0.6371	0.6379	0.6386
0.6393	0.64	0.6407
0.6415	0.6422	0.6429
0.6436	0.6442	0.6449
0.6456	0.6463	0.6469
0.6476	0.6482	0.6489
0.6495	0.6501	0.6508
0.6514	0.652	0.6526
0.6532	0.6539	0.6545
0.6551	0.6557	0.6562
0.6568	0.6574	0.658
0.6586	0.6592	0.6597
0.6603	0.6608	0.6614
0.662	0.6625	0.6631
0.6636	0.6641	0.6647
0.6652	0.6657	0.6663
0.6668	0.6673	0.6678
0.6683	0.6689	0.6694
0.6699	0.6704	0.6709
0.6714	0.6719	0.6724
0.6729	0.6733	0.6738
0.6743	0.6748	0.6753
0.6758	0.6762	0.6767
0.6772	0.6776	0.6781
0.6786	0.679	0.6795
0.6799	0.6804	0.6808
0.6813	0.6817	0.6822
0.6826	0.6831	0.6835
0.6839	0.6844	0.6848
0.6852	0.6857	0.6861
0.6865	0.687	0.6874
0.6878	0.6882	0.6886
0.6891	0.6895	0.6899
0.6903	0.6907	0.6911
0.6913	0.6912	0.6912
0.6912	0.6912	0.196
0.21652	0.23461	0.24615
0.25741	0.27352	0.29379
0.31992	0.34461	0.36669
0.38458	0.40101	0.42406
0.44996	0.48269	0.51118
0.53135	0.56132	0.59443
0.63473	0.6727	0.71112
0.74348	0.77701	0.82041
0.86604	0.9211	0.97333
1.02438	1.07811	1.12936
1.1931	1.25895	1.33569
1.41034	1.48344	1.56181
1.64	1.73262	1.82666
1.92892	2.04136	2.14568
2.26114	2.37177	2.50562
2.63774	2.77718	2.93078
3.07626	3.23908	3.3951
3.57617	3.75436	3.94209
4.14318	4.34229	4.56289
4.77004	4.9863	5.22926
5.4654	5.72909	5.98019
6.25451	6.51591	6.78498
7.08371	7.37589	7.69829
8.0021	8.31055	8.64611
8.96441	9.32019	9.65852
10.03	10.3815	10.7415
11.1309	11.4957	11.8972
12.2769	12.6951	13.0905
13.4878	13.9204	14.3255
14.7728	15.1904	15.6153
16.0738	16.5079	16.9803
17.421	17.8954	18.3468
18.8081	19.3016	19.7621
20.2601	20.7266	21.1979
21.7127	22.1918	22.7127
23.1967	23.7263	24.2192
24.7104	25.2441	25.7418
26.2866	26.7924	27.3003
27.8493	28.3648	28.9158
29.4329	29.9966	30.5191
31.0423	31.6068	32.1333
32.7026	33.2342	33.8154
34.3515	34.8884	35.4677
36.0079	36.5909	37.1318
37.6785	38.2711	38.8175
39.4151	39.9654	40.5596
41.1144	41.6653	42.2662
42.8239	43.4269	43.9882
44.5548	45.1592	45.7241
46.3331	46.9002	47.512
48.0784	48.6483	49.2652
49.8365	50.4606	51.0329
51.6517	52.2299	52.8047
53.4259	54.0056	54.6288
55.208	55.7977	56.4253
57.0071	57.6374	58.219
58.8512	59.4355	60.0235
60.6576	61.2463	61.886
62.4743	63.0636	63.7017
64.2948	64.9331	65.5267
66.167	66.7603	67.3608
68.0007	68.5969	69.2417
69.8411	70.4385	71.0828
71.6805	72.3267	72.926
73.5793	74.1819	74.7868
75.4342	76.034	76.6846
77.2889	77.9413	78.5434
79.1531	79.8064	80.4121
81.0671	81.6749	82.2826
82.9371	83.5454	84.1989
84.8075	85.4694	86.0824
86.6925	87.3501	87.9607
88.6191	89.2322	89.8428
90.5022	91.1224	91.782
92.3968	93.0584	93.6733
94.2896	94.9507	95.5653
96.2291	96.8465	97.5177
98.1337	98.7492	99.4169
100.035	100.701	101.318
101.935	102.604	103.231
103.896	104.518	105.186
105.806	106.426	107.094
107.716	108.388	109.012
109.64	110.309	110.931
111.603	112.225	112.896
113.52	114.145	114.817
115.44	116.121	116.745
117.369	118.042	118.67
119.347	119.973	120.644
121.273	121.906	122.581
123.207	123.881	124.509
125.186	125.815	126.444
127.12	127.747	128.431
129.06	129.688	130.37
131.002	131.678	132.307
132.985	133.615	134.254
227.584	267.462	308.568
350.88	393.695	437.062
480.986	525.62	570.287
615.392	661.141	706.835
752.78	798.984	845.243
891.782	938.539	985.821
1032.67	1079.78	1126.97
1174.15	1221.54	1268.96
1316.94	1364.71	1412.41
1460.13	1508.07	1555.93
1603.87	1652.15	1700.23
1748.34	1796.55	1844.69
1892.92	1941.25	1989.92
2038.26	2086.62	2135.2
2183.67	2232.12	2280.53
2329.4	2378.07	2426.65
2475.21	2523.81	2572.59
2621.26	2670.26	2718.98
2767.73	2816.52	2865.23
2914.01	2963.05	3012.31
3061.03	3109.83	3158.78
3207.66	3256.48	3305.44
3354.8	3403.72	3452.61
3501.64	3550.65	3599.64
3648.54	3697.99	3747.22
3796.24	3845.06	3894.13
3943.22	3992.38	4041.72
4090.8	4139.93	4189.03
4238.16	4287.28	4336.45
4385.94	4435.11	4484.24
4533.43	4582.72	4631.89
4680.98	4730.63	4779.82
4829.07	4878.23	4927.52
4976.74	5026	5075.58
5124.86	5174.11	5223.41
5272.59	5321.89	5371.47
5421.09	5470.37	5519.67
5569.02	5618.34	5667.64
5716.94	5766.61	5815.93
5865.27	5914.59	5963.92
6013.27	6062.64	6112.32
6161.86	6211.25	6260.52
6309.91	6359.33	6408.72
6458.36	6507.73	6557.12
6606.45	6655.86	6705.19
6754.66	6804.37	6853.54
6902.98	6952.39	7002
7051.43	7100.89	7150.68
7200.08	7249.46	7298.99
7348.32	7397.86	7447.29
7497.11	7546.43	7596
7645.35	7694.84	7744.23
7793.91	7843.78	7893.25
7942.63	7992.2	8041.58
8091.19	8140.93	8190.48
8239.93	8289.37	8338.89
8388.52	8437.91	8487.73
8537.29	8586.89	8636.51
8685.88	8735.36	8784.91
8834.92	8884.29	8933.9
8983.41	9032.97	9082.34
9131.94	9181.73	9196.64
9190.25	9184.85	9179.98
9174.97	56.99	56.99
56.99	56.99	56.99
56.99	56.99	56.99
56.99	56.99	56.99
56.99	56.99	56.99
56.99	56.99	56.99
56.99	56.99	56.99
56.99	56.99	56.99
56.99	56.99	56.99
56.99	56.99	56.99
56.99	56.99	56.99
56.99	56.99	56.99
56.99	56.99	56.99
56.99	56.99	56.99
56.99	56.99	56.99
56.99	56.99	56.99
56.99	56.99	56.99
56.99	56.99	56.99
56.99	56.99	56.99
56.99	56.99	56.99
56.99	56.99	56.99
56.99	56.99	56.99
56.99	56.99	56.99
56.99	56.99	56.99
56.99	56.99	56.99
56.99	56.99	56.99
56.99	56.99	56.99
56.99	56.99	56.99
56.99	56.99	56.99
56.99	56.99	56.99
56.99	56.99	56.99
56.99	56.99	56.99
56.99	56.99	56.99
56.99	56.99	56.99
56.99	56.99	56.99
56.99	56.99	56.99
56.99	56.99	56.99
56.99	56.99	56.99
56.99	56.99	56.99
56.99	56.99	56.99
56.99	56.99	56.99
56.99	56.99	56.99
56.99	56.99	56.99
56.99	56.99	56.99
56.99	56.99	56.99
56.99	56.99	56.99
56.99	56.99	56.99
56.99	56.99	56.99
56.99	56.99	56.99
56.99	56.99	56.99
56.99	56.99	56.99
56.99	56.99	56.99
56.99	56.99	56.99
56.99	56.99	56.99
56.99	56.99	56.99
56.99	56.99	56.99
56.99	56.99	56.99
56.99	56.99	56.99
56.99	56.99	56.99
56.99	56.99	56.99
56.99	56.99	56.99
56.99	56.99	56.99
56.99	56.99	56.99
56.99	56.99	56.99
56.99	56.99	56.99
56.99	56.99	56.99
56.99	56.99	56.99
56.99	56.99	56.99
56.99	56.99	56.99
56.99	56.99	56.99
56.99	56.99	56.99
56.99	56.99	56.99
56.99	56.99	56.99
56.99	56.99	56.99
56.99	56.99	56.99
56.99	56.99	56.99
56.99	56.99	56.99
56.99	56.99	56.99
56.99	56.99	56.99
56.99	56.99	56.99
56.99	56.99	56.99
56.99	56.99	56.99
56.99	56.99	56.99
56.99	56.99	56.99
56.99	56.99	56.99
56.99	56.99	56.99
56.99	56.99	56.99
56.99	56.99	56.99
56.99	56.99	56.99
56.99	56.99	56.99
56.99	56.99	56.99
56.99	56.99	56.99
56.99	56.99	56.99
56.99	56.99	56.99
56.99	56.99	56.99
56.99	56.99	56.99
56.99	56.99	56.99
56.99	56.99	56.99
56.99	56.99	56.99
56.99	56.99	56.99
56.99	56.99	56.99
56.99	56.99	56.99
56.99	56.99	56.99
56.99	56.99	56.99
56.99	56.99	56.99
56.99	56.99	56.99
56.99	56.99	56.99
56.99	56.99	56.99
56.99	56.99	56.99
56.99	56.99	56.99
56.99	56.99	56.99
56.99	56.99	56.99
56.99	56.99	56.99
56.99	56.99	56.99
56.99	56.99	56.99
56.99	56.99	56.99
56.99	56.99	56.99
56.99	56.99	56.99
56.99	56.99	56.99
56.99	56.99	56.99
56.99	56.99	56.99
56.99	56.99	56.99
56.99	56.99	56.99
56.99	56.99	56.99
56.99	56.99	56.99
56.99	56.99	56.99
56.99	56.99	56.99
56.99	56.99	56.99
56.99	56.99	56.99
56.99	56.99	56.99
56.99	56.99	56.99
56.99	56.99	56.99
56.99	56.99	56.99
56.99	56.99	56.99
56.99	56.99	56.99
56.99	56.99	56.99
56.99	56.99	56.99
56.99	56.99	56.99
56.99	56.99	56.99
56.99	56.99	56.99
56.99	56.99	56.99
56.99	56.99	56.99
56.99	56.99	56.99
56.99	56.99	56.99
56.99	56.99	56.99
56.99	56.99	56.99
56.99	56.99	56.99
56.99	56.99	56.99
56.99	56.99	56.99
56.99	56.99	56.99
56.99	56.99	56.99
56.99	56.99	56.99
56.99	56.99	56.99
56.99	56.99	56.99
56.99	56.99	56.99
56.99	56.99	56.99
56.99	56.99	56.99
56.99	56.99	56.99
56.99	56.99	56.99
56.99	56.99	56.99
