0.06329	0.06725	0.07121
0.07548	0.07942	0.08364
0.08753	0.09145	0.09568
0.0996	0.10388	0.10778
0.11196	0.11581	0.11966
0.12382	0.12771	0.13187
0.1357	0.13983	0.14362
0.14739	0.15145	0.15521
0.15929	0.16305	0.16676
0.17071	0.17435	0.17834
0.182	0.1859	0.1895
0.19305	0.19686	0.20034
0.20405	0.20749	0.21097
0.21463	0.21793	0.22149
0.22477	0.22829	0.23151
0.23466	0.238	0.24105
0.24436	0.24737	0.25056
0.25347	0.2563	0.25936
0.26213	0.26506	0.2677
0.27034	0.27313	0.27567
0.27838	0.28083	0.28339
0.28573	0.28802	0.29047
0.29271	0.2951	0.29724
0.29933	0.30152	0.30351
0.30565	0.30759	0.30966
0.31153	0.31337	0.31529
0.31702	0.31886	0.32055
0.32234	0.32398	0.32557
0.32724	0.32876	0.3304
0.33188	0.33334	0.33488
0.33627	0.33774	0.33909
0.34052	0.34183	0.34314
0.34449	0.34572	0.34703
0.34821	0.3494	0.35065
0.35179	0.35301	0.3541
0.3553	0.35637	0.35742
0.35852	0.35955	0.36064
0.36164	0.36262	0.36367
0.36461	0.36562	0.36655
0.36753	0.36843	0.36932
0.37026	0.37113	0.37206
0.3729	0.37379	0.37462
0.37542	0.3763	0.3771
0.37795	0.37871	0.37947
0.38028	0.38103	0.38182
0.38256	0.38334	0.38404
0.38473	0.38548	0.38616
0.3869	0.38758	0.38826
0.38896	0.38962	0.39032
0.39095	0.39163	0.39226
0.39287	0.39354	0.39415
0.39481	0.3954	0.39603
0.39662	0.39719	0.39782
0.39838	0.39899	0.39955
0.40011	0.4007	0.40125
0.40182	0.40235	0.40292
0.40345	0.40397	0.40452
0.40505	0.40559	0.40609
0.40659	0.40713	0.40762
0.40814	0.40862	0.40914
0.40961	0.41009	0.4106
0.41106	0.41156	0.41202
0.41247	0.41295	0.41341
0.41389	0.41433	0.41481
0.41524	0.41567	0.41612
0.41655	0.41701	0.41743
0.41788	0.4183	0.41872
0.41916	0.41956	0.42
0.4204	0.42079	0.42122
0.42162	0.42204	0.42243
0.42285	0.42323	0.42362
0.42402	0.42439	0.42479
0.42517	0.42554	0.42594
0.42631	0.4267	0.42705
0.42744	0.4278	0.42816
0.42855	0.42889	0.42926
0.42961	0.42999	0.43033
0.43068	0.43104	0.43138
0.43173	0.43207	0.4324
0.43276	0.43309	0.43343
0.43376	0.43412	0.43443
0.43475	0.4351	0.43541
0.43575	0.43606	0.43638
0.43671	0.43702	0.43735
0.43765	0.43798	0.43829
0.43859	0.43891	0.43921
0.43953	0.43982	0.44012
0.44044	0.44073	0.44104
0.44133	0.44163	0.44191
0.44222	0.44253	0.44281
0.44312	0.4434	0.44368
0.44396	0.44424	0.44454
0.44482	0.44511	0.44539
0.44565	0.44594	0.44622
0.4465	0.44677	0.44705
0.44731	0.44758	0.463
0.4724	0.4807	0.4881
0.4947	0.5007	0.5062
0.5112	0.5158	0.5201
0.5242	0.528	0.5316
0.5349	0.5381	0.5412
0.5441	0.5468	0.5495
0.552	0.5545	0.5568
0.5591	0.5613	0.5634
0.5654	0.5674	0.5693
0.5712	0.573	0.5747
0.5765	0.5782	0.5798
0.5814	0.5829	0.5844
0.5859	0.5873	0.5888
0.5902	0.5915	0.5928
0.5942	0.5954	0.5967
0.5979	0.5991	0.6003
0.6015	0.6027	0.6038
0.6049	0.606	0.6071
0.6082	0.6092	0.6102
0.6113	0.6123	0.6133
0.6142	0.6152	0.6161
0.6171	0.618	0.6189
0.6198	0.6207	0.6216
0.6225	0.6233	0.6242
0.625	0.6259	0.6267
0.6275	0.6283	0.6291
0.6299	0.6307	0.6315
0.6322	0.633	0.6338
0.6345	0.6352	0.636
0.6367	0.6374	0.6381
0.6388	0.6395	0.6402
0.6409	0.6416	0.6423
0.643	0.6436	0.6443
0.6449	0.6456	0.6462
0.6469	0.6475	0.6481
0.6488	0.6494	0.65
0.6506	0.6512	0.6518
0.6524	0.653	0.6536
0.6542	0.6548	0.6554
0.6559	0.6565	0.6571
0.6576	0.6582	0.6588
0.6593	0.6599	0.6604
0.661	0.6615	0.662
0.6626	0.6631	0.6636
0.6642	0.6647	0.6652
0.6657	0.6662	0.6667
0.6673	0.6678	0.6683
0.6688	0.6693	0.6697
0.6702	0.6707	0.6712
0.6717	0.6722	0.6727
0.6731	0.6736	0.6741
0.6746	0.675	0.6755
0.676	0.6764	0.6769
0.6773	0.6778	0.6782
0.6787	0.6792	0.6796
0.68	0.6805	0.6809
0.6814	0.6818	0.6822
0.6827	0.6831	0.6835
0.684	0.6844	0.6848
0.6852	0.6857	0.6861
0.6865	0.6869	0.6873
0.6877	0.6881	0.688
0.688	0.688	0.688
0.688	0.24312	0.25847
0.27144	0.28674	0.30554
0.33276	0.35879	0.38343
0.40553	0.42336	0.44592
0.47214	0.50654	0.53826
0.57146	0.6035	0.63096
0.66263	0.69833	0.74421
0.79029	0.83453	0.88287
0.92556	0.97286	1.02303
1.07939	1.14753	1.21304
1.28265	1.34652	1.41849
1.49172	1.57227	1.6628
1.7575	1.86181	1.95847
2.05793	2.17174	2.28847
2.41812	2.54005	2.6744
2.80892	2.95193	3.11632
3.2754	3.45236	3.61778
3.80321	3.98528	4.17978
4.38843	4.59418	4.82501
5.04879	5.28186	5.53255
5.77151	6.03683	6.29328
6.58066	6.85776	7.13849
7.4495	7.74123	8.06662
8.37444	8.69219	9.04253
9.37228	9.73598	10.0762
10.4521	10.8061	11.1717
11.5716	11.9485	12.3566
12.7406	13.16	13.5559
13.9583	14.4001	14.8136
15.2677	15.6885	16.1125
16.5769	17.0116	17.4895
17.9356	18.4159	18.8693
19.3289	19.8248	20.29
20.7964	21.2677	21.74
22.2528	22.7329	23.2558
23.7449	24.276	24.7704
25.2669	25.8057	26.3052
26.8469	27.3535	27.8626
28.4144	28.934	29.4908
30.0098	30.5692	31.0942
31.6149	32.182	32.7094
33.2825	33.8151	34.3965
34.9345	35.4718	36.0507
36.5908	37.1756	37.7219
38.2711	38.8598	39.4062
40.0037	40.5548	41.1534
41.7098	42.2603	42.8591
43.4177	44.0204	44.5808
45.1498	45.7589	46.3195
46.9298	47.4983	48.1107
48.681	49.2512	49.864
50.4349	51.0592	51.6341
52.2568	52.8342	53.4092
54.0305	54.6111	55.2346
55.8123	56.4006	57.0292
57.6121	58.2412	58.8258
59.4564	60.0416	60.6288
61.2632	61.8508	62.4908
63.081	63.6716	64.3075
64.9001	65.5388	66.1325
66.774	67.3674	67.9658
68.6074	69.2039	69.8487
70.444	71.0448	71.69
72.2879	72.9307	73.5322
74.1853	74.7885	75.3926
76.0402	76.6396	77.2905
77.8954	78.5471	79.1488
79.7589	80.4133	81.0192
81.6717	82.2795	82.8888
83.5432	84.1502	84.8048
85.4139	86.0794	86.6893
87.2986	87.9583	88.5698
89.2262	89.8358	90.4487
91.1099	91.7288	92.3891
93.0042	93.6635	94.2772
94.8927	95.5545	96.1698
96.837	97.4522	98.1218
98.7362	99.3542	100.021
100.639	101.303	101.922
102.54	103.207	103.832
104.499	105.117	105.786
106.407	107.028	107.696
108.319	108.99	109.609
110.238	110.91	111.534
112.201	112.825	113.496
114.119	114.744	115.416
116.039	116.718	117.345
117.967	118.639	119.27
119.946	120.569	121.243
121.872	122.502	123.176
123.805	124.48	125.107
125.784	126.41	127.037
127.716	128.345	129.027
129.654	130.286	130.965
131.595	132.272	132.902
133.58	134.21	134.846
193.113	231.623	271.696
312.716	355.08	397.973
441.294	485.277	529.822
574.708	619.699	665.492
711.236	757.167	803.312
849.677	896.173	942.945
990.166	1037.03	1084.14
1131.35	1178.68	1225.96
1273.29	1321.28	1369.04
1416.72	1464.5	1512.38
1560.25	1608.17	1656.48
1704.51	1752.64	1800.85
1848.95	1897.21	1945.54
1994.2	2042.53	2090.89
2139.44	2187.92	2236.36
2284.87	2333.73	2382.37
2430.86	2479.4	2528.04
2576.78	2625.46	2674.43
2723.14	2771.9	2820.67
2869.4	2918.18	2967.19
3016.45	3065.19	3113.99
3162.91	3211.78	3260.61
3309.49	3358.87	3407.8
3456.69	3505.69	3554.7
3603.64	3652.6	3702.06
3751.21	3800.26	3849.08
3898.13	3947.26	3996.36
4045.77	4094.86	4144.04
4193.08	4242.13	4291.2
4340.37	4389.89	4439.03
4488.16	4537.32	4586.65
4635.8	4684.92	4734.55
4783.76	4832.95	4882.09
4931.35	4980.6	5029.89
5079.48	5128.71	5177.99
5227.26	5276.46	5325.74
5375.31	5424.94	5474.24
5523.49	5572.9	5622.12
5671.44	5720.73	5770.39
5819.74	5869.04	5918.37
5967.67	6017	6066.4
6116.11	6165.6	6214.96
6264.33	6313.67	6363.02
6412.48	6462.1	6511.46
6560.85	6610.37	6659.59
6709.03	6758.36	6808.18
6857.25	6906.58	6956.18
7005.63	7055.17	7104.5
7154.42	7203.75	7253.16
7302.5	7352.02	7401.49
7450.97	7500.67	7550.18
7599.56	7648.99	7698.43
7747.82	7797.52	7847.43
7896.76	7946.27	7995.67
8045.23	8094.67	8144.6
8193.99	8243.61	8292.92
8342.53	8391.97	8441.52
8491.26	8540.88	8590.42
8640.03	8689.37	8739
8788.45	8838.32	8887.78
8937.29	8986.9	9036.4
9085.85	9135.39	9175.61
9168.81	9162.91	9157.74
9153.25	9149.15	58.92
58.92	58.92	58.92
58.92	58.92	58.92
58.92	58.92	58.92
58.92	58.92	58.92
58.92	58.92	58.92
58.92	58.92	58.92
58.92	58.92	58.92
58.92	58.92	58.92
58.92	58.92	58.92
58.92	58.92	58.92
58.92	58.92	58.92
58.92	58.92	58.92
58.92	58.92	58.92
58.92	58.92	58.92
58.92	58.92	58.92
58.92	58.92	58.92
58.92	58.92	58.92
58.92	58.92	58.92
58.92	58.92	58.92
58.92	58.92	58.92
58.92	58.92	58.92
58.92	58.92	58.92
58.92	58.92	58.92
58.92	58.92	58.92
58.92	58.92	58.92
58.92	58.92	58.92
58.92	58.92	58.92
58.92	58.92	58.92
58.92	58.92	58.92
58.92	58.92	58.92
58.92	58.92	58.92
58.92	58.92	58.92
58.92	58.92	58.92
58.92	58.92	58.92
58.92	58.92	58.92
58.92	58.92	58.92
58.92	58.92	58.92
58.92	58.92	58.92
58.92	58.92	58.92
58.92	58.92	58.92
58.92	58.92	58.92
58.92	58.92	58.92
58.92	58.92	58.92
58.92	58.92	58.92
58.92	58.92	58.92
58.92	58.92	58.92
58.92	58.92	58.92
58.92	58.92	58.92
58.92	58.92	58.92
58.92	58.92	58.92
58.92	58.92	58.92
58.92	58.92	58.92
58.92	58.92	58.92
58.92	58.92	58.92
58.92	58.92	58.92
58.92	58.92	58.92
58.92	58.92	58.92
58.92	58.92	58.92
58.92	58.92	58.92
58.92	58.92	58.92
58.92	58.92	58.92
58.92	58.92	58.92
58.92	58.92	58.92
58.92	58.92	58.92
58.92	58.92	58.92
58.92	58.92	58.92
58.92	58.92	58.92
58.92	58.92	58.92
58.92	58.92	58.92
58.92	58.92	58.92
58.92	58.92	58.92
58.92	58.92	58.92
58.92	58.92	58.92
58.92	58.92	58.92
58.92	58.92	58.92
58.92	58.92	58.92
58.92	58.92	58.92
58.92	58.92	58.92
58.92	58.92	58.92
58.92	58.92	58.92
58.92	58.92	58.92
58.92	58.92	58.92
58.92	58.92	58.92
58.92	58.92	58.92
58.92	58.92	58.92
58.92	58.92	58.92
58.92	58.92	58.92
58.92	58.92	58.92
58.92	58.92	58.92
58.92	58.92	58.92
58.92	58.92	58.92
58.92	58.92	58.92
58.92	58.92	58.92
58.92	58.92	58.92
58.92	58.92	58.92
58.92	58.92	58.92
58.92	58.92	58.92
58.92	58.92	58.92
58.92	58.92	58.92
58.92	58.92	58.92
58.92	58.92	58.92
58.92	58.92	58.92
58.92	58.92	58.92
58.92	58.92	58.92
58.92	58.92	58.92
58.92	58.92	58.92
58.92	58.92	58.92
58.92	58.92	58.92
58.92	58.92	58.92
58.92	58.92	58.92
58.92	58.92	58.92
58.92	58.92	58.92
58.92	58.92	58.92
58.92	58.92	58.92
58.92	58.92	58.92
58.92	58.92	58.92
58.92	58.92	58.92
58.92	58.92	58.92
58.92	58.92	58.92
58.92	58.92	58.92
58.92	58.92	58.92
58.92	58.92	58.92
58.92	58.92	58.92
58.92	58.92	58.92
58.92	58.92	58.92
58.92	58.92	58.92
58.92	58.92	58.92
58.92	58.92	58.92
58.92	58.92	58.92
58.92	58.92	58.92
58.92	58.92	58.92
58.92	58.92	58.92
58.92	58.92	58.92
58.92	58.92	58.92
58.92	58.92	58.92
58.92	58.92	58.92
58.92	58.92	58.92
58.92	58.92	58.92
58.92	58.92	58.92
58.92	58.92	58.92
58.92	58.92	58.92
58.92	58.92	58.92
58.92	58.92	58.92
58.92	58.92	58.92
58.92	58.92	58.92
58.92	58.92	58.92
58.92	58.92	58.92
58.92	58.92	58.92
58.92	58.92	58.92
58.92	58.92	58.92
58.92	58.92	58.92
58.92	58.92	58.92
58.92	58.92	58.92
58.92	58.92	58.92
58.92	58.92	58.92
58.92	58.92	58.92
58.92	58.92	58.92
58.92	58.92	58.92
58.92	58.92	58.92
