0.06718	0.07111	0.07537
0.07933	0.08358	0.08748
0.09137	0.09555	0.09944
0.10371	0.10763	0.11182
0.11568	0.11952	0.12369
0.12753	0.13165	0.13544
0.13955	0.14333	0.14711
0.15118	0.15494	0.15897
0.16265	0.16632	0.1703
0.17391	0.17787	0.18149
0.18536	0.18894	0.19245
0.1962	0.19965	0.20334
0.20676	0.2102	0.21382
0.21711	0.22061	0.22382
0.22725	0.23042	0.23356
0.23688	0.23991	0.24317
0.24609	0.2492	0.25204
0.25487	0.25788	0.26061
0.26348	0.26608	0.26867
0.2714	0.2739	0.27657
0.27897	0.28148	0.28378
0.28603	0.28842	0.29062
0.29297	0.29504	0.29711
0.29927	0.30123	0.30334
0.30526	0.30727	0.30909
0.3109	0.31278	0.31451
0.31634	0.31798	0.31974
0.32134	0.32292	0.32458
0.32609	0.32769	0.32913
0.33057	0.33209	0.33347
0.33492	0.33627	0.33768
0.33897	0.34024	0.34157
0.3428	0.3441	0.34529
0.34646	0.3477	0.34882
0.35	0.35109	0.35227
0.35334	0.35438	0.35549
0.3565	0.35757	0.35854
0.35953	0.36056	0.36152
0.36252	0.36344	0.36441
0.36529	0.36618	0.36712
0.36798	0.3689	0.36973
0.37061	0.37143	0.37224
0.3731	0.37389	0.37473
0.37549	0.37626	0.37707
0.37781	0.37861	0.37934
0.38012	0.38081	0.3815
0.38225	0.38293	0.38366
0.38435	0.38501	0.38571
0.38636	0.38706	0.3877
0.38839	0.38901	0.38962
0.39028	0.39088	0.39154
0.39214	0.39277	0.39335
0.39393	0.39454	0.39512
0.39572	0.39627	0.39684
0.39742	0.39797	0.39855
0.39908	0.39965	0.40018
0.40069	0.40124	0.40176
0.40231	0.40281	0.40331
0.40384	0.40433	0.40486
0.40534	0.40586	0.40634
0.40682	0.40732	0.40779
0.40828	0.40873	0.4092
0.40969	0.41013	0.41061
0.41106	0.41153	0.41196
0.41239	0.41285	0.41329
0.41375	0.41417	0.41461
0.41503	0.41545	0.41589
0.4163	0.41672	0.41713
0.41753	0.41795	0.41835
0.41877	0.41916	0.41957
0.41996	0.42034	0.42075
0.42113	0.42153	0.42191
0.42228	0.42268	0.42304
0.42343	0.42379	0.42418
0.42454	0.4249	0.42528
0.42563	0.42601	0.42635
0.42672	0.42707	0.42742
0.42779	0.42812	0.42848
0.42881	0.42914	0.4295
0.42985	0.4302	0.43052
0.43087	0.43119	0.4315
0.43185	0.43217	0.43251
0.43282	0.43313	0.43347
0.43378	0.43411	0.43444
0.43476	0.43506	0.43536
0.43568	0.43598	0.43631
0.4366	0.4369	0.43721
0.4375	0.43781	0.43811
0.43843	0.43872	0.439
0.4393	0.4396	0.4399
0.44017	0.44048	0.44075
0.44103	0.44133	0.44161
0.4419	0.44218	0.44246
0.44275	0.44301	0.4433
0.44357	0.44385	0.44412
0.44439	0.5123	0.5166
0.5207	0.5244	0.528
0.5314	0.5345	0.5375
0.5404	0.5432	0.5458
0.5484	0.5508	0.5531
0.5554	0.5576	0.5597
0.5617	0.5637	0.5656
0.5674	0.5692	0.571
0.5727	0.5744	0.576
0.5776	0.5791	0.5807
0.5821	0.5836	0.585
0.5864	0.5877	0.5891
0.5904	0.5916	0.5929
0.5941	0.5954	0.5965
0.5977	0.5989	0.6
0.6011	0.6022	0.6033
0.6044	0.6054	0.6064
0.6075	0.6085	0.6095
0.6105	0.6114	0.6124
0.6133	0.6142	0.6151
0.6161	0.617	0.6178
0.6187	0.6196	0.6204
0.6213	0.6221	0.6229
0.6237	0.6246	0.6254
0.6262	0.6269	0.6277
0.6285	0.6293	0.63
0.6308	0.6315	0.6322
0.633	0.6337	0.6344
0.6351	0.6358	0.6365
0.6372	0.6379	0.6386
0.6392	0.6399	0.6406
0.6412	0.6419	0.6425
0.6432	0.6438	0.6444
0.6451	0.6457	0.6463
0.6469	0.6475	0.6482
0.6488	0.6493	0.6499
0.6505	0.6511	0.6517
0.6523	0.6529	0.6534
0.654	0.6546	0.6551
0.6557	0.6562	0.6568
0.6573	0.6579	0.6584
0.659	0.6595	0.66
0.6605	0.6611	0.6616
0.6621	0.6626	0.6631
0.6636	0.6642	0.6647
0.6652	0.6657	0.6662
0.6667	0.6671	0.6676
0.6681	0.6686	0.6691
0.6696	0.6701	0.6705
0.671	0.6715	0.6719
0.6724	0.6729	0.6733
0.6738	0.6743	0.6747
0.6752	0.6756	0.6761
0.6765	0.677	0.6774
0.6779	0.6783	0.6787
0.6792	0.6796	0.68
0.6805	0.6809	0.6813
0.6818	0.6822	0.6826
0.683	0.6834	0.6839
0.6843	0.6847	0.6847
0.6847	0.6847	0.6847
0.6846	0.27085	0.28898
0.30506	0.32037	0.34218
0.36734	0.39633	0.42543
0.45005	0.47356	0.49612
0.5256	0.55941	0.59253
0.6233	0.65852	0.69954
0.74388	0.79298	0.83631
0.87776	0.92346	0.97088
1.02939	1.09042	1.15396
1.21525	1.28493	1.3605
1.42949	1.50625	1.58382
1.6692	1.77148	1.86997
1.97616	2.07513	2.17986
2.29953	2.42045	2.56054
2.69539	2.84398	2.98424
3.12906	3.29442	3.45761
3.64426	3.82637	4.02732
4.21746	4.41112	4.63012
4.84213	5.08115	5.31424
5.55354	5.81423	6.06031
6.33348	6.5978	6.89234
7.17637	7.46832	7.78417
8.08359	8.41788	8.73565
9.05797	9.41412	9.74745
10.1145	10.4609	10.8453
11.2081	11.5815	11.9842
12.3626	12.7744	13.1685
13.594	13.9921	14.3972
14.8408	15.259	15.7208
16.1472	16.5761	17.0406
17.4778	17.9593	18.4045
18.8935	19.3516	19.8131
20.3129	20.7814	21.2856
21.7557	22.2333	22.7519
23.2338	23.7611	24.2512
24.7858	25.2771	25.7744
26.3146	26.8172	27.3648
27.8731	28.3819	28.9309
29.4519	30.0123	30.5327
31.0961	31.6183	32.1426
32.71	33.2407	33.8128
34.3466	34.9301	35.468
36.0045	36.5843	37.1257
37.7133	38.2595	38.8089
39.3978	39.9433	40.543
41.0977	41.6942	42.2502
42.8011	43.4024	43.9604
44.5641	45.1243	45.6933
46.302	46.8692	47.4753
48.0403	48.6555	49.2269
49.7964	50.412	50.9826
51.6059	52.1818	52.8021
53.38	53.9563	54.5778
55.1568	55.7833	56.3622
56.9505	57.577	58.1572
58.7867	59.3729	60.0056
60.5919	61.1796	61.8109
62.3962	63.0386	63.6317
64.223	64.8577	65.4503
66.0892	66.6817	67.3204
67.9134	68.5147	69.1583
69.7552	70.398	70.9958
71.5928	72.2366	72.8353
73.4806	74.0824	74.7382
75.3382	75.9389	76.5867
77.1894	77.8402	78.4436
79.0955	79.6967	80.3096
80.9628	81.5676	82.2219
82.828	83.4347	84.0882
84.6975	85.3523	85.9643
86.6284	87.2359	87.8474
88.5043	89.1141	89.7703
90.3806	90.9923	91.6551
92.2752	92.9335	93.5473
94.2083	94.8235	95.4385
96.103	96.7194	97.3823
97.9975	98.6674	99.2838
99.9008	100.567	101.185
101.85	102.468	103.085
103.751	104.379	105.043
105.664	106.333	106.951
107.572	108.243	108.863
109.533	110.156	110.785
111.454	112.075	112.744
113.366	114.039	114.664
115.286	115.957	116.58
117.259	117.884	118.511
119.187	119.813	120.485
121.109	121.783	122.409
123.041	123.714	124.343
125.019	125.647	126.322
126.949	127.577	128.254
128.881	129.566	130.197
130.824	131.502	132.131
132.807	133.438	134.117
134.747	135.384	534.137
578.977	624.046	669.8
715.553	761.492	807.701
854.053	900.606	947.369
994.609	1041.52	1088.61
1135.83	1183.15	1230.5
1277.94	1325.99	1373.56
1421.3	1469.03	1516.91
1564.86	1612.74	1661.04
1709.13	1757.3	1805.44
1853.6	1901.8	1950.17
1998.82	2047.14	2095.52
2144.09	2192.56	2240.99
2289.48	2338.37	2386.99
2435.45	2484.18	2532.68
2581.41	2630.03	2679.05
2727.78	2776.54	2825.31
2874	2922.82	2971.85
3021.08	3069.8	3118.63
3167.5	3216.41	3265.28
3314.19	3363.5	3412.4
3461.27	3510.31	3559.28
3608.28	3657.2	3706.6
3755.81	3804.85	3853.64
3902.69	3951.84	4000.96
4050.34	4099.46	4148.61
4197.73	4246.78	4295.9
4345.05	4394.57	4443.62
4492.73	4541.92	4591.17
4640.41	4689.51	4739.09
4788.32	4837.5	4886.64
4935.94	4985.15	5034.44
5084.02	5133.23	5182.5
5231.77	5280.94	5330.29
5379.85	5429.52	5478.74
5528.03	5577.39	5626.62
5675.89	5725.21	5774.91
5824.27	5873.52	5922.82
5972.22	6021.5	6070.83
6120.54	6170.13	6219.4
6268.69	6318.17	6367.45
6416.81	6466.49	6515.93
6565.26	6614.67	6664.05
6713.36	6762.83	6812.61
6861.85	6911.15	6960.71
7010.1	7059.56	7108.89
7158.7	7208.1	7257.55
7306.94	7356.31	7405.91
7455.25	7505.06	7554.41
7603.97	7653.34	7702.8
7752.17	7801.94	7851.7
7901.14	7950.51	8000.07
8049.5	8099.08	8148.8
8198.38	8247.85	8297.3
8346.73	8396.3	8445.8
8495.6	8545.07	8594.72
8644.26	8693.67	8743.13
8792.7	8842.68	8892.01
8941.62	8991.15	9040.74
9090.11	9139.7	9189.03
9188.12	9181.96	9175.93
9171.22	9167.11	60.53
60.53	60.53	60.53
60.53	60.53	60.53
60.53	60.53	60.53
60.53	60.53	60.53
60.53	60.53	60.53
60.53	60.53	60.53
60.53	60.53	60.53
60.53	60.53	60.53
60.53	60.53	60.53
60.53	60.53	60.53
60.53	60.53	60.53
60.53	60.53	60.53
60.53	60.53	60.53
60.53	60.53	60.53
60.53	60.53	60.53
60.53	60.53	60.53
60.53	60.53	60.53
60.53	60.53	60.53
60.53	60.53	60.53
60.53	60.53	60.53
60.53	60.53	60.53
60.53	60.53	60.53
60.53	60.53	60.53
60.53	60.53	60.53
60.53	60.53	60.53
60.53	60.53	60.53
60.53	60.53	60.53
60.53	60.53	60.53
60.53	60.53	60.53
60.53	60.53	60.53
60.53	60.53	60.53
60.53	60.53	60.53
60.53	60.53	60.53
60.53	60.53	60.53
60.53	60.53	60.53
60.53	60.53	60.53
60.53	60.53	60.53
60.53	60.53	60.53
60.53	60.53	60.53
60.53	60.53	60.53
60.53	60.53	60.53
60.53	60.53	60.53
60.53	60.53	60.53
60.53	60.53	60.53
60.53	60.53	60.53
60.53	60.53	60.53
60.53	60.53	60.53
60.53	60.53	60.53
60.53	60.53	60.53
60.53	60.53	60.53
60.53	60.53	60.53
60.53	60.53	60.53
60.53	60.53	60.53
60.53	60.53	60.53
60.53	60.53	60.53
60.53	60.53	60.53
60.53	60.53	60.53
60.53	60.53	60.53
60.53	60.53	60.53
60.53	60.53	60.53
60.53	60.53	60.53
60.53	60.53	60.53
60.53	60.53	60.53
60.53	60.53	60.53
60.53	60.53	60.53
60.53	60.53	60.53
60.53	60.53	60.53
60.53	60.53	60.53
60.53	60.53	60.53
60.53	60.53	60.53
60.53	60.53	60.53
60.53	60.53	60.53
60.53	60.53	60.53
60.53	60.53	60.53
60.53	60.53	60.53
60.53	60.53	60.53
60.53	60.53	60.53
60.53	60.53	60.53
60.53	60.53	60.53
60.53	60.53	60.53
60.53	60.53	60.53
60.53	60.53	60.53
60.53	60.53	60.53
60.53	60.53	60.53
60.53	60.53	60.53
60.53	60.53	60.53
60.53	60.53	60.53
60.53	60.53	60.53
60.53	60.53	60.53
60.53	60.53	60.53
60.53	60.53	60.53
60.53	60.53	60.53
60.53	60.53	60.53
60.53	60.53	60.53
60.53	60.53	60.53
60.53	60.53	60.53
60.53	60.53	60.53
60.53	60.53	60.53
60.53	60.53	60.53
60.53	60.53	60.53
60.53	60.53	60.53
60.53	60.53	60.53
60.53	60.53	60.53
60.53	60.53	60.53
60.53	60.53	60.53
60.53	60.53	60.53
60.53	60.53	60.53
60.53	60.53	60.53
60.53	60.53	60.53
60.53	60.53	60.53
60.53	60.53	60.53
60.53	60.53	60.53
60.53	60.53	60.53
60.53	60.53	60.53
60.53	60.53	60.53
60.53	60.53	60.53
60.53	60.53	60.53
60.53	60.53	60.53
60.53	60.53	60.53
60.53	60.53	60.53
60.53	60.53	60.53
60.53	60.53	60.53
60.53	60.53	60.53
60.53	60.53	60.53
60.53	60.53	60.53
60.53	60.53	60.53
60.53	60.53	60.53
60.53	60.53	60.53
60.53	60.53	60.53
60.53	60.53	60.53
60.53	60.53	60.53
60.53	60.53	60.53
60.53	60.53	60.53
60.53	60.53	60.53
60.53	60.53	60.53
60.53	60.53	60.53
60.53	60.53	60.53
60.53	60.53	60.53
60.53	60.53	60.53
60.53	60.53	60.53
60.53	60.53	60.53
60.53	60.53	60.53
60.53	60.53	60.53
60.53	60.53	60.53
60.53	60.53	60.53
60.53	60.53	60.53
60.53	60.53	60.53
60.53	60.53	60.53
60.53	60.53	60.53
60.53	60.53	60.53
60.53	60.53	60.53
60.53	60.53	60.53
60.53	60.53	60.53
60.53	60.53	60.53
60.53	60.53	60.53
60.53	60.53	60.53
