0.06719	0.07112	0.07533
0.07922	0.08344	0.08735
0.09129	0.09552	0.0994
0.10362	0.10752	0.11169
0.11553	0.11934	0.12346
0.1273	0.13144	0.13527
0.13939	0.14314	0.14686
0.15088	0.15461	0.15866
0.16237	0.16604	0.16994
0.17354	0.17747	0.18105
0.18489	0.18844	0.19196
0.19569	0.19912	0.20277
0.20614	0.20954	0.21314
0.2164	0.21989	0.22306
0.22645	0.22957	0.23267
0.23596	0.23897	0.24216
0.24506	0.24814	0.25099
0.25376	0.25668	0.25935
0.26219	0.26479	0.26738
0.27009	0.27253	0.27511
0.27746	0.27995	0.28224
0.28447	0.28683	0.289
0.29131	0.29338	0.29541
0.29756	0.29948	0.30154
0.30341	0.30541	0.30723
0.30902	0.31089	0.31258
0.31438	0.31603	0.31777
0.31936	0.3209	0.32253
0.32402	0.32561	0.32707
0.32849	0.33	0.33134
0.3328	0.33413	0.33552
0.33679	0.33804	0.33938
0.3406	0.34188	0.34308
0.34423	0.34544	0.34656
0.34775	0.34884	0.35001
0.35107	0.3521	0.35319
0.35419	0.35527	0.35625
0.35723	0.35825	0.35921
0.36019	0.3611	0.36207
0.36296	0.36385	0.36479
0.36564	0.36654	0.36737
0.36826	0.36908	0.36989
0.37074	0.37153	0.37236
0.37313	0.3739	0.37469
0.37542	0.37624	0.37696
0.37773	0.37844	0.37913
0.37988	0.38056	0.38129
0.38196	0.38263	0.38334
0.38399	0.38468	0.3853
0.38599	0.38661	0.38723
0.38788	0.3885	0.38915
0.38974	0.39037	0.39096
0.39153	0.39215	0.39273
0.39333	0.39389	0.39446
0.39504	0.39557	0.39616
0.3967	0.39727	0.39779
0.39832	0.39887	0.39938
0.39993	0.40043	0.40094
0.40147	0.40196	0.40249
0.40297	0.40348	0.40395
0.40443	0.40495	0.40542
0.40592	0.40637	0.40682
0.40731	0.40776	0.40824
0.40868	0.40917	0.40961
0.41003	0.41049	0.41092
0.41138	0.4118	0.41226
0.41267	0.41309	0.41353
0.41394	0.41438	0.41478
0.41518	0.41561	0.416
0.41642	0.41681	0.41724
0.41763	0.41801	0.41842
0.4188	0.4192	0.41957
0.41995	0.42035	0.42071
0.4211	0.42147	0.42186
0.42222	0.42258	0.42296
0.42332	0.4237	0.42404
0.42442	0.42476	0.42511
0.42547	0.42582	0.42618
0.42652	0.42684	0.4272
0.42754	0.42789	0.42822
0.42858	0.42889	0.42921
0.42956	0.42989	0.43023
0.43054	0.43087	0.4312
0.4315	0.43184	0.43215
0.43247	0.43278	0.43309
0.43341	0.4337	0.43404
0.43433	0.43462	0.43495
0.43525	0.43556	0.43585
0.43616	0.43646	0.43674
0.43705	0.43733	0.43763
0.43792	0.43823	0.43851
0.43879	0.43909	0.43937
0.43966	0.43994	0.44021
0.4405	0.44077	0.44106
0.44133	0.44162	0.44188
0.44216	0.5099	0.5142
0.5182	0.522	0.5255
0.5289	0.5321	0.5351
0.538	0.5407	0.5434
0.5459	0.5483	0.5507
0.5529	0.5551	0.5572
0.5592	0.5612	0.5631
0.565	0.5668	0.5685
0.5703	0.5719	0.5736
0.5752	0.5767	0.5782
0.5797	0.5811	0.5826
0.584	0.5853	0.5866
0.588	0.5892	0.5905
0.5917	0.593	0.5942
0.5953	0.5965	0.5976
0.5987	0.5998	0.6009
0.602	0.603	0.6041
0.6051	0.6061	0.6071
0.6081	0.6091	0.61
0.611	0.6119	0.6128
0.6137	0.6146	0.6155
0.6164	0.6172	0.6181
0.619	0.6198	0.6206
0.6214	0.6223	0.6231
0.6239	0.6246	0.6254
0.6262	0.627	0.6277
0.6285	0.6292	0.63
0.6307	0.6314	0.6321
0.6328	0.6335	0.6342
0.6349	0.6356	0.6363
0.637	0.6377	0.6383
0.639	0.6396	0.6403
0.6409	0.6416	0.6422
0.6429	0.6435	0.6441
0.6447	0.6453	0.6459
0.6466	0.6471	0.6477
0.6483	0.6489	0.6495
0.6501	0.6507	0.6512
0.6518	0.6524	0.6529
0.6535	0.6541	0.6546
0.6552	0.6557	0.6562
0.6568	0.6573	0.6579
0.6584	0.6589	0.6595
0.66	0.6605	0.661
0.6615	0.662	0.6625
0.663	0.6636	0.6641
0.6646	0.665	0.6655
0.666	0.6665	0.667
0.6675	0.668	0.6684
0.6689	0.6694	0.6699
0.6703	0.6708	0.6713
0.6717	0.6722	0.6727
0.6731	0.6736	0.674
0.6745	0.6749	0.6754
0.6758	0.6763	0.6767
0.6771	0.6776	0.678
0.6784	0.6789	0.6793
0.6797	0.6802	0.6806
0.681	0.6814	0.6818
0.6823	0.6826	0.6826
0.6826	0.6825	0.6825
0.6825	0.26685	0.28614
0.31326	0.34003	0.36681
0.38808	0.4071	0.42941
0.45535	0.4905	0.51503
0.54731	0.58412	0.62277
0.66243	0.69751	0.73304
0.76968	0.81606	0.86627
0.91989	0.97483	1.02501
1.08044	1.13491	1.19682
1.27206	1.34538	1.42508
1.50043	1.58155	1.66095
1.74968	1.85312	1.9554
2.06972	2.17667	2.28637
2.41043	2.53395	2.67797
2.81814	2.9745	3.12254
3.27274	3.44288	3.61148
3.80597	3.99355	4.19995
4.38688	4.59187	4.82373
5.04569	5.29197	5.52235
5.76153	6.02703	6.28287
6.56986	6.84328	7.14219
7.42964	7.72217	8.04572
8.34847	8.6859	9.00608
9.33286	9.69465	10.0355
10.4132	10.766	11.1511
11.5133	11.888	12.298
12.6813	13.1002	13.4914
13.9194	14.3233	14.7339
15.1832	15.6025	16.0646
16.4921	16.921	17.3912
17.8352	18.3145	18.765
19.2549	19.7147	20.1808
20.6814	21.1493	21.6552
22.1281	22.6074	23.1289
23.6135	24.1409	24.6286
25.164	25.6593	26.158
26.7006	27.2045	27.7512
28.259	28.7676	29.3204
29.8452	30.4057	30.9255
31.4861	32.0089	32.5341
33.1031	33.6348	34.2094
34.7435	35.3252	35.862
36.3997	36.9799	37.525
38.1139	38.6546	39.2031
39.7947	40.3441	40.9464
41.4964	42.0932	42.6469
43.1982	43.8023	44.3631
44.9647	45.5247	46.0938
46.701	47.2667	47.8775
48.4449	49.0575	49.6258
50.1961	50.811	51.3843
52.0121	52.5862	53.2055
53.78	54.3576	54.9785
55.5583	56.1828	56.7621
57.3517	57.9811	58.5621
59.1901	59.7737	60.4059
60.9918	61.5793	62.2113
62.7987	63.4435	64.0342
64.6215	65.2558	65.8499
66.4884	67.0819	67.7219
68.3158	68.9146	69.5573
70.1537	70.7957	71.3932
71.993	72.6374	73.2337
73.8783	74.4817	75.1356
75.7361	76.3375	76.9866
77.5863	78.2366	78.84
79.4918	80.0958	80.7098
81.3617	81.9626	82.6153
83.2234	83.8308	84.4853
85.0959	85.7518	86.359
87.0193	87.6304	88.2399
88.8978	89.5076	90.1626
90.7742	91.3863	92.0481
92.6676	93.3267	93.9396
94.6006	95.2125	95.827
96.4898	97.1068	97.7709
98.3861	99.0581	99.6745
100.289	100.954	101.57
102.234	102.855	103.475
104.137	104.763	105.429
106.048	106.716	107.338
107.961	108.629	109.247
109.916	110.537	111.166
111.838	112.459	113.128
113.75	114.422	115.044
115.669	116.342	116.965
117.642	118.265	118.889
119.564	120.192	120.864
121.488	122.161	122.788
123.421	124.096	124.725
125.398	126.024	126.698
127.325	127.954	128.631
129.256	129.941	130.571
131.199	131.876	132.505
133.181	133.813	134.49
135.12	135.757	537.045
581.884	626.966	672.8
718.472	764.49	810.662
856.987	903.549	950.35
997.544	1044.45	1091.54
1138.75	1186.07	1233.44
1280.87	1328.97	1376.59
1424.21	1471.99	1519.89
1567.78	1615.65	1663.95
1711.98	1760.18	1808.33
1856.42	1904.75	1953.02
2001.69	2050.04	2098.4
2146.97	2195.43	2243.87
2292.33	2341.22	2389.85
2438.33	2486.99	2535.65
2584.35	2632.91	2681.91
2730.59	2779.36	2828.12
2876.86	2925.62	2974.65
3023.87	3072.62	3121.43
3170.31	3219.16	3268.04
3316.94	3366.32	3415.26
3464.13	3513.09	3562.04
3611.03	3659.95	3709.36
3758.54	3807.61	3856.39
3905.46	3954.55	4003.72
4053.1	4102.2	4151.35
4200.47	4249.48	4298.62
4347.73	4397.28	4446.33
4495.48	4544.62	4593.86
4643.06	4692.16	4741.75
4790.98	4840.17	4889.33
4938.57	4987.79	5037.07
5086.64	5135.92	5185.12
5234.38	5283.56	5332.9
5382.44	5432.12	5481.33
5530.65	5580	5629.31
5678.49	5727.77	5777.45
5826.81	5876.05	5925.45
5974.76	6024.04	6073.39
6123.19	6172.61	6221.97
6271.31	6320.72	6370.02
6419.43	6469.13	6518.4
6567.82	6617.26	6666.57
6715.94	6765.35	6815.16
6864.28	6913.74	6963.25
7012.76	7062.11	7111.54
7161.24	7210.73	7260.03
7309.39	7358.89	7408.34
7457.85	7507.47	7556.96
7606.42	7655.89	7705.23
7754.73	7804.3	7854.2
7903.55	7953.08	8002.47
8052.03	8101.42	8151.29
8200.81	8250.31	8299.66
8349.25	8398.69	8448.31
8498.05	8547.52	8597.22
8646.69	8696.14	8745.56
8795.16	8844.98	8894.47
8943.96	8993.61	9043
9092.54	9141.98	9181.31
9174.47	9168.58	9163.56
9158.98	9154.85	62.06
62.06	62.06	62.06
62.06	62.06	62.06
62.06	62.06	62.06
62.06	62.06	62.06
62.06	62.06	62.06
62.06	62.06	62.06
62.06	62.06	62.06
62.06	62.06	62.06
62.06	62.06	62.06
62.06	62.06	62.06
62.06	62.06	62.06
62.06	62.06	62.06
62.06	62.06	62.06
62.06	62.06	62.06
62.06	62.06	62.06
62.06	62.06	62.06
62.06	62.06	62.06
62.06	62.06	62.06
62.06	62.06	62.06
62.06	62.06	62.06
62.06	62.06	62.06
62.06	62.06	62.06
62.06	62.06	62.06
62.06	62.06	62.06
62.06	62.06	62.06
62.06	62.06	62.06
62.06	62.06	62.06
62.06	62.06	62.06
62.06	62.06	62.06
62.06	62.06	62.06
62.06	62.06	62.06
62.06	62.06	62.06
62.06	62.06	62.06
62.06	62.06	62.06
62.06	62.06	62.06
62.06	62.06	62.06
62.06	62.06	62.06
62.06	62.06	62.06
62.06	62.06	62.06
62.06	62.06	62.06
62.06	62.06	62.06
62.06	62.06	62.06
62.06	62.06	62.06
62.06	62.06	62.06
62.06	62.06	62.06
62.06	62.06	62.06
62.06	62.06	62.06
62.06	62.06	62.06
62.06	62.06	62.06
62.06	62.06	62.06
62.06	62.06	62.06
62.06	62.06	62.06
62.06	62.06	62.06
62.06	62.06	62.06
62.06	62.06	62.06
62.06	62.06	62.06
62.06	62.06	62.06
62.06	62.06	62.06
62.06	62.06	62.06
62.06	62.06	62.06
62.06	62.06	62.06
62.06	62.06	62.06
62.06	62.06	62.06
62.06	62.06	62.06
62.06	62.06	62.06
62.06	62.06	62.06
62.06	62.06	62.06
62.06	62.06	62.06
62.06	62.06	62.06
62.06	62.06	62.06
62.06	62.06	62.06
62.06	62.06	62.06
62.06	62.06	62.06
62.06	62.06	62.06
62.06	62.06	62.06
62.06	62.06	62.06
62.06	62.06	62.06
62.06	62.06	62.06
62.06	62.06	62.06
62.06	62.06	62.06
62.06	62.06	62.06
62.06	62.06	62.06
62.06	62.06	62.06
62.06	62.06	62.06
62.06	62.06	62.06
62.06	62.06	62.06
62.06	62.06	62.06
62.06	62.06	62.06
62.06	62.06	62.06
62.06	62.06	62.06
62.06	62.06	62.06
62.06	62.06	62.06
62.06	62.06	62.06
62.06	62.06	62.06
62.06	62.06	62.06
62.06	62.06	62.06
62.06	62.06	62.06
62.06	62.06	62.06
62.06	62.06	62.06
62.06	62.06	62.06
62.06	62.06	62.06
62.06	62.06	62.06
62.06	62.06	62.06
62.06	62.06	62.06
62.06	62.06	62.06
62.06	62.06	62.06
62.06	62.06	62.06
62.06	62.06	62.06
62.06	62.06	62.06
62.06	62.06	62.06
62.06	62.06	62.06
62.06	62.06	62.06
62.06	62.06	62.06
62.06	62.06	62.06
62.06	62.06	62.06
62.06	62.06	62.06
62.06	62.06	62.06
62.06	62.06	62.06
62.06	62.06	62.06
62.06	62.06	62.06
62.06	62.06	62.06
62.06	62.06	62.06
62.06	62.06	62.06
62.06	62.06	62.06
62.06	62.06	62.06
62.06	62.06	62.06
62.06	62.06	62.06
62.06	62.06	62.06
62.06	62.06	62.06
62.06	62.06	62.06
62.06	62.06	62.06
62.06	62.06	62.06
62.06	62.06	62.06
62.06	62.06	62.06
62.06	62.06	62.06
62.06	62.06	62.06
62.06	62.06	62.06
62.06	62.06	62.06
62.06	62.06	62.06
62.06	62.06	62.06
62.06	62.06	62.06
62.06	62.06	62.06
62.06	62.06	62.06
62.06	62.06	62.06
62.06	62.06	62.06
62.06	62.06	62.06
62.06	62.06	62.06
62.06	62.06	62.06
62.06	62.06	62.06
62.06	62.06	62.06
62.06	62.06	62.06
62.06	62.06	62.06
62.06	62.06	62.06
62.06	62.06	62.06
62.06	62.06	62.06
62.06	62.06	62.06
