0.17259	0.17649	0.18001
0.18374	0.18718	0.1906
0.19428	0.19765	0.20127
0.20458	0.20789	0.21135
0.2145	0.21789	0.221
0.22431	0.22737	0.23038
0.23355	0.23644	0.23956
0.24235	0.24532	0.24804
0.25072	0.25357	0.25618
0.25892	0.26141	0.26386
0.26645	0.26881	0.27133
0.27358	0.27599	0.27821
0.28037	0.28264	0.28469
0.28689	0.28888	0.29085
0.29293	0.2948	0.29679
0.29859	0.30049	0.30223
0.30396	0.30578	0.30743
0.30917	0.31076	0.31242
0.31395	0.31545	0.31705
0.3185	0.32005	0.32144
0.32281	0.32425	0.32557
0.327	0.32829	0.32964
0.33089	0.33211	0.33339
0.33458	0.33584	0.33699
0.33812	0.33931	0.34039
0.34156	0.34264	0.34378
0.34481	0.34582	0.34689
0.34787	0.34892	0.34989
0.35084	0.35185	0.35277
0.35376	0.35464	0.35559
0.35646	0.35733	0.35825
0.3591	0.35999	0.3608
0.36168	0.36248	0.36328
0.36413	0.3649	0.36572
0.36647	0.36721	0.368
0.36873	0.36952	0.37023
0.37099	0.3717	0.37237
0.3731	0.37378	0.3745
0.37517	0.37585	0.37655
0.37718	0.37787	0.37849
0.37917	0.3798	0.38041
0.38106	0.38165	0.38229
0.38289	0.38352	0.3841
0.38468	0.38528	0.38584
0.38644	0.38699	0.38755
0.38814	0.38868	0.38925
0.38978	0.39036	0.39088
0.39139	0.39194	0.39246
0.393	0.3935	0.394
0.39453	0.39501	0.39554
0.39602	0.39654	0.39702
0.39749	0.398	0.39846
0.39896	0.39941	0.39986
0.40035	0.4008	0.40128
0.40173	0.4022	0.40262
0.40306	0.40352	0.40394
0.4044	0.40483	0.40528
0.40569	0.40611	0.40655
0.40696	0.40739	0.4078
0.40819	0.40862	0.40903
0.40945	0.40984	0.41025
0.41064	0.41102	0.41143
0.41181	0.41222	0.41259
0.41296	0.41337	0.41374
0.41413	0.4145	0.41488
0.41524	0.4156	0.41598
0.41633	0.41671	0.41706
0.41744	0.41778	0.41812
0.41849	0.41884	0.4192
0.41954	0.41987	0.42024
0.42057	0.42092	0.42125
0.4216	0.42192	0.42225
0.4226	0.42292	0.42326
0.42358	0.42389	0.42423
0.42455	0.42487	0.42519
0.42552	0.42583	0.42613
0.42646	0.42676	0.42708
0.42738	0.42769	0.428
0.42829	0.42861	0.4289
0.42921	0.4295	0.42981
0.43011	0.43039	0.4307
0.43098	0.43129	0.43158
0.43185	0.43215	0.43243
0.43273	0.433	0.43327
0.43357	0.43384	0.43414
0.43441	0.4347	0.43496
0.43523	0.5046	0.5089
0.513	0.5168	0.5204
0.5247	0.5279	0.5309
0.5338	0.5365	0.5392
0.5417	0.5441	0.5465
0.5487	0.5509	0.553
0.555	0.557	0.5589
0.5608	0.5626	0.5643
0.566	0.5677	0.5693
0.5709	0.5725	0.574
0.5755	0.5769	0.5783
0.5797	0.5811	0.5824
0.5837	0.585	0.5863
0.5875	0.5887	0.5899
0.5911	0.5923	0.5934
0.5945	0.5956	0.5967
0.5978	0.5989	0.5999
0.6009	0.6019	0.6029
0.6039	0.6049	0.6059
0.6068	0.6077	0.6087
0.6096	0.6105	0.6114
0.6122	0.6131	0.614
0.6148	0.6157	0.6165
0.6173	0.6181	0.619
0.6198	0.6205	0.6213
0.6221	0.6229	0.6236
0.6244	0.6252	0.6259
0.6266	0.6274	0.6281
0.6288	0.6295	0.6302
0.6309	0.6316	0.6323
0.633	0.6336	0.6343
0.635	0.6356	0.6363
0.6369	0.6376	0.6382
0.6389	0.6395	0.6401
0.6407	0.6414	0.642
0.6426	0.6432	0.6438
0.6444	0.645	0.6456
0.6462	0.6468	0.6473
0.6479	0.6485	0.6491
0.6496	0.6502	0.6507
0.6513	0.6518	0.6524
0.6529	0.6535	0.654
0.6545	0.6551	0.6556
0.6561	0.6567	0.6572
0.6577	0.6582	0.6587
0.6592	0.6597	0.6603
0.6608	0.6613	0.6617
0.6622	0.6627	0.6632
0.6637	0.6642	0.6647
0.6652	0.6656	0.6661
0.6666	0.6671	0.6675
0.668	0.6685	0.6689
0.6694	0.6699	0.6703
0.6708	0.6712	0.6717
0.6721	0.6726	0.673
0.6735	0.6739	0.6743
0.6748	0.6752	0.6757
0.6761	0.6765	0.677
0.6774	0.6778	0.6782
0.6787	0.6789	0.6788
0.6788	0.6788	0.6788
0.6788	1.49758	1.58302
1.66895	1.772	1.8719
1.9726	2.08071	2.19162
2.30992	2.42745	2.55595
2.7024	2.84516	3.00074
3.15038	3.31801	3.47813
3.64351	3.83563	4.02322
4.22737	4.42844	4.65531
4.86934	5.08706	5.32945
5.56029	5.82162	6.07382
6.33607	6.62225	6.89077
7.18785	7.48114	7.791
8.09025	8.39466	8.73311
9.05692	9.41623	9.74923
10.0872	10.4571	10.8075
11.1971	11.5657	11.9671
12.3431	12.727	13.1424
13.5331	13.9643	14.3702
14.8112	15.2258	15.6431
16.0968	16.5219	16.9924
17.4311	17.8736	18.3522
18.8	19.2874	19.7417
20.2382	20.7044	21.1763
21.6835	22.156	22.6683
23.1457	23.6317	24.1588
24.6467	25.1763	25.6688
26.2103	26.7104	27.2146
27.7605	28.2665	28.8138
29.3266	29.8431	30.4004
30.923	31.4846	32.0098
32.5767	33.1017	33.6291
34.1994	34.7324	35.3113
35.8476	36.4326	36.9717
37.5118	38.0959	38.6384
39.2301	39.7765	40.3278
40.9228	41.4683	42.0716
42.6255	43.2233	43.7817
44.3359	44.9375	45.4968
46.1011	46.6652	47.2347
47.8448	48.4115	49.0223
49.5894	50.2041	50.7727
51.3457	51.9627	52.5376
53.164	53.7346	54.3542
54.934	55.5131	56.1347
56.7156	57.3411	57.9201
58.5097	59.1378	59.7212
60.3519	60.937	61.5685
62.1538	62.7418	63.3775
63.9644	64.6049	65.1945
65.7866	66.4245	67.0186
67.6541	68.2471	68.8882
69.4846	70.0823	70.7244
71.3207	71.965	72.5633
73.1623	73.8062	74.4073
75.0516	75.6518	76.3052
76.908	77.511	78.1568
78.7571	79.4089	80.013
80.6655	81.2698	81.8799
82.5315	83.1368	83.7893
84.3953	85.005	85.6633
86.2687	86.9223	87.5314
88.195	88.8045	89.414
90.0707	90.68	91.3383
91.9526	92.5631	93.2223
93.84	94.5001	95.1135
95.7736	96.3878	97.0045
97.6663	98.2827	98.9461
99.5621	100.232	100.846
101.462	102.126	102.744
103.409	104.026	104.643
105.309	105.937	106.602
107.222	107.892	108.51
109.129	109.798	110.42
111.09	111.71	112.338
113.007	113.628	114.299
114.922	115.594	116.216
116.839	117.51	118.131
118.811	119.44	120.063
120.735	121.362	122.035
122.658	123.331	123.959
124.59	125.264	125.892
126.565	127.19	127.867
128.493	129.12	129.797
130.427	131.111	131.737
132.365	133.041	133.672
134.348	134.977	135.655
136.285	136.923	543.402
588.173	633.239	679.019
724.665	769.541	815.702
862.037	908.596	955.4
1002.58	1049.54	1096.6
1143.8	1191.17	1238.51
1285.97	1334.03	1381.66
1429.34	1477.14	1524.94
1572.86	1620.75	1669.06
1717.1	1765.28	1813.41
1861.56	1909.82	1958.15
2006.82	2055.08	2103.47
2152.02	2200.45	2248.93
2297.42	2346.3	2394.86
2443.35	2492.05	2540.69
2589.36	2637.94	2687.07
2735.75	2784.37	2833.15
2881.8	2930.58	2979.59
3028.85	3077.57	3126.35
3175.28	3224.14	3273
3321.91	3371.26	3420.18
3469.04	3517.97	3566.92
3616.01	3664.87	3714.31
3763.45	3812.52	3861.3
3910.33	3959.48	4008.57
4057.96	4107.06	4156.24
4205.31	4254.35	4303.5
4352.57	4402.14	4451.21
4500.38	4549.67	4598.86
4647.94	4697.1	4746.68
4795.8	4845.01	4894.11
4943.35	4992.56	5041.86
5091.42	5140.66	5189.86
5239.16	5288.33	5337.65
5387.21	5436.86	5486.08
5535.37	5584.69	5634.02
5683.21	5732.49	5782.2
5831.52	5880.82	5930.07
5979.46	6028.75	6078.05
6127.74	6177.25	6226.7
6275.9	6325.29	6374.72
6424.05	6473.66	6523
6572.49	6621.81	6671.15
6720.6	6769.88	6819.73
6868.79	6918.32	6967.76
7017.17	7066.62	7116.01
7165.8	7215.23	7264.63
7314.02	7363.51	7412.88
7462.37	7512	7561.45
7610.86	7660.41	7709.71
7759.19	7808.76	7858.69
7907.99	7957.53	8006.88
8056.45	8105.85	8155.76
8205.19	8254.8	8304.07
8353.67	8403.09	8452.67
8502.4	8551.97	8601.5
8651.12	8700.48	8750.01
8799.44	8849.31	8898.82
8948.32	8997.84	9047.36
9096.81	9146.33	9169.41
9162.78	9157.2	9152.21
9147.78	9143.7	65.18
65.18	65.18	65.18
65.18	65.18	65.18
65.18	65.18	65.18
65.18	65.18	65.18
65.18	65.18	65.18
65.18	65.18	65.18
65.18	65.18	65.18
65.18	65.18	65.18
65.18	65.18	65.18
65.18	65.18	65.18
65.18	65.18	65.18
65.18	65.18	65.18
65.18	65.18	65.18
65.18	65.18	65.18
65.18	65.18	65.18
65.18	65.18	65.18
65.18	65.18	65.18
65.18	65.18	65.18
65.18	65.18	65.18
65.18	65.18	65.18
65.18	65.18	65.18
65.18	65.18	65.18
65.18	65.18	65.18
65.18	65.18	65.18
65.18	65.18	65.18
65.18	65.18	65.18
65.18	65.18	65.18
65.18	65.18	65.18
65.18	65.18	65.18
65.18	65.18	65.18
65.18	65.18	65.18
65.18	65.18	65.18
65.18	65.18	65.18
65.18	65.18	65.18
65.18	65.18	65.18
65.18	65.18	65.18
65.18	65.18	65.18
65.18	65.18	65.18
65.18	65.18	65.18
65.18	65.18	65.18
65.18	65.18	65.18
65.18	65.18	65.18
65.18	65.18	65.18
65.18	65.18	65.18
65.18	65.18	65.18
65.18	65.18	65.18
65.18	65.18	65.18
65.18	65.18	65.18
65.18	65.18	65.18
65.18	65.18	65.18
65.18	65.18	65.18
65.18	65.18	65.18
65.18	65.18	65.18
65.18	65.18	65.18
65.18	65.18	65.18
65.18	65.18	65.18
65.18	65.18	65.18
65.18	65.18	65.18
65.18	65.18	65.18
65.18	65.18	65.18
65.18	65.18	65.18
65.18	65.18	65.18
65.18	65.18	65.18
65.18	65.18	65.18
65.18	65.18	65.18
65.18	65.18	65.18
65.18	65.18	65.18
65.18	65.18	65.18
65.18	65.18	65.18
65.18	65.18	65.18
65.18	65.18	65.18
65.18	65.18	65.18
65.18	65.18	65.18
65.18	65.18	65.18
65.18	65.18	65.18
65.18	65.18	65.18
65.18	65.18	65.18
65.18	65.18	65.18
65.18	65.18	65.18
65.18	65.18	65.18
65.18	65.18	65.18
65.18	65.18	65.18
65.18	65.18	65.18
65.18	65.18	65.18
65.18	65.18	65.18
65.18	65.18	65.18
65.18	65.18	65.18
65.18	65.18	65.18
65.18	65.18	65.18
65.18	65.18	65.18
65.18	65.18	65.18
65.18	65.18	65.18
65.18	65.18	65.18
65.18	65.18	65.18
65.18	65.18	65.18
65.18	65.18	65.18
65.18	65.18	65.18
65.18	65.18	65.18
65.18	65.18	65.18
65.18	65.18	65.18
65.18	65.18	65.18
65.18	65.18	65.18
65.18	65.18	65.18
65.18	65.18	65.18
65.18	65.18	65.18
65.18	65.18	65.18
65.18	65.18	65.18
65.18	65.18	65.18
65.18	65.18	65.18
65.18	65.18	65.18
65.18	65.18	65.18
65.18	65.18	65.18
65.18	65.18	65.18
65.18	65.18	65.18
65.18	65.18	65.18
65.18	65.18	65.18
65.18	65.18	65.18
65.18	65.18	65.18
65.18	65.18	65.18
65.18	65.18	65.18
65.18	65.18	65.18
65.18	65.18	65.18
65.18	65.18	65.18
65.18	65.18	65.18
65.18	65.18	65.18
65.18	65.18	65.18
65.18	65.18	65.18
65.18	65.18	65.18
65.18	65.18	65.18
65.18	65.18	65.18
65.18	65.18	65.18
65.18	65.18	65.18
65.18	65.18	65.18
65.18	65.18	65.18
65.18	65.18	65.18
65.18	65.18	65.18
65.18	65.18	65.18
65.18	65.18	65.18
65.18	65.18	65.18
65.18	65.18	65.18
65.18	65.18	65.18
65.18	65.18	65.18
65.18	65.18	65.18
65.18	65.18	65.18
65.18	65.18	65.18
65.18	65.18	65.18
65.18	65.18	65.18
