0.00983	0.01602	0.02223
0.02874	0.0349	0.041
0.04715	0.0533	0.05947
0.06601	0.07217	0.07831
0.08444	0.09055	0.0967
0.10321	0.10939	0.11556
0.12167	0.12784	0.13397
0.14041	0.14652	0.15263
0.15876	0.16493	0.17106
0.17717	0.18359	0.18964
0.19573	0.20182	0.20786
0.21393	0.22032	0.22637
0.23237	0.23831	0.24427
0.25019	0.25638	0.26234
0.26819	0.27398	0.27973
0.2854	0.29132	0.29698
0.30252	0.308	0.31338
0.31866	0.32412	0.32926
0.33429	0.33923	0.34405
0.34874	0.3535	0.3579
0.36224	0.36643	0.37049
0.37444	0.37824	0.38207
0.38562	0.38903	0.39235
0.39555	0.39864	0.40173
0.40459	0.40737	0.41005
0.41263	0.41514	0.41766
0.41998	0.42225	0.42443
0.42656	0.42862	0.43072
0.43263	0.43452	0.43635
0.43812	0.43983	0.44158
0.44323	0.44483	0.44638
0.4479	0.44936	0.45088
0.45226	0.45363	0.45498
0.45628	0.45756	0.45881
0.46009	0.46128	0.46246
0.46361	0.46473	0.46584
0.46698	0.46804	0.46908
0.47009	0.4711	0.47209
0.4731	0.47405	0.47498
0.47591	0.4768	0.4777
0.47861	0.47947	0.48032
0.48115	0.48197	0.48277
0.4836	0.48439	0.48517
0.48592	0.48666	0.4874
0.48818	0.48889	0.4896
0.4903	0.49099	0.49167
0.49235	0.49304	0.49369
0.49434	0.49498	0.49561
0.49624	0.49688	0.49748
0.49809	0.49868	0.49927
0.49985	0.50045	0.50101
0.50157	0.50212	0.50268
0.50323	0.50379	0.50432
0.50485	0.50537	0.50588
0.5064	0.50693	0.50742
0.50792	0.50841	0.50891
0.50939	0.5099	0.51037
0.51083	0.51129	0.51175
0.5122	0.51266	0.51314
0.51357	0.514	0.51444
0.51488	0.5153	0.51575
0.51617	0.51658	0.51699
0.5174	0.51781	0.51823
0.51863	0.51903	0.51942
0.51981	0.52019	0.5206
0.52098	0.52136	0.52174
0.52212	0.52248	0.5457
0.5546	0.5624	0.5693
0.5754	0.581	0.586
0.5907	0.595	0.599
0.6027	0.6062	0.6095
0.6125	0.6154	0.6182
0.6209	0.6234	0.6258
0.6281	0.6302	0.6324
0.6344	0.6364	0.6383
0.6401	0.6419	0.6436
0.6452	0.6468	0.6484
0.6499	0.6514	0.6528
0.6543	0.6556	0.657
0.6583	0.6595	0.6608
0.662	0.6632	0.6644
0.6655	0.6666	0.6677
0.6688	0.6699	0.6709
0.6719	0.6729	0.6739
0.6749	0.6758	0.6768
0.6777	0.6786	0.6795
0.6804	0.6812	0.6821
0.6829	0.6837	0.6846
0.6854	0.6862	0.6869
0.6877	0.6885	0.6893
0.69	0.6907	0.6915
0.6922	0.6929	0.6936
0.6943	0.695	0.6957
0.6963	0.697	0.6977
0.6983	0.699	0.6996
0.7002	0.7008	0.7015
0.7021	0.7027	0.7033
0.7039	0.7045	0.7051
0.7056	0.7062	0.7068
0.7074	0.7079	0.7085
0.709	0.7096	0.7101
0.7107	0.7112	0.7117
0.7122	0.7128	0.7133
0.7138	0.7143	0.7148
0.7153	0.7158	0.7163
0.7168	0.7173	0.7177
0.7182	0.7187	0.7192
0.7196	0.7201	0.7206
0.721	0.7215	0.7219
0.7224	0.7228	0.7233
0.7237	0.7242	0.7246
0.7251	0.7255	0.7259
0.7263	0.7268	0.7272
0.7276	0.728	0.7284
0.7289	0.7293	0.7297
0.7301	0.7305	0.7309
0.7313	0.7317	0.7321
0.7324	0.7328	0.7332
0.7336	0.734	0.7344
0.7348	0.7351	0.7355
0.7359	0.7363	0.7366
0.737	0.7374	0.7377
0.7381	0.7385	0.7388
0.7392	0.7395	0.7399
0.7402	0.7406	0.741
0.7413	0.7417	0.742
0.7423	0.7427	0.743
0.7434	0.7437	0.744
0.7444	0.7445	0.7444
0.7444	0.7443	0.04082
0.04919	0.0579	0.06825
0.08315	0.10264	0.12125
0.13618	0.14535	0.15458
0.1666	0.18224	0.20267
0.22238	0.23706	0.24856
0.25757	0.27071	0.28992
0.30316	0.32309	0.34677
0.36963	0.3877	0.40185
0.41512	0.43363	0.45831
0.48778	0.51533	0.54011
0.56547	0.59578	0.62351
0.65259	0.68273	0.72121
0.76717	0.81642	0.86725
0.91865	0.97144	1.02987
1.09992	1.18005	1.26756
1.36484	1.46229	1.56728
1.68379	1.81916	1.9683
2.1393	2.3145	2.50069
2.70137	2.92191	3.16451
3.44044	3.7235	4.02755
4.34352	4.68129	5.04142
5.42705	5.85396	6.28524
6.73065	7.19272	7.67655
8.18096	8.73591	9.28122
9.83929	10.4122	11.0013
11.6076	12.2637	12.9018
13.5552	14.2167	14.8876
15.5714	16.3034	17.0132
17.7331	18.4598	19.1996
19.9457	20.7366	21.4963
22.2687	23.042	23.8231
24.6121	25.4492	26.252
27.0591	27.8742	28.689
29.5092	30.3328	31.2075
32.0452	32.8921	33.7339
34.5812	35.4334	36.3322
37.191	38.0637	38.9278
39.7951	40.6642	41.5876
42.4631	43.3451	44.2356
45.1213	46.0075	46.9447
47.8375	48.7328	49.6371
50.5385	51.4397	52.3895
53.2959	54.2035	55.1209
56.0335	56.947	57.9065
58.8237	59.7423	60.6615
61.591	62.5128	63.4402
64.414	65.3404	66.2682
67.2046	68.1361	69.0679
70.0515	70.9881	71.9237
72.8682	73.8064	74.7499
75.7366	76.6762	77.6187
78.5627	79.5132	80.4609
81.457	82.4053	83.3533
84.3029	85.2595	86.2138
87.2134	88.1678	89.1235
90.077	91.0318	91.9962
93.0014	93.9609	94.9226
95.8796	96.8432	97.8098
98.771	99.7802	100.746
101.709	102.674	103.645
104.613	105.627	106.595
107.561	108.531	109.498
110.476	111.496	112.465
113.436	114.407	115.378
116.358	117.381	118.353
119.332	120.305	121.28
122.262	193.322	232.557
273.583	315.177	357.792
401.124	444.937	489.327
534.392	579.936	625.468
671.279	717.33	763.617
810.135	856.801	904.015
951.043	998.218	1045.38
1092.71	1140.18	1187.78
1235.72	1283.48	1331.41
1379.37	1427.28	1475.16
1523.25	1571.73	1619.97
1668.11	1716.38	1764.79
1813.11	1861.57	1910.39
1958.85	2007.35	2055.87
2104.45	2153.24	2201.84
2250.87	2299.6	2348.28
2397.07	2445.76	2494.62
2543.43	2592.65	2641.44
2690.36	2739.24	2788.17
2837.03	2886.06	2935.35
2984.35	3033.37	3082.26
3131.31	3180.35	3229.4
3278.82	3327.85	3377.01
3426.08	3475.12	3524.28
3573.38	3622.93	3672.03
3721.18	3770.41	3819.62
3868.72	3917.98	3967.55
4016.77	4065.94	4115.17
4164.46	4213.75	4262.9
4312.51	4361.83	4411.15
4460.34	4509.59	4559.1
4608.43	4658.03	4707.38
4756.7	4806.02	4855.34
4904.67	4954.06	5003.85
5053.11	5102.46	5151.87
5201.28	5250.61	5300.11
5349.91	5399.38	5448.81
5498.17	5547.61	5597.06
5646.43	5696.16	5745.6
5795.11	5844.55	5893.89
5943.37	5992.91	6042.69
6092.1	6141.57	6191.14
6240.69	6290.09	6339.6
6389.43	6438.91	6488.33
6537.91	6587.38	6636.87
6686.3	6736.3	6785.49
6835.01	6884.42	6934.01
6983.64	7033.24	7083.07
7132.62	7182.18	7231.64
7281.17	7330.73	7380.32
7430.17	7479.77	7529.21
7578.87	7628.33	7677.88
7727.44	7777.51	7827.21
7876.59	7926.25	7975.73
8025.36	8075.24	8124.81
8174.53	8224	8273.67
8323.19	8372.85	8422.81
8472.26	8521.98	8571.65
8621.28	8670.74	8720.35
8770.37	8819.89	8869.52
8919.08	8968.69	9018.31
9067.88	9117.94	9167.47
9187.12	9180.32	9175.01
9170.22	18.63	18.63
18.63	18.63	18.63
18.63	18.63	18.63
18.63	18.63	18.63
18.63	18.63	18.63
18.63	18.63	18.63
18.63	18.63	18.63
18.63	18.63	18.63
18.63	18.63	18.63
18.63	18.63	18.63
18.63	18.63	18.63
18.63	18.63	18.63
18.63	18.63	18.63
18.63	18.63	18.63
18.63	18.63	18.63
18.63	18.63	18.63
18.63	18.63	18.63
18.63	18.63	18.63
18.63	18.63	18.63
18.63	18.63	18.63
18.63	18.63	18.63
18.63	18.63	18.63
18.63	18.63	18.63
18.63	18.63	18.63
18.63	18.63	18.63
18.63	18.63	18.63
18.63	18.63	18.63
18.63	18.63	18.63
18.63	18.63	18.63
18.63	18.63	18.63
18.63	18.63	18.63
18.63	18.63	18.63
18.63	18.63	18.63
18.63	18.63	18.63
18.63	18.63	18.63
18.63	18.63	18.63
18.63	18.63	18.63
18.63	18.63	18.63
18.63	18.63	18.63
18.63	18.63	18.63
18.63	18.63	18.63
18.63	18.63	18.63
18.63	18.63	18.63
18.63	18.63	18.63
18.63	18.63	18.63
18.63	18.63	18.63
18.63	18.63	18.63
18.63	18.63	18.63
18.63	18.63	18.63
18.63	18.63	18.63
18.63	18.63	18.63
18.63	18.63	18.63
18.63	18.63	18.63
18.63	18.63	18.63
18.63	18.63	18.63
18.63	18.63	18.63
18.63	18.63	18.63
18.63	18.63	18.63
18.63	18.63	18.63
18.63	18.63	18.63
18.63	18.63	18.63
18.63	18.63	18.63
18.63	18.63	18.63
18.63	18.63	18.63
18.63	18.63	18.63
18.63	18.63	18.63
18.63	18.63	18.63
18.63	18.63	18.63
18.63	18.63	18.63
18.63	18.63	18.63
18.63	18.63	18.63
18.63	18.63	18.63
18.63	18.63	18.63
18.63	18.63	18.63
18.63	18.63	18.63
18.63	18.63	18.63
18.63	18.63	18.63
18.63	18.63	18.63
18.63	18.63	18.63
18.63	18.63	18.63
18.63	18.63	18.63
18.63	18.63	18.63
18.63	18.63	18.63
18.63	18.63	18.63
18.63	18.63	18.63
18.63	18.63	18.63
18.63	18.63	18.63
18.63	18.63	18.63
18.63	18.63	18.63
18.63	18.63	18.63
18.63	18.63	18.63
18.63	18.63	18.63
18.63	18.63	18.63
18.63	18.63	18.63
18.63	18.63	18.63
18.63	18.63	18.63
18.63	18.63	18.63
18.63	18.63	18.63
18.63	18.63	18.63
18.63	18.63	18.63
18.63	18.63	18.63
18.63	18.63	18.63
18.63	18.63	18.63
18.63	18.63	18.63
18.63	18.63	18.63
18.63	18.63	18.63
18.63	18.63	18.63
18.63	18.63	18.63
18.63	18.63	18.63
18.63	18.63	18.63
18.63	18.63	18.63
18.63	18.63	18.63
18.63	18.63	18.63
18.63	18.63	18.63
18.63	18.63	18.63
18.63	18.63	18.63
18.63	18.63	18.63
18.63	18.63	18.63
18.63	18.63	18.63
18.63	18.63	18.63
18.63	18.63	18.63
18.63	18.63	18.63
18.63	18.63	18.63
18.63	18.63	18.63
18.63	18.63	18.63
18.63	18.63	18.63
18.63	18.63	18.63
18.63	18.63	18.63
18.63	18.63	18.63
18.63	18.63	18.63
