0.00989	0.0142	0.01818
0.02217	0.02649	0.03052
0.03486	0.03887	0.04287
0.04717	0.05113	0.05543
0.05943	0.0638	0.06783
0.07183	0.0761	0.08006
0.08436	0.08835	0.09238
0.09671	0.10066	0.10497
0.10896	0.11327	0.11728
0.12129	0.12559	0.12954
0.1338	0.13775	0.14209
0.1461	0.15002	0.15433
0.15831	0.16259	0.16653
0.17045	0.17469	0.17866
0.18299	0.18694	0.19118
0.19508	0.19896	0.20317
0.20709	0.21133	0.21523
0.21914	0.22329	0.2271
0.23124	0.23508	0.23923
0.24308	0.24684	0.25093
0.25469	0.25874	0.26243
0.2664	0.27007	0.27375
0.27769	0.2813	0.28513
0.28864	0.29216	0.29591
0.29937	0.30306	0.30642
0.31	0.31326	0.31648
0.31991	0.32307	0.32648
0.32953	0.33253	0.33569
0.33855	0.34163	0.34444
0.34738	0.35007	0.35274
0.35553	0.35805	0.3607
0.36309	0.36562	0.36794
0.37021	0.3726	0.37476
0.37706	0.37909	0.3811
0.38323	0.38516	0.38719
0.38903	0.39095	0.39269
0.39442	0.39622	0.39788
0.39962	0.40119	0.40272
0.40433	0.40579	0.40735
0.40876	0.41028	0.41164
0.41297	0.41436	0.41563
0.41696	0.4182	0.41942
0.42069	0.42186	0.42308
0.42419	0.42536	0.42646
0.42752	0.42865	0.42967
0.43076	0.43173	0.43279
0.43375	0.4347	0.4357
0.43661	0.43757	0.43846
0.43933	0.44025	0.4411
0.44201	0.44285	0.44371
0.44451	0.44529	0.44612
0.4469	0.4477	0.44845
0.44919	0.44996	0.45069
0.45146	0.45215	0.45289
0.45356	0.45423	0.45495
0.45561	0.45631	0.45695
0.45763	0.45826	0.45888
0.45954	0.46014	0.46078
0.46137	0.46196	0.46258
0.46316	0.46377	0.46433
0.46492	0.46546	0.46601
0.46658	0.46712	0.4677
0.46822	0.46872	0.46927
0.46978	0.47031	0.47081
0.47135	0.47184	0.47232
0.47283	0.4733	0.4738
0.47428	0.47474	0.47522
0.47569	0.47617	0.4766
0.47709	0.47753	0.47797
0.47842	0.47884	0.4793
0.47972	0.48017	0.48059
0.481	0.48144	0.48183
0.48226	0.48266	0.48305
0.48347	0.48386	0.48428
0.48466	0.48507	0.48544
0.48581	0.48621	0.48658
0.48697	0.48733	0.48769
0.48808	0.48844	0.48882
0.48917	0.48954	0.48988
0.49022	0.49059	0.49093
0.49129	0.49162	0.49199
0.49232	0.49264	0.49299
0.49331	0.49366	0.49398
0.4943	0.49463	0.49495
0.49528	0.49559	0.49593
0.49624	0.49654	0.49686
0.49716	0.49748	0.49777
0.49806	0.49839	0.49868
0.49899	0.49927	0.49958
0.49986	0.50014	0.50045
0.50074	0.50103	0.5013
0.50158	0.50187	0.50214
0.50244	0.5027	0.50298
0.50326	0.50352	0.5038
0.50407	0.50435	0.50461
0.50489	0.50514	0.5054
0.50567	0.50592	0.50619
0.50643	0.50668	0.50695
0.5072	0.50746	0.50771
0.50796	0.50821	0.50844
0.5346	0.5431	0.5507
0.5574	0.5634	0.5688
0.5738	0.5784	0.5826
0.5866	0.5903	0.5938
0.597	0.6001	0.603
0.6058	0.6085	0.611
0.6134	0.6157	0.6179
0.62	0.6221	0.6241
0.626	0.6278	0.6296
0.6313	0.633	0.6346
0.6362	0.6378	0.6393
0.6408	0.6422	0.6436
0.6449	0.6463	0.6476
0.6488	0.6501	0.6513
0.6525	0.6536	0.6548
0.6559	0.657	0.6581
0.6592	0.6602	0.6612
0.6622	0.6632	0.6642
0.6651	0.6661	0.667
0.6679	0.6688	0.6697
0.6706	0.6714	0.6723
0.6731	0.674	0.6748
0.6756	0.6764	0.6772
0.6779	0.6787	0.6795
0.6802	0.6809	0.6817
0.6824	0.6831	0.6838
0.6845	0.6852	0.6859
0.6866	0.6872	0.6879
0.6886	0.6892	0.6898
0.6905	0.6911	0.6917
0.6924	0.693	0.6936
0.6942	0.6948	0.6954
0.696	0.6965	0.6971
0.6977	0.6983	0.6988
0.6994	0.6999	0.7005
0.701	0.7016	0.7021
0.7026	0.7031	0.7037
0.7042	0.7047	0.7052
0.7057	0.7062	0.7067
0.7072	0.7077	0.7082
0.7087	0.7092	0.7097
0.7102	0.7106	0.7111
0.7116	0.712	0.7125
0.713	0.7134	0.7139
0.7143	0.7148	0.7152
0.7157	0.7161	0.7166
0.717	0.7174	0.7179
0.7183	0.7187	0.7191
0.7196	0.72	0.7204
0.7208	0.7212	0.7216
0.722	0.7224	0.7228
0.7232	0.7236	0.724
0.7244	0.7248	0.7252
0.7256	0.726	0.7264
0.7268	0.7272	0.7275
0.7279	0.7283	0.7287
0.729	0.7294	0.7298
0.7302	0.7305	0.7309
0.7312	0.7316	0.732
0.7323	0.7327	0.733
0.7334	0.7337	0.7341
0.7344	0.7348	0.7347
0.7347	0.7346	0.7346
0.02822	0.04098	0.05508
0.06898	0.07938	0.08326
0.08778	0.09391	0.10337
0.11776	0.13232	0.14558
0.15367	0.15809	0.16262
0.17211	0.18671	0.2022
0.21579	0.2243	0.22914
0.23482	0.25074	0.26813
0.28079	0.28973	0.29481
0.30277	0.3153	0.33309
0.35273	0.36659	0.37845
0.38562	0.40551	0.41398
0.42447	0.44138	0.46198
0.48427	0.50382	0.51811
0.53272	0.5473	0.56856
0.59528	0.62278	0.64857
0.66974	0.69115	0.7137
0.74244	0.77938	0.81654
0.85254	0.88416	0.91826
0.9537	1.00056	1.04334
1.08973	1.14688	1.20501
1.26798	1.32541	1.3836
1.45078	1.52184	1.60648
1.69266	1.78226	1.87781
1.96818	2.07317	2.18009
2.30342	2.4296	2.56075
2.70421	2.84295	2.99921
3.15273	3.31825	3.50762
3.69053	3.89599	4.08998
4.31416	4.52693	4.74871
4.99484	5.23766	5.50938
5.77143	6.06047	6.33391
6.61494	6.9284	7.23004
7.57399	7.89553	8.22187
8.57726	8.91641	9.29229
9.64968	10.0446	10.42
10.8009	11.2129	11.6021
12.0284	12.4325	12.8427
13.2948	13.7168	14.1773
14.6074	15.0809	15.5226
15.9708	16.4605	16.9159
17.4131	17.8774	18.3439
18.8559	19.3372	19.8563
20.3419	20.8687	21.3565
21.8486	22.3856	22.8867
23.4316	23.9385	24.4927
25.0042	25.5182	26.072
26.5938	27.1584	27.6857
28.2128	28.7803	29.3106
29.8933	30.4301	31.0101
31.5503	32.0861	32.6718
33.2167	33.8073	34.3569
34.9128	35.5087	36.0613
36.6573	37.2146	37.8187
38.3793	38.941	39.5465
40.108	40.7252	41.2945
41.9047	42.472	43.0424
43.6604	44.2331	44.8525
45.426	46.0068	46.6287
47.2065	47.831	48.4116
49.0389	49.6215	50.2038
50.8311	51.4162	52.0561
52.642	53.2324	53.8643
54.4543	55.0903	55.6795
56.3167	56.9114	57.5101
58.1507	58.745	59.386
59.9808	60.5795	61.226
61.8225	62.4669	63.067
63.7207	64.3201	64.9239
65.5717	66.174	66.8246
67.4272	68.0783	68.6831
69.2959	69.9504	70.5565
71.2089	71.816	72.4258
73.0806	73.6911	74.3486
74.9583	75.6246	76.2351
76.8459	77.5051	78.1167
78.7742	79.3893	80.0049
80.6666	81.2868	81.9477
82.5646	83.228	83.8445
84.4626	85.1256	85.7441
86.4102	87.0292	87.7029
88.3214	88.9398	89.6077
90.2253	90.8946	91.5171
92.1387	92.8075	93.4362
94.1037	94.7275	95.3975
96.0216	96.6466	97.32
97.944	98.6161	99.2399
99.8717	100.545	101.169
101.844	102.473	103.147
103.772	104.4	105.074
105.7	106.385	107.011
107.638	108.319	108.951
109.627	110.255	110.933
111.563	112.198	112.878
113.511	114.188	114.819
115.497	116.128	116.76
117.442	118.073	118.762
119.396	120.028	120.707
121.343	122.025	122.66
123.342	123.975	124.618
206.715	246.362	287.637
329.614	372.361	415.746
459.698	504.139	549.214
594.791	640.319	686.165
732.28	778.605	825.032
871.718	918.92	965.899
1013.02	1060.23	1107.58
1155.06	1202.57	1250.48
1298.21	1346.12	1394.02
1441.96	1489.94	1537.96
1586.39	1634.57	1682.78
1731.01	1779.36	1827.6
1875.97	1924.78	1973.24
2021.69	2070.18	2118.78
2167.51	2216.1	2265.05
2313.76	2362.5	2411.24
2459.91	2508.7	2557.48
2606.67	2655.38	2704.3
2753.19	2802.07	2850.88
2899.92	2949.38	2998.31
3047.13	3096.15	3145.19
3194.19	3243.16	3292.56
3341.68	3390.73	3439.71
3488.77	3537.82	3586.92
3636.43	3685.46	3734.64
3783.77	3833.03	3882.11
3931.31	3980.86	4030.08
4079.26	4128.51	4177.72
4226.92	4276.19	4325.8
4375.05	4424.29	4473.51
4522.74	4572.21	4621.49
4671.07	4720.38	4769.65
4819.02	4868.27	4917.63
4966.99	5016.74	5065.99
5115.37	5164.69	5214.12
5263.44	5312.9	5362.81
5412.22	5461.56	5510.96
5560.41	5609.77	5659.16
5708.94	5758.35	5807.76
5857.18	5906.62	5956.06
6005.51	6055.18	6104.68
6154.03	6203.61	6253.1
6302.53	6352	6401.82
6451.27	6500.68	6550.21
6599.65	6649.13	6698.66
6748.57	6797.7	6847.23
6896.72	6946.22	6995.89
7045.4	7095.18	7144.86
7194.24	7243.81	7293.2
7342.84	7392.32	7442.26
7491.69	7541.24	7590.75
7640.36	7689.8	7739.37
7789.52	7838.95	7888.51
7938	7987.62	8037.13
8087.02	8136.67	8186.15
8235.85	8285.29	8334.98
8384.52	8434.43	8483.96
8533.57	8583.38	8632.88
8682.47	8731.97	8781.94
8831.67	8881.05	8930.76
8980.35	9029.95	9079.49
9129.45	9175.69	9169.76
9163.98	9158.94	9154.46
25.75	25.75	25.75
25.75	25.75	25.75
25.75	25.75	25.75
25.75	25.75	25.75
25.75	25.75	25.75
25.75	25.75	25.75
25.75	25.75	25.75
25.75	25.75	25.75
25.75	25.75	25.75
25.75	25.75	25.75
25.75	25.75	25.75
25.75	25.75	25.75
25.75	25.75	25.75
25.75	25.75	25.75
25.75	25.75	25.75
25.75	25.75	25.75
25.75	25.75	25.75
25.75	25.75	25.75
25.75	25.75	25.75
25.75	25.75	25.75
25.75	25.75	25.75
25.75	25.75	25.75
25.75	25.75	25.75
25.75	25.75	25.75
25.75	25.75	25.75
25.75	25.75	25.75
25.75	25.75	25.75
25.75	25.75	25.75
25.75	25.75	25.75
25.75	25.75	25.75
25.75	25.75	25.75
25.75	25.75	25.75
25.75	25.75	25.75
25.75	25.75	25.75
25.75	25.75	25.75
25.75	25.75	25.75
25.75	25.75	25.75
25.75	25.75	25.75
25.75	25.75	25.75
25.75	25.75	25.75
25.75	25.75	25.75
25.75	25.75	25.75
25.75	25.75	25.75
25.75	25.75	25.75
25.75	25.75	25.75
25.75	25.75	25.75
25.75	25.75	25.75
25.75	25.75	25.75
25.75	25.75	25.75
25.75	25.75	25.75
25.75	25.75	25.75
25.75	25.75	25.75
25.75	25.75	25.75
25.75	25.75	25.75
25.75	25.75	25.75
25.75	25.75	25.75
25.75	25.75	25.75
25.75	25.75	25.75
25.75	25.75	25.75
25.75	25.75	25.75
25.75	25.75	25.75
25.75	25.75	25.75
25.75	25.75	25.75
25.75	25.75	25.75
25.75	25.75	25.75
25.75	25.75	25.75
25.75	25.75	25.75
25.75	25.75	25.75
25.75	25.75	25.75
25.75	25.75	25.75
25.75	25.75	25.75
25.75	25.75	25.75
25.75	25.75	25.75
25.75	25.75	25.75
25.75	25.75	25.75
25.75	25.75	25.75
25.75	25.75	25.75
25.75	25.75	25.75
25.75	25.75	25.75
25.75	25.75	25.75
25.75	25.75	25.75
25.75	25.75	25.75
25.75	25.75	25.75
25.75	25.75	25.75
25.75	25.75	25.75
25.75	25.75	25.75
25.75	25.75	25.75
25.75	25.75	25.75
25.75	25.75	25.75
25.75	25.75	25.75
25.75	25.75	25.75
25.75	25.75	25.75
25.75	25.75	25.75
25.75	25.75	25.75
25.75	25.75	25.75
25.75	25.75	25.75
25.75	25.75	25.75
25.75	25.75	25.75
25.75	25.75	25.75
25.75	25.75	25.75
25.75	25.75	25.75
25.75	25.75	25.75
25.75	25.75	25.75
25.75	25.75	25.75
25.75	25.75	25.75
25.75	25.75	25.75
25.75	25.75	25.75
25.75	25.75	25.75
25.75	25.75	25.75
25.75	25.75	25.75
25.75	25.75	25.75
25.75	25.75	25.75
25.75	25.75	25.75
25.75	25.75	25.75
25.75	25.75	25.75
25.75	25.75	25.75
25.75	25.75	25.75
25.75	25.75	25.75
25.75	25.75	25.75
25.75	25.75	25.75
25.75	25.75	25.75
25.75	25.75	25.75
25.75	25.75	25.75
25.75	25.75	25.75
25.75	25.75	25.75
25.75	25.75	25.75
25.75	25.75	25.75
25.75	25.75	25.75
25.75	25.75	25.75
25.75	25.75	25.75
25.75	25.75	25.75
25.75	25.75	25.75
25.75	25.75	25.75
25.75	25.75	25.75
25.75	25.75	25.75
25.75	25.75	25.75
25.75	25.75	25.75
25.75	25.75	25.75
25.75	25.75	25.75
25.75	25.75	25.75
25.75	25.75	25.75
25.75	25.75	25.75
25.75	25.75	25.75
25.75	25.75	25.75
25.75	25.75	25.75
25.75	25.75	25.75
25.75	25.75	25.75
25.75	25.75	25.75
25.75	25.75	25.75
25.75	25.75	25.75
25.75	25.75	25.75
25.75	25.75	25.75
25.75	25.75	25.75
25.75	25.75	25.75
25.75	25.75	25.75
25.75	25.75	25.75
25.75	25.75	25.75
25.75	25.75	25.75
25.75	25.75	25.75
25.75	25.75	25.75
25.75	25.75	25.75
25.75	25.75	25.75
25.75	25.75	25.75
