0.00988	0.01421	0.01819
0.02218	0.02648	0.03049
0.03482	0.03884	0.04284
0.04715	0.05112	0.0554
0.0594	0.06377	0.0678
0.07179	0.07605	0.08001
0.0843	0.0883	0.09232
0.09665	0.10062	0.10494
0.10888	0.11318	0.11719
0.12118	0.12548	0.12943
0.13368	0.13762	0.14194
0.14593	0.14991	0.15417
0.15809	0.16237	0.16631
0.17021	0.17443	0.17836
0.18266	0.1866	0.19081
0.1947	0.19855	0.20271
0.2066	0.21079	0.21467
0.21854	0.22264	0.22641
0.2305	0.2343	0.23838
0.24215	0.24589	0.24986
0.25351	0.2575	0.26117
0.26505	0.26862	0.2722
0.27604	0.27955	0.28328
0.28668	0.29008	0.2937
0.29704	0.3006	0.30383
0.30724	0.3104	0.31346
0.31675	0.31977	0.32301
0.32593	0.32877	0.33176
0.33448	0.33743	0.34006
0.34283	0.34536	0.34789
0.35052	0.35291	0.35541
0.35765	0.36005	0.36223
0.36437	0.36663	0.36867
0.37082	0.37275	0.37464
0.37667	0.37849	0.38041
0.38214	0.38398	0.38566
0.38731	0.38902	0.39057
0.39221	0.3937	0.39518
0.39674	0.39814	0.39963
0.40099	0.40241	0.4037
0.40498	0.40633	0.40756
0.40887	0.41005	0.4112
0.41242	0.41356	0.41474
0.41582	0.41697	0.41802
0.41903	0.42012	0.42111
0.42217	0.42313	0.42416
0.4251	0.42601	0.42697
0.42786	0.42881	0.42968
0.43054	0.43144	0.43225
0.43313	0.43394	0.43479
0.43558	0.43634	0.43716
0.4379	0.4387	0.43944
0.44017	0.44095	0.44165
0.4424	0.44308	0.44382
0.44449	0.44515	0.44586
0.44651	0.44719	0.44783
0.4485	0.44911	0.44972
0.45037	0.45097	0.45162
0.4522	0.45278	0.45339
0.45395	0.45456	0.45512
0.45571	0.45625	0.45679
0.45736	0.4579	0.45846
0.45897	0.45948	0.46003
0.46053	0.46107	0.46157
0.46209	0.46257	0.46306
0.46357	0.46404	0.46455
0.46502	0.46547	0.46596
0.4664	0.46689	0.46734
0.46781	0.46825	0.46868
0.46914	0.46956	0.47002
0.47043	0.47088	0.4713
0.47171	0.47216	0.47256
0.47298	0.47338	0.47377
0.47419	0.47458	0.475
0.47538	0.4758	0.47618
0.47655	0.47694	0.47731
0.47771	0.47807	0.47843
0.47882	0.47918	0.47955
0.47991	0.48029	0.48063
0.48098	0.48135	0.48169
0.48205	0.48238	0.48275
0.48308	0.4834	0.48376
0.48409	0.48443	0.48475
0.48507	0.48541	0.48573
0.48607	0.48638	0.4867
0.48701	0.48732	0.48765
0.48796	0.48828	0.48858
0.48887	0.48919	0.48949
0.4898	0.49008	0.4904
0.49069	0.49097	0.49127
0.49156	0.49186	0.49214
0.49242	0.49272	0.493
0.49329	0.49356	0.49385
0.49412	0.49439	0.49468
0.49495	0.49522	0.49548
0.49576	0.49602	0.49628
0.49657	0.49681	0.49709
0.49735	0.4976	0.49787
0.49812	0.49838	0.49863
0.49889	0.49914	0.49939
0.5268	0.5351	0.5425
0.5491	0.555	0.5604
0.5653	0.5698	0.5741
0.578	0.5817	0.5852
0.5884	0.5915	0.5944
0.5972	0.5998	0.6024
0.6048	0.6071	0.6093
0.6115	0.6135	0.6156
0.6175	0.6193	0.6211
0.6229	0.6246	0.6262
0.6279	0.6294	0.6309
0.6324	0.6338	0.6353
0.6366	0.638	0.6393
0.6406	0.6419	0.6431
0.6443	0.6455	0.6466
0.6478	0.6489	0.65
0.6511	0.6521	0.6532
0.6542	0.6552	0.6562
0.6571	0.6581	0.6591
0.66	0.6609	0.6618
0.6627	0.6636	0.6644
0.6653	0.6661	0.667
0.6678	0.6686	0.6694
0.6702	0.671	0.6717
0.6725	0.6733	0.674
0.6747	0.6755	0.6762
0.6769	0.6776	0.6783
0.679	0.6797	0.6804
0.681	0.6817	0.6823
0.683	0.6836	0.6843
0.6849	0.6855	0.6862
0.6868	0.6874	0.688
0.6886	0.6892	0.6898
0.6904	0.6909	0.6915
0.6921	0.6927	0.6932
0.6938	0.6943	0.6949
0.6954	0.696	0.6965
0.697	0.6976	0.6981
0.6986	0.6991	0.6996
0.7001	0.7006	0.7011
0.7016	0.7021	0.7026
0.7031	0.7036	0.7041
0.7046	0.7051	0.7055
0.706	0.7065	0.7069
0.7074	0.7079	0.7083
0.7088	0.7093	0.7097
0.7101	0.7106	0.711
0.7115	0.7119	0.7123
0.7128	0.7132	0.7136
0.7141	0.7145	0.7149
0.7153	0.7157	0.7162
0.7166	0.717	0.7174
0.7178	0.7182	0.7186
0.719	0.7194	0.7198
0.7202	0.7206	0.721
0.7214	0.7217	0.7221
0.7225	0.7229	0.7233
0.7237	0.724	0.7244
0.7248	0.7252	0.7255
0.7259	0.7263	0.7266
0.727	0.7273	0.7277
0.7281	0.7283	0.7283
0.7282	0.7282	0.7281
0.03019	0.03939	0.05213
0.06736	0.0803	0.08855
0.09334	0.09662	0.10566
0.12057	0.13515	0.14933
0.15687	0.16238	0.16744
0.17734	0.19341	0.20908
0.2229	0.23111	0.23626
0.24401	0.25509	0.27344
0.29302	0.30429	0.31029
0.31843	0.33229	0.35102
0.37185	0.38824	0.40191
0.41057	0.4218	0.43927
0.46112	0.47599	0.49546
0.52081	0.54601	0.5659
0.58392	0.60122	0.62579
0.65541	0.68715	0.7197
0.74782	0.77539	0.80189
0.83839	0.88212	0.92541
0.96916	1.00758	1.05193
1.0982	1.15169	1.21511
1.27679	1.34318	1.40301
1.4821	1.55444	1.62707
1.71074	1.79756	1.8996
2.00154	2.10876	2.22562
2.33467	2.46227	2.58938
2.73653	2.88413	3.03538
3.20291	3.36249	3.54601
3.72539	3.91825	4.13377
4.33967	4.56381	4.78915
5.04124	5.28093	5.52682
5.79963	6.06361	6.36045
6.64664	6.96123	7.25816
7.56523	7.90028	8.22393
8.58554	8.92802	9.2735
9.65235	10.0116	10.4101
10.7836	11.1914	11.5772
11.9732	12.4051	12.8136
13.2587	13.6752	14.0957
14.5543	14.986	15.4592
15.9036	16.3942	16.8476
17.3033	17.7981	18.2609
18.7681	19.2442	19.7224
20.2399	20.7291	21.2525
21.7435	22.2734	22.7708
23.272	23.8165	24.3223
24.871	25.3798	25.9371
26.4556	26.9777	27.5384
28.0632	28.6301	29.1572
29.6901	30.2641	30.7998
31.3843	31.923	32.5052
33.0453	33.5838	34.1725
34.7236	35.3167	35.8669
36.4241	37.02	37.5771
38.1798	38.7379	39.3413
39.9029	40.465	41.0744
41.6412	42.2588	42.8258
43.4377	44.0107	44.5809
45.1964	45.7709	46.3891
46.9658	47.5523	48.1743
48.7513	49.3763	49.9574
50.5845	51.1664	51.7512
52.3835	52.9686	53.6067
54.1965	54.7836	55.4149
56.0069	56.6427	57.2337
57.8742	58.4688	59.0679
59.707	60.3001	60.9432
61.54	62.1382	62.7835
63.3829	64.027	64.6262
65.2797	65.8796	66.483
67.1323	67.7321	68.3837
68.9883	69.6391	70.2421
70.8544	71.5072	72.1136
72.7684	73.3773	73.9841
74.6402	75.2516	75.9078
76.5166	77.1817	77.7918
78.4043	79.0626	79.6735
80.3324	80.945	81.5599
82.2215	82.8428	83.5049
84.1188	84.7809	85.3965
86.018	86.6827	87.2987
87.9656	88.582	89.2542
89.8721	90.4931	91.1611
91.7794	92.4476	93.0681
93.6861	94.3556	94.9872
95.6547	96.2763	96.9487
97.5711	98.1934	98.866
99.4904	100.163	100.786
101.417	102.09	102.716
103.388	104.013	104.687
105.312	105.941	106.617
107.243	107.926	108.553
109.18	109.855	110.487
111.165	111.793	112.468
113.098	113.733	114.411
115.042	115.722	116.352
117.03	117.66	118.29
118.971	119.604	120.292
120.922	121.556	122.238
122.871	123.549	124.183
124.866	125.499	126.141
216.101	255.964	297.392
339.514	382.446	425.93
469.855	514.387	559.478
605.121	650.705	696.555
742.654	789.012	835.421
882.116	929.333	976.38
1023.38	1070.55	1117.88
1165.28	1212.83	1260.71
1308.46	1356.37	1404.28
1452.1	1500.08	1548.06
1596.51	1644.65	1692.81
1741.06	1789.41	1837.63
1886.08	1934.83	1983.23
2031.69	2080.1	2128.62
2177.36	2225.94	2274.87
2323.51	2372.26	2421
2469.61	2518.36	2567.22
2616.33	2665.1	2713.93
2762.75	2811.67	2860.52
2909.47	2958.86	3007.77
3056.58	3105.54	3154.6
3203.63	3252.5	3301.95
3351.01	3400.04	3449
3498.14	3547.24	3596.32
3645.71	3694.89	3744.15
3793.1	3842.22	3891.3
3940.47	3990.04	4039.22
4088.37	4137.58	4186.78
4236	4285.21	4334.78
4384	4433.27	4482.49
4531.68	4581.1	4630.4
4679.93	4729.31	4778.59
4827.86	4877.13	4926.48
4975.81	5025.51	5074.82
5124.15	5173.46	5222.85
5272.12	5321.6	5371.51
5420.89	5470.25	5519.63
5569	5618.36	5667.7
5717.52	5766.89	5816.34
5865.66	5915.13	5964.47
6013.99	6063.68	6113.18
6162.73	6212.16	6261.58
6311.07	6360.47	6410.29
6459.66	6509.13	6558.57
6608.06	6657.56	6706.85
6756.73	6805.93	6855.56
6904.83	6954.42	7004.08
7053.71	7103.36	7152.94
7202.42	7251.99	7301.31
7350.88	7400.41	7450.31
7499.78	7549.25	7598.84
7648.36	7697.82	7747.36
7797.43	7846.95	7896.48
7945.91	7995.52	8045.1
8094.98	8144.57	8194.08
8243.71	8293.15	8342.84
8392.31	8442.22	8491.71
8541.34	8591.18	8640.67
8690.18	8739.68	8789.68
8839.31	8888.75	8938.41
8988.04	9037.69	9087.11
9137.07	9172.93	9166.06
9160.35	9155.39	9150.87
30.94	30.94	30.94
30.94	30.94	30.94
30.94	30.94	30.94
30.94	30.94	30.94
30.94	30.94	30.94
30.94	30.94	30.94
30.94	30.94	30.94
30.94	30.94	30.94
30.94	30.94	30.94
30.94	30.94	30.94
30.94	30.94	30.94
30.94	30.94	30.94
30.94	30.94	30.94
30.94	30.94	30.94
30.94	30.94	30.94
30.94	30.94	30.94
30.94	30.94	30.94
30.94	30.94	30.94
30.94	30.94	30.94
30.94	30.94	30.94
30.94	30.94	30.94
30.94	30.94	30.94
30.94	30.94	30.94
30.94	30.94	30.94
30.94	30.94	30.94
30.94	30.94	30.94
30.94	30.94	30.94
30.94	30.94	30.94
30.94	30.94	30.94
30.94	30.94	30.94
30.94	30.94	30.94
30.94	30.94	30.94
30.94	30.94	30.94
30.94	30.94	30.94
30.94	30.94	30.94
30.94	30.94	30.94
30.94	30.94	30.94
30.94	30.94	30.94
30.94	30.94	30.94
30.94	30.94	30.94
30.94	30.94	30.94
30.94	30.94	30.94
30.94	30.94	30.94
30.94	30.94	30.94
30.94	30.94	30.94
30.94	30.94	30.94
30.94	30.94	30.94
30.94	30.94	30.94
30.94	30.94	30.94
30.94	30.94	30.94
30.94	30.94	30.94
30.94	30.94	30.94
30.94	30.94	30.94
30.94	30.94	30.94
30.94	30.94	30.94
30.94	30.94	30.94
30.94	30.94	30.94
30.94	30.94	30.94
30.94	30.94	30.94
30.94	30.94	30.94
30.94	30.94	30.94
30.94	30.94	30.94
30.94	30.94	30.94
30.94	30.94	30.94
30.94	30.94	30.94
30.94	30.94	30.94
30.94	30.94	30.94
30.94	30.94	30.94
30.94	30.94	30.94
30.94	30.94	30.94
30.94	30.94	30.94
30.94	30.94	30.94
30.94	30.94	30.94
30.94	30.94	30.94
30.94	30.94	30.94
30.94	30.94	30.94
30.94	30.94	30.94
30.94	30.94	30.94
30.94	30.94	30.94
30.94	30.94	30.94
30.94	30.94	30.94
30.94	30.94	30.94
30.94	30.94	30.94
30.94	30.94	30.94
30.94	30.94	30.94
30.94	30.94	30.94
30.94	30.94	30.94
30.94	30.94	30.94
30.94	30.94	30.94
30.94	30.94	30.94
30.94	30.94	30.94
30.94	30.94	30.94
30.94	30.94	30.94
30.94	30.94	30.94
30.94	30.94	30.94
30.94	30.94	30.94
30.94	30.94	30.94
30.94	30.94	30.94
30.94	30.94	30.94
30.94	30.94	30.94
30.94	30.94	30.94
30.94	30.94	30.94
30.94	30.94	30.94
30.94	30.94	30.94
30.94	30.94	30.94
30.94	30.94	30.94
30.94	30.94	30.94
30.94	30.94	30.94
30.94	30.94	30.94
30.94	30.94	30.94
30.94	30.94	30.94
30.94	30.94	30.94
30.94	30.94	30.94
30.94	30.94	30.94
30.94	30.94	30.94
30.94	30.94	30.94
30.94	30.94	30.94
30.94	30.94	30.94
30.94	30.94	30.94
30.94	30.94	30.94
30.94	30.94	30.94
30.94	30.94	30.94
30.94	30.94	30.94
30.94	30.94	30.94
30.94	30.94	30.94
30.94	30.94	30.94
30.94	30.94	30.94
30.94	30.94	30.94
30.94	30.94	30.94
30.94	30.94	30.94
30.94	30.94	30.94
30.94	30.94	30.94
30.94	30.94	30.94
30.94	30.94	30.94
30.94	30.94	30.94
30.94	30.94	30.94
30.94	30.94	30.94
30.94	30.94	30.94
30.94	30.94	30.94
30.94	30.94	30.94
30.94	30.94	30.94
30.94	30.94	30.94
30.94	30.94	30.94
30.94	30.94	30.94
30.94	30.94	30.94
30.94	30.94	30.94
30.94	30.94	30.94
30.94	30.94	30.94
30.94	30.94	30.94
30.94	30.94	30.94
30.94	30.94	30.94
30.94	30.94	30.94
30.94	30.94	30.94
30.94	30.94	30.94
30.94	30.94	30.94
30.94	30.94	30.94
30.94	30.94	30.94
30.94	30.94	30.94
30.94	30.94	30.94
30.94	30.94	30.94
30.94	30.94	30.94
30.94	30.94	30.94
30.94	30.94	30.94
