0.00986	0.01416	0.01814
0.02214	0.02648	0.03051
0.03484	0.03882	0.04278
0.04708	0.05106	0.05538
0.05941	0.06376	0.06775
0.0717	0.07596	0.07993
0.08427	0.08828	0.09228
0.09656	0.10049	0.1048
0.10878	0.11309	0.1171
0.12107	0.12533	0.12925
0.1335	0.13747	0.14179
0.14577	0.1497	0.15394
0.15785	0.16206	0.16598
0.1699	0.17415	0.17809
0.1823	0.18621	0.19038
0.19423	0.19805	0.20218
0.20604	0.2102	0.21402
0.21785	0.22189	0.2256
0.22964	0.23339	0.23739
0.24111	0.24478	0.24867
0.25225	0.25615	0.25973
0.26356	0.26707	0.27052
0.2742	0.27758	0.2812
0.28453	0.28786	0.29136
0.29455	0.29793	0.301
0.30428	0.30732	0.31033
0.31348	0.31634	0.31938
0.32213	0.32488	0.32773
0.33032	0.33308	0.3356
0.33827	0.34068	0.34306
0.34552	0.34776	0.35013
0.3523	0.35459	0.35666
0.35868	0.36079	0.36271
0.36478	0.36663	0.36845
0.37036	0.37209	0.37391
0.37556	0.37732	0.37892
0.38051	0.38213	0.38363
0.38521	0.38665	0.38806
0.38953	0.39087	0.39231
0.39361	0.395	0.39625
0.39749	0.39879	0.39997
0.40122	0.40236	0.40347
0.40466	0.40578	0.40693
0.40797	0.40908	0.41009
0.41108	0.41215	0.41313
0.41416	0.41509	0.41608
0.41698	0.41788	0.41884
0.41971	0.42063	0.42148
0.42231	0.42318	0.424
0.42487	0.42565	0.42649
0.42726	0.42801	0.42881
0.42955	0.43034	0.43105
0.43177	0.43253	0.43322
0.43396	0.43464	0.43536
0.436	0.43666	0.43735
0.438	0.43869	0.43932
0.43997	0.44058	0.44119
0.44182	0.44244	0.44307
0.44364	0.44422	0.44483
0.44539	0.44598	0.44654
0.44713	0.44766	0.4482
0.44876	0.44928	0.44985
0.45037	0.45088	0.45142
0.45192	0.45244	0.45293
0.45346	0.45394	0.45442
0.45494	0.45541	0.4559
0.45636	0.45682	0.45732
0.45777	0.45824	0.45869
0.45916	0.45959	0.46003
0.46049	0.46092	0.46137
0.46179	0.46223	0.46264
0.46306	0.4635	0.4639
0.46433	0.46472	0.46512
0.46554	0.46593	0.46635
0.46673	0.46714	0.46751
0.46789	0.46829	0.46866
0.46905	0.46942	0.46978
0.47017	0.47052	0.4709
0.47127	0.47164	0.47199
0.47234	0.47271	0.47304
0.4734	0.47374	0.47411
0.47444	0.47478	0.47512
0.47545	0.47581	0.47613
0.47645	0.47679	0.47712
0.47745	0.47776	0.4781
0.47841	0.47871	0.47905
0.47935	0.47968	0.47997
0.48028	0.4806	0.48089
0.48121	0.48151	0.48182
0.4821	0.4824	0.48271
0.48299	0.4833	0.48358
0.48386	0.48415	0.48443
0.48473	0.485	0.4853
0.48557	0.48585	0.48613
0.4864	0.48668	0.48694
0.48723	0.48749	0.48775
0.48804	0.4883	0.48857
0.48883	0.48909	0.48936
0.48961	0.48988	0.49013
0.49039	0.49064	0.49089
0.5184	0.5266	0.5338
0.5403	0.5461	0.5514
0.5563	0.5608	0.5649
0.5689	0.5725	0.576
0.5792	0.5823	0.5852
0.588	0.5906	0.5932
0.5956	0.5979	0.6002
0.6023	0.6044	0.6064
0.6084	0.6102	0.612
0.6138	0.6155	0.6172
0.6188	0.6204	0.6219
0.6234	0.6248	0.6263
0.6277	0.629	0.6304
0.6317	0.6329	0.6342
0.6354	0.6366	0.6378
0.6389	0.6401	0.6412
0.6423	0.6434	0.6444
0.6454	0.6465	0.6475
0.6485	0.6494	0.6504
0.6513	0.6523	0.6532
0.6541	0.655	0.6559
0.6567	0.6576	0.6584
0.6593	0.6601	0.6609
0.6617	0.6625	0.6633
0.6641	0.6648	0.6656
0.6663	0.6671	0.6678
0.6685	0.6693	0.67
0.6707	0.6714	0.6721
0.6727	0.6734	0.6741
0.6748	0.6754	0.6761
0.6767	0.6774	0.678
0.6786	0.6792	0.6799
0.6805	0.6811	0.6817
0.6823	0.6829	0.6835
0.684	0.6846	0.6852
0.6858	0.6863	0.6869
0.6875	0.688	0.6885
0.6891	0.6896	0.6902
0.6907	0.6912	0.6918
0.6923	0.6928	0.6933
0.6938	0.6943	0.6948
0.6953	0.6958	0.6963
0.6968	0.6973	0.6978
0.6983	0.6988	0.6992
0.6997	0.7002	0.7006
0.7011	0.7016	0.702
0.7025	0.7029	0.7034
0.7039	0.7043	0.7048
0.7052	0.7056	0.7061
0.7065	0.7069	0.7074
0.7078	0.7083	0.7087
0.7091	0.7095	0.7099
0.7103	0.7108	0.7112
0.7116	0.712	0.7124
0.7128	0.7132	0.7136
0.714	0.7144	0.7148
0.7152	0.7156	0.716
0.7164	0.7168	0.7171
0.7175	0.7179	0.7183
0.7187	0.719	0.7194
0.7198	0.7202	0.7205
0.7209	0.7213	0.7213
0.7213	0.7212	0.7212
0.03358	0.04883	0.06228
0.07272	0.07921	0.08378
0.09053	0.10162	0.11713
0.1325	0.14327	0.14968
0.15469	0.16318	0.17581
0.19195	0.2092	0.2202
0.22769	0.23316	0.24297
0.25809	0.27624	0.29489
0.30804	0.31706	0.32525
0.33751	0.35644	0.37996
0.39831	0.41128	0.4237
0.43657	0.45479	0.47543
0.50035	0.52736	0.55017
0.56921	0.5894	0.60925
0.64158	0.66458	0.69571
0.73111	0.76738	0.80472
0.83557	0.87043	0.90566
0.94893	1.00116	1.05258
1.10704	1.15505	1.20939
1.26458	1.32767	1.40393
1.47775	1.55823	1.63184
1.71663	1.80266	1.89688
2.00622	2.11381	2.23117
2.3418	2.46042	2.5956
2.73203	2.88866	3.04033
3.20708	3.36616	3.53269
3.72291	3.91341	4.12898
4.33395	4.53888	4.77869
5.00767	5.26438	5.50505
5.77359	6.0342	6.30888
6.61074	6.89964	7.21645
7.51765	7.84835	8.16807
8.49482	8.85708	9.1994
9.57792	9.92972	10.29
10.6871	11.0646	11.4799
11.8697	12.2938	12.6927
13.1018	13.5494	13.9667
14.4196	14.8457	15.2814
15.7573	16.1999	16.6834
17.1338	17.6303	18.0903
18.555	19.0595	19.5334
20.049	20.5287	21.0136
21.5358	22.0293	22.5598
23.0577	23.5972	24.1002
24.6048	25.1513	25.6601
26.215	26.7313	27.2955
27.8179	28.3393	28.9013
29.4296	30.0045	30.5372
31.0729	31.6488	32.1838
32.7706	33.3163	33.9005
34.4422	34.9826	35.5754
36.1258	36.721	37.2755
37.8357	38.433	38.9914
39.5924	40.1537	40.7615
41.3275	41.8922	42.4986
43.065	43.6849	44.2539
44.8697	45.442	46.0127
46.6306	47.206	47.8258
48.4038	48.9897	49.6135
50.1922	50.8171	51.3983
52.0301	52.6139	53.2008
53.8303	54.4154	55.0532
55.6414	56.2295	56.8661
57.457	58.0937	58.6856
59.3229	59.9155	60.5169
61.1591	61.7531	62.3954
62.9922	63.5911	64.2359
64.8354	65.4801	66.0811
66.7347	67.3342	67.9342
68.5833	69.1862	69.8378
70.4414	71.0941	71.6986
72.3093	72.9616	73.5673
74.2227	74.8332	75.4408
76.0943	76.7053	77.3617
77.9718	78.6368	79.2479
79.856	80.5149	81.1285
81.7846	82.399	83.0131
83.6752	84.2956	84.9571
85.5737	86.2367	86.8517
87.4691	88.1347	88.7508
89.4159	90.0328	90.7048
91.324	91.9446	92.6116
93.2306	93.8967	94.5161
95.1367	95.8045	96.436
97.1065	97.728	98.3968
99.0177	99.6417	100.313
100.936	101.609	102.232
102.862	103.534	104.158
104.83	105.458	106.132
106.757	107.383	108.059
108.686	109.367	109.996
110.621	111.298	111.927
112.602	113.229	113.908
114.538	115.172	115.849
116.482	117.158	117.785
118.464	119.098	119.729
120.407	121.037	121.724
122.353	122.985	123.667
124.302	124.981	125.615
126.295	126.926	127.567
226.253	266.409	308.045
350.278	393.283	436.86
481.013	525.798	570.689
616.316	661.917	707.798
753.906	800.203	846.678
893.39	940.589	987.617
1034.65	1081.85	1129.14
1176.63	1224	1271.91
1319.62	1367.51	1415.36
1463.22	1511.22	1559.18
1607.61	1655.67	1703.85
1752.04	1800.35	1848.58
1896.98	1945.69	1994.15
2042.6	2091.03	2139.71
2188.27	2236.8	2285.77
2334.43	2383.11	2431.76
2480.33	2529.09	2577.94
2627.05	2675.75	2724.59
2773.43	2822.31	2871.11
2920.04	2969.44	3018.37
3067.16	3116.13	3165.13
3214.09	3263.01	3312.38
3361.45	3410.47	3459.39
3508.56	3557.56	3606.65
3656.03	3705.16	3754.41
3803.41	3852.43	3901.59
3950.83	4000.35	4049.49
4098.63	4147.9	4197.02
4246.21	4295.37	4344.98
4394.18	4443.35	4492.55
4541.74	4591.15	4640.41
4689.96	4739.3	4788.54
4837.82	4887.03	4936.4
4985.76	5035.44	5084.71
5134.04	5183.33	5232.65
5281.96	5331.46	5381.33
5430.69	5480.01	5529.43
5578.76	5628.14	5677.45
5727.18	5776.57	5825.98
5875.34	5924.78	5974.1
6023.57	6073.24	6122.77
6172.31	6221.68	6271.13
6320.55	6369.94	6419.79
6469.17	6518.59	6568.02
6617.56	6667	6716.33
6766.21	6815.45	6865.02
6914.39	6964.01	7013.55
7063.1	7112.84	7162.37
7211.75	7261.3	7310.64
7360.13	7409.66	7459.6
7508.98	7558.49	7608.01
7657.59	7706.95	7756.54
7806.59	7856.07	7905.63
7955.07	8004.65	8054.18
8104.1	8153.61	8203.16
8252.75	8302.23	8351.77
8401.33	8451.36	8500.76
8550.43	8600.06	8649.65
8699.09	8748.7	8798.68
8848.18	8897.78	8947.31
8996.95	9046.49	9095.98
9145.93	9195.35	9204.47
9198.23	9192.94	9188.33
35.43	35.43	35.43
35.43	35.43	35.43
35.43	35.43	35.43
35.43	35.43	35.43
35.43	35.43	35.43
35.43	35.43	35.43
35.43	35.43	35.43
35.43	35.43	35.43
35.43	35.43	35.43
35.43	35.43	35.43
35.43	35.43	35.43
35.43	35.43	35.43
35.43	35.43	35.43
35.43	35.43	35.43
35.43	35.43	35.43
35.43	35.43	35.43
35.43	35.43	35.43
35.43	35.43	35.43
35.43	35.43	35.43
35.43	35.43	35.43
35.43	35.43	35.43
35.43	35.43	35.43
35.43	35.43	35.43
35.43	35.43	35.43
35.43	35.43	35.43
35.43	35.43	35.43
35.43	35.43	35.43
35.43	35.43	35.43
35.43	35.43	35.43
35.43	35.43	35.43
35.43	35.43	35.43
35.43	35.43	35.43
35.43	35.43	35.43
35.43	35.43	35.43
35.43	35.43	35.43
35.43	35.43	35.43
35.43	35.43	35.43
35.43	35.43	35.43
35.43	35.43	35.43
35.43	35.43	35.43
35.43	35.43	35.43
35.43	35.43	35.43
35.43	35.43	35.43
35.43	35.43	35.43
35.43	35.43	35.43
35.43	35.43	35.43
35.43	35.43	35.43
35.43	35.43	35.43
35.43	35.43	35.43
35.43	35.43	35.43
35.43	35.43	35.43
35.43	35.43	35.43
35.43	35.43	35.43
35.43	35.43	35.43
35.43	35.43	35.43
35.43	35.43	35.43
35.43	35.43	35.43
35.43	35.43	35.43
35.43	35.43	35.43
35.43	35.43	35.43
35.43	35.43	35.43
35.43	35.43	35.43
35.43	35.43	35.43
35.43	35.43	35.43
35.43	35.43	35.43
35.43	35.43	35.43
35.43	35.43	35.43
35.43	35.43	35.43
35.43	35.43	35.43
35.43	35.43	35.43
35.43	35.43	35.43
35.43	35.43	35.43
35.43	35.43	35.43
35.43	35.43	35.43
35.43	35.43	35.43
35.43	35.43	35.43
35.43	35.43	35.43
35.43	35.43	35.43
35.43	35.43	35.43
35.43	35.43	35.43
35.43	35.43	35.43
35.43	35.43	35.43
35.43	35.43	35.43
35.43	35.43	35.43
35.43	35.43	35.43
35.43	35.43	35.43
35.43	35.43	35.43
35.43	35.43	35.43
35.43	35.43	35.43
35.43	35.43	35.43
35.43	35.43	35.43
35.43	35.43	35.43
35.43	35.43	35.43
35.43	35.43	35.43
35.43	35.43	35.43
35.43	35.43	35.43
35.43	35.43	35.43
35.43	35.43	35.43
35.43	35.43	35.43
35.43	35.43	35.43
35.43	35.43	35.43
35.43	35.43	35.43
35.43	35.43	35.43
35.43	35.43	35.43
35.43	35.43	35.43
35.43	35.43	35.43
35.43	35.43	35.43
35.43	35.43	35.43
35.43	35.43	35.43
35.43	35.43	35.43
35.43	35.43	35.43
35.43	35.43	35.43
35.43	35.43	35.43
35.43	35.43	35.43
35.43	35.43	35.43
35.43	35.43	35.43
35.43	35.43	35.43
35.43	35.43	35.43
35.43	35.43	35.43
35.43	35.43	35.43
35.43	35.43	35.43
35.43	35.43	35.43
35.43	35.43	35.43
35.43	35.43	35.43
35.43	35.43	35.43
35.43	35.43	35.43
35.43	35.43	35.43
35.43	35.43	35.43
35.43	35.43	35.43
35.43	35.43	35.43
35.43	35.43	35.43
35.43	35.43	35.43
35.43	35.43	35.43
35.43	35.43	35.43
35.43	35.43	35.43
35.43	35.43	35.43
35.43	35.43	35.43
35.43	35.43	35.43
35.43	35.43	35.43
35.43	35.43	35.43
35.43	35.43	35.43
35.43	35.43	35.43
35.43	35.43	35.43
35.43	35.43	35.43
35.43	35.43	35.43
35.43	35.43	35.43
35.43	35.43	35.43
35.43	35.43	35.43
35.43	35.43	35.43
35.43	35.43	35.43
35.43	35.43	35.43
35.43	35.43	35.43
35.43	35.43	35.43
35.43	35.43	35.43
35.43	35.43	35.43
35.43	35.43	35.43
35.43	35.43	35.43
35.43	35.43	35.43
35.43	35.43	35.43
35.43	35.43	35.43
35.43	35.43	35.43
35.43	35.43	35.43
35.43	35.43	35.43
