0.00986	0.01415	0.01813
0.02215	0.02649	0.03052
0.03484	0.0388	0.04277
0.04707	0.05106	0.0554
0.0594	0.06374	0.06772
0.07166	0.07592	0.07992
0.08425	0.08825	0.09224
0.0965	0.10042	0.10474
0.10873	0.11306	0.11701
0.12093	0.12518	0.12921
0.13344	0.13734	0.14161
0.14556	0.14951	0.15376
0.15768	0.16188	0.16576
0.16964	0.17385	0.17777
0.18201	0.18587	0.18999
0.19381	0.19763	0.20176
0.2056	0.2097	0.21346
0.21724	0.22123	0.22493
0.22895	0.23266	0.23661
0.24024	0.24383	0.24767
0.25121	0.25506	0.25858
0.26233	0.26574	0.2691
0.2727	0.27603	0.27959
0.28285	0.28607	0.28946
0.29254	0.29582	0.29884
0.30204	0.30499	0.30786
0.31087	0.31364	0.31662
0.31929	0.32193	0.32469
0.32718	0.32983	0.33225
0.33481	0.33714	0.33944
0.34183	0.34402	0.34629
0.34836	0.35054	0.35253
0.35449	0.35656	0.35843
0.36041	0.36218	0.36393
0.36577	0.36745	0.36924
0.37085	0.37254	0.37407
0.37559	0.3772	0.37866
0.38021	0.3816	0.38296
0.3844	0.38571	0.38709
0.38838	0.38974	0.39096
0.39215	0.39342	0.39457
0.39579	0.39692	0.39803
0.39919	0.40026	0.40138
0.4024	0.40349	0.4045
0.40549	0.40652	0.40747
0.40847	0.40939	0.41038
0.41128	0.41216	0.4131
0.41396	0.41486	0.41569
0.41652	0.41739	0.41817
0.41904	0.41982	0.42065
0.42141	0.42215	0.42293
0.42366	0.42444	0.42516
0.42587	0.42662	0.4273
0.42802	0.42869	0.42941
0.43008	0.43072	0.4314
0.43204	0.43272	0.43334
0.434	0.4346	0.4352
0.43583	0.43642	0.43705
0.43762	0.4382	0.43881
0.43936	0.43995	0.4405
0.44109	0.44162	0.44216
0.44274	0.44325	0.44381
0.44433	0.44483	0.44536
0.44586	0.44641	0.44689
0.44741	0.44789	0.44837
0.44887	0.44934	0.44984
0.4503	0.45076	0.45125
0.4517	0.45218	0.45262
0.45309	0.45352	0.45395
0.45442	0.45485	0.4553
0.45572	0.45616	0.45657
0.45698	0.45742	0.45783
0.45826	0.45865	0.45905
0.45947	0.45985	0.46027
0.46066	0.46107	0.46144
0.46182	0.46222	0.46258
0.46298	0.46336	0.46371
0.4641	0.46446	0.46484
0.46519	0.46557	0.46593
0.46627	0.46664	0.46698
0.46735	0.46769	0.46806
0.46838	0.46871	0.46907
0.46939	0.46974	0.47007
0.47039	0.47073	0.47105
0.4714	0.47171	0.47205
0.47235	0.47266	0.473
0.47331	0.47363	0.47392
0.47423	0.47455	0.47485
0.47516	0.47547	0.47578
0.47607	0.47636	0.47667
0.47696	0.47726	0.47755
0.47783	0.47813	0.47841
0.47871	0.47899	0.47927
0.47955	0.47983	0.48012
0.48039	0.48068	0.48095
0.48122	0.48149	0.48175
0.48203	0.48229	0.48257
0.48283	0.48309	0.48337
0.48361	0.48389	0.48414
0.48441	0.48466	0.48491
0.514	0.522	0.5291
0.5355	0.5413	0.5465
0.5514	0.5559	0.56
0.5639	0.5676	0.571
0.5742	0.5773	0.5802
0.583	0.5857	0.5882
0.5906	0.593	0.5952
0.5974	0.5995	0.6015
0.6034	0.6053	0.6071
0.6089	0.6106	0.6123
0.6139	0.6155	0.617
0.6185	0.62	0.6214
0.6228	0.6242	0.6256
0.6269	0.6281	0.6294
0.6306	0.6318	0.633
0.6342	0.6353	0.6364
0.6375	0.6386	0.6397
0.6407	0.6418	0.6428
0.6438	0.6448	0.6457
0.6467	0.6476	0.6485
0.6495	0.6504	0.6512
0.6521	0.653	0.6538
0.6547	0.6555	0.6563
0.6571	0.6579	0.6587
0.6595	0.6603	0.6611
0.6618	0.6626	0.6633
0.6641	0.6648	0.6655
0.6662	0.6669	0.6676
0.6683	0.669	0.6697
0.6703	0.671	0.6717
0.6723	0.673	0.6736
0.6742	0.6749	0.6755
0.6761	0.6767	0.6773
0.6779	0.6785	0.6791
0.6797	0.6803	0.6809
0.6815	0.682	0.6826
0.6832	0.6837	0.6843
0.6848	0.6854	0.6859
0.6864	0.687	0.6875
0.688	0.6886	0.6891
0.6896	0.6901	0.6906
0.6911	0.6916	0.6921
0.6926	0.6931	0.6936
0.6941	0.6946	0.6951
0.6956	0.696	0.6965
0.697	0.6975	0.6979
0.6984	0.6988	0.6993
0.6998	0.7002	0.7007
0.7011	0.7016	0.702
0.7024	0.7029	0.7033
0.7038	0.7042	0.7046
0.7051	0.7055	0.7059
0.7063	0.7067	0.7072
0.7076	0.708	0.7084
0.7088	0.7092	0.7096
0.71	0.7104	0.7108
0.7112	0.7116	0.712
0.7124	0.7128	0.7132
0.7136	0.714	0.7144
0.7148	0.7151	0.7155
0.7159	0.7163	0.7166
0.717	0.7171	0.7171
0.717	0.717	0.717
0.03711	0.0538	0.06506
0.07339	0.07921	0.08259
0.09227	0.10699	0.12205
0.13687	0.14521	0.15155
0.15653	0.16819	0.18483
0.20155	0.21597	0.225
0.23315	0.24022	0.25304
0.27255	0.29111	0.30813
0.31815	0.32404	0.34339
0.36421	0.38513	0.38829
0.41291	0.43552	0.45724
0.47309	0.48836	0.50581
0.52826	0.5595	0.58809
0.61406	0.63849	0.65989
0.68872	0.72063	0.76087
0.7998	0.83617	0.87254
0.90638	0.94983	0.9965
1.05063	1.10888	1.16162
1.2176	1.27056	1.33686
1.40599	1.48178	1.56598
1.64408	1.73128	1.81533
1.91411	2.01661	2.12473
2.24599	2.3604	2.48833
2.61165	2.74692	2.90369
3.05525	3.22557	3.38608
3.5656	3.74041	3.92701
4.14528	4.34687	4.57275
4.78734	5.01193	5.26812
5.51368	5.78915	6.04763
6.33234	6.60657	6.89243
7.20981	7.51044	7.844
8.16431	8.51316	8.8434
9.17926	9.54891	9.90148
10.2961	10.665	11.0393
11.4456	11.8283	12.2509
12.648	13.0862	13.498
13.9175	14.3688	14.7917
15.2536	15.6886	16.1325
16.6148	17.0628	17.5511
18.0079	18.5108	18.9772
19.4491	19.9608	20.4375
20.9571	21.4398	21.9253
22.4544	22.955	23.4922
23.9916	24.5346	25.037
25.5449	26.0961	26.6113
27.1688	27.6876	28.2515
28.7736	29.3001	29.871
30.4024	30.9765	31.5093
32.0456	32.6263	33.1641
33.7518	34.293	34.8816
35.429	35.9735	36.5664
37.1162	37.7109	38.2655
38.8289	39.4301	39.9884
40.5927	41.1556	41.7619
42.3269	42.893	43.5033
44.0697	44.6882	45.2583
45.8745	46.4489	47.0224
47.6408	48.2149	48.8355
49.414	50.0006	50.6248
51.2038	51.831	52.4142
53.0432	53.6267	54.2136
54.8467	55.4288	56.0696
56.6585	57.247	57.8838
58.4741	59.1088	59.702
60.3415	60.9353	61.5353
62.1768	62.7697	63.4163
64.014	64.6106	65.2538
65.8521	66.4986	67.1004
67.7522	68.354	68.9564
69.6046	70.206	70.8579
71.4635	72.1138	72.7185
73.3295	73.9819	74.5901
75.2458	75.8543	76.4624
77.1167	77.7266	78.3819
78.99	79.6558	80.2685
80.8792	81.5371	82.149
82.8067	83.4188	84.0331
84.6957	85.316	85.9781
86.5947	87.2559	87.8717
88.4923	89.1548	89.7687
90.4342	91.0514	91.7249
92.344	92.963	93.6285
94.2459	94.9135	95.5333
96.1539	96.8244	97.4531
98.1222	98.7433	99.4125
100.034	100.658	101.328
101.951	102.625	103.248
103.877	104.55	105.176
105.847	106.472	107.145
107.77	108.399	109.073
109.698	110.381	111.008
111.634	112.309	112.938
113.616	114.242	114.92
115.55	116.181	116.858
117.49	118.166	118.796
119.477	120.108	120.735
121.415	122.047	122.733
123.363	123.994	124.677
125.312	125.989	126.62
127.301	127.933	128.573
231.54	271.955	313.595
355.906	399.046	442.596
486.694	531.509	576.553
622.141	667.703	713.602
759.715	806.017	852.539
899.253	946.399	993.461
1040.45	1087.65	1134.98
1182.4	1229.89	1277.77
1325.41	1373.25	1421.13
1468.91	1516.93	1564.86
1613.26	1661.33	1709.5
1757.77	1806	1854.25
1902.62	1951.36	1999.75
2048.16	2096.64	2145.3
2193.86	2242.38	2291.35
2340.01	2388.65	2437.27
2486	2534.78	2583.46
2632.56	2681.24	2730.05
2778.89	2827.73	2876.51
2925.45	2974.84	3023.8
3072.58	3121.53	3170.5
3219.46	3268.42	3317.75
3366.86	3415.83	3464.79
3513.83	3562.88	3611.95
3661.29	3710.41	3759.68
3808.65	3857.65	3906.78
3956.04	4005.54	4054.66
4103.86	4153.04	4202.23
4251.35	4300.54	4350.13
4399.41	4448.54	4497.72
4547.09	4596.41	4645.53
4695.08	4744.37	4793.62
4842.92	4892.15	4941.44
4990.81	5040.41	5089.7
5139.02	5188.37	5237.68
5286.97	5336.48	5386.29
5435.68	5484.94	5534.38
5583.74	5633.09	5682.38
5732.11	5781.56	5830.96
5880.23	5929.58	5979.01
6028.53	6078.14	6127.59
6177.14	6226.65	6275.93
6325.37	6374.84	6424.7
6473.95	6523.37	6572.89
6622.35	6671.72	6721.13
6771.04	6820.22	6869.71
6919.1	6968.86	7018.24
7067.77	7117.54	7167.09
7216.49	7266.01	7315.44
7365.07	7414.44	7464.32
7513.8	7563.23	7612.69
7662.19	7711.55	7761.15
7811.21	7860.67	7910.23
7959.64	8009.27	8058.82
8108.69	8158.19	8207.8
8257.28	8306.84	8356.35
8405.93	8455.96	8505.28
8554.93	8604.54	8654.21
8703.62	8753.22	8803.12
8852.65	8902.28	8951.77
9001.44	9050.91	9100.56
9150.36	9162.57	9156.22
9150.93	9146.22	9141.98
38.78	38.78	38.78
38.78	38.78	38.78
38.78	38.78	38.78
38.78	38.78	38.78
38.78	38.78	38.78
38.78	38.78	38.78
38.78	38.78	38.78
38.78	38.78	38.78
38.78	38.78	38.78
38.78	38.78	38.78
38.78	38.78	38.78
38.78	38.78	38.78
38.78	38.78	38.78
38.78	38.78	38.78
38.78	38.78	38.78
38.78	38.78	38.78
38.78	38.78	38.78
38.78	38.78	38.78
38.78	38.78	38.78
38.78	38.78	38.78
38.78	38.78	38.78
38.78	38.78	38.78
38.78	38.78	38.78
38.78	38.78	38.78
38.78	38.78	38.78
38.78	38.78	38.78
38.78	38.78	38.78
38.78	38.78	38.78
38.78	38.78	38.78
38.78	38.78	38.78
38.78	38.78	38.78
38.78	38.78	38.78
38.78	38.78	38.78
38.78	38.78	38.78
38.78	38.78	38.78
38.78	38.78	38.78
38.78	38.78	38.78
38.78	38.78	38.78
38.78	38.78	38.78
38.78	38.78	38.78
38.78	38.78	38.78
38.78	38.78	38.78
38.78	38.78	38.78
38.78	38.78	38.78
38.78	38.78	38.78
38.78	38.78	38.78
38.78	38.78	38.78
38.78	38.78	38.78
38.78	38.78	38.78
38.78	38.78	38.78
38.78	38.78	38.78
38.78	38.78	38.78
38.78	38.78	38.78
38.78	38.78	38.78
38.78	38.78	38.78
38.78	38.78	38.78
38.78	38.78	38.78
38.78	38.78	38.78
38.78	38.78	38.78
38.78	38.78	38.78
38.78	38.78	38.78
38.78	38.78	38.78
38.78	38.78	38.78
38.78	38.78	38.78
38.78	38.78	38.78
38.78	38.78	38.78
38.78	38.78	38.78
38.78	38.78	38.78
38.78	38.78	38.78
38.78	38.78	38.78
38.78	38.78	38.78
38.78	38.78	38.78
38.78	38.78	38.78
38.78	38.78	38.78
38.78	38.78	38.78
38.78	38.78	38.78
38.78	38.78	38.78
38.78	38.78	38.78
38.78	38.78	38.78
38.78	38.78	38.78
38.78	38.78	38.78
38.78	38.78	38.78
38.78	38.78	38.78
38.78	38.78	38.78
38.78	38.78	38.78
38.78	38.78	38.78
38.78	38.78	38.78
38.78	38.78	38.78
38.78	38.78	38.78
38.78	38.78	38.78
38.78	38.78	38.78
38.78	38.78	38.78
38.78	38.78	38.78
38.78	38.78	38.78
38.78	38.78	38.78
38.78	38.78	38.78
38.78	38.78	38.78
38.78	38.78	38.78
38.78	38.78	38.78
38.78	38.78	38.78
38.78	38.78	38.78
38.78	38.78	38.78
38.78	38.78	38.78
38.78	38.78	38.78
38.78	38.78	38.78
38.78	38.78	38.78
38.78	38.78	38.78
38.78	38.78	38.78
38.78	38.78	38.78
38.78	38.78	38.78
38.78	38.78	38.78
38.78	38.78	38.78
38.78	38.78	38.78
38.78	38.78	38.78
38.78	38.78	38.78
38.78	38.78	38.78
38.78	38.78	38.78
38.78	38.78	38.78
38.78	38.78	38.78
38.78	38.78	38.78
38.78	38.78	38.78
38.78	38.78	38.78
38.78	38.78	38.78
38.78	38.78	38.78
38.78	38.78	38.78
38.78	38.78	38.78
38.78	38.78	38.78
38.78	38.78	38.78
38.78	38.78	38.78
38.78	38.78	38.78
38.78	38.78	38.78
38.78	38.78	38.78
38.78	38.78	38.78
38.78	38.78	38.78
38.78	38.78	38.78
38.78	38.78	38.78
38.78	38.78	38.78
38.78	38.78	38.78
38.78	38.78	38.78
38.78	38.78	38.78
38.78	38.78	38.78
38.78	38.78	38.78
38.78	38.78	38.78
38.78	38.78	38.78
38.78	38.78	38.78
38.78	38.78	38.78
38.78	38.78	38.78
38.78	38.78	38.78
38.78	38.78	38.78
38.78	38.78	38.78
38.78	38.78	38.78
38.78	38.78	38.78
38.78	38.78	38.78
38.78	38.78	38.78
38.78	38.78	38.78
38.78	38.78	38.78
38.78	38.78	38.78
38.78	38.78	38.78
38.78	38.78	38.78
38.78	38.78	38.78
38.78	38.78	38.78
38.78	38.78	38.78
38.78	38.78	38.78
