0.00982	0.01597	0.02215
0.02864	0.03481	0.04093
0.04707	0.05318	0.05929
0.06578	0.07193	0.07807
0.08418	0.09025	0.09633
0.10276	0.10887	0.11499
0.12107	0.12714	0.13317
0.13954	0.1456	0.15159
0.15754	0.16349	0.16945
0.17539	0.18168	0.18756
0.1934	0.19917	0.20491
0.21064	0.21666	0.22232
0.2279	0.2334	0.23884
0.24421	0.24978	0.25507
0.26025	0.26532	0.27028
0.27514	0.28014	0.28485
0.28942	0.2939	0.29824
0.30245	0.30676	0.31079
0.31468	0.31847	0.32214
0.3257	0.32929	0.3326
0.33585	0.33897	0.342
0.34495	0.34781	0.35069
0.35336	0.35593	0.35843
0.36086	0.36324	0.36565
0.36787	0.37002	0.37211
0.37414	0.37614	0.37817
0.38005	0.38188	0.38365
0.38538	0.38705	0.3888
0.39041	0.39199	0.39352
0.39502	0.39648	0.39797
0.39936	0.40075	0.40209
0.4034	0.40468	0.406
0.40723	0.40843	0.40963
0.41079	0.41194	0.41305
0.4142	0.41527	0.41634
0.41737	0.4184	0.41942
0.42044	0.42142	0.42238
0.42331	0.42423	0.42515
0.4261	0.42698	0.42785
0.42871	0.42955	0.43039
0.43126	0.43207	0.43286
0.43365	0.43443	0.43519
0.43598	0.43673	0.43746
0.43821	0.43892	0.43963
0.44037	0.44105	0.44173
0.44242	0.4431	0.44375
0.44441	0.44509	0.44572
0.44636	0.44698	0.44759
0.4482	0.44884	0.44943
0.45003	0.45062	0.45119
0.45176	0.45236	0.45291
0.45347	0.45402	0.45457
0.45512	0.45568	0.4562
0.45673	0.45726	0.45777
0.45828	0.45881	0.45931
0.45981	0.4603	0.46079
0.46128	0.46178	0.46225
0.46272	0.4632	0.46365
0.46412	0.46458	0.46505
0.4655	0.46595	0.46639
0.46683	0.46727	0.46772
0.46814	0.46857	0.469
0.46941	0.46983	0.47026
0.47067	0.47107	0.47149
0.47189	0.47229	0.4727
0.4731	0.47348	0.47386
0.47425	0.47464	0.5048
0.5126	0.5196	0.5259
0.5316	0.5367	0.5415
0.546	0.5501	0.554
0.5576	0.561	0.5642
0.5673	0.5702	0.573
0.5757	0.5782	0.5806
0.583	0.5852	0.5874
0.5895	0.5915	0.5935
0.5954	0.5972	0.599
0.6007	0.6024	0.604
0.6056	0.6072	0.6087
0.6102	0.6117	0.6131
0.6145	0.6158	0.6171
0.6184	0.6197	0.6209
0.6222	0.6234	0.6245
0.6257	0.6268	0.628
0.6291	0.6301	0.6312
0.6322	0.6333	0.6343
0.6353	0.6363	0.6372
0.6382	0.6391	0.6401
0.641	0.6419	0.6428
0.6437	0.6445	0.6454
0.6462	0.6471	0.6479
0.6487	0.6495	0.6503
0.6511	0.6519	0.6527
0.6534	0.6542	0.6549
0.6557	0.6564	0.6571
0.6579	0.6586	0.6593
0.66	0.6607	0.6614
0.662	0.6627	0.6634
0.664	0.6647	0.6653
0.666	0.6666	0.6672
0.6679	0.6685	0.6691
0.6697	0.6703	0.6709
0.6715	0.6721	0.6727
0.6733	0.6739	0.6745
0.675	0.6756	0.6762
0.6767	0.6773	0.6778
0.6784	0.6789	0.6795
0.68	0.6805	0.6811
0.6816	0.6821	0.6826
0.6832	0.6837	0.6842
0.6847	0.6852	0.6857
0.6862	0.6867	0.6872
0.6877	0.6882	0.6887
0.6891	0.6896	0.6901
0.6905	0.691	0.6915
0.692	0.6924	0.6929
0.6933	0.6938	0.6942
0.6947	0.6952	0.6956
0.696	0.6965	0.6969
0.6974	0.6978	0.6982
0.6987	0.6991	0.6995
0.6999	0.7004	0.7008
0.7012	0.7016	0.702
0.7025	0.7029	0.7033
0.7037	0.7041	0.7045
0.7049	0.7053	0.7057
0.7061	0.7065	0.7069
0.7073	0.7077	0.7081
0.7085	0.7089	0.7092
0.7096	0.7096	0.7096
0.7096	0.7095	0.04384
0.06168	0.0737	0.08517
0.09704	0.11383	0.13622
0.15949	0.17811	0.19382
0.20728	0.2239	0.24512
0.27232	0.2991	0.32459
0.34484	0.36479	0.38957
0.42	0.45634	0.48671
0.51801	0.55673	0.6022
0.65068	0.69705	0.74221
0.79339	0.85071	0.91625
0.9914	1.07097	1.15193
1.24119	1.33159	1.43582
1.55306	1.68187	1.82218
1.97396	2.12827	2.29493
2.48052	2.6828	2.90148
3.14566	3.39285	3.6515
3.9304	4.2275	4.54925
4.90501	5.26483	5.63584
6.02339	6.43032	6.86032
7.33543	7.80265	8.29147
8.79048	9.30365	9.83502
10.3817	10.9754	11.5617
12.156	12.7639	13.3838
14.0155	14.6913	15.3552
16.0262	16.7086	17.3964
18.0959	18.8409	19.5587
20.2922	21.0294	21.7738
22.5256	23.3182	24.084
24.8613	25.6383	26.4244
27.2149	28.0524	28.8518
29.6654	30.4767	31.2929
32.1121	32.9847	33.8146
34.6477	35.4906	36.332
37.1748	38.0217	38.9187
39.7737	40.6384	41.502
42.3661	43.2346	44.1523
45.0265	45.91	46.7891
47.6698	48.5524	49.4834
50.3733	51.2636	52.1668
53.0634	53.9577	54.9029
55.8045	56.7083	57.6216
58.5284	59.4363	60.391
61.3033	62.2166	63.1372
64.0574	64.9747	65.9407
66.8651	67.7869	68.7091
69.6418	70.5682	71.4948
72.4723	73.4022	74.3345
75.2754	76.208	77.1423
78.126	79.0629	80.0019
80.9485	81.8886	82.8314
83.8178	84.758	85.705
86.6505	87.6031	88.5503
89.5437	90.4934	91.4416
92.3923	93.3508	94.3049
95.3023	96.255	97.2109
98.1651	99.1203	100.082
101.089	102.047	103.008
103.966	104.924	105.891
106.851	107.863	108.827
109.787	110.753	111.723
112.685	113.699	114.666
115.63	116.596	117.564
118.539	119.556	120.525
121.494	122.462	123.431
124.41	125.433	126.403
127.376	128.349	129.321
130.302	242.688	283.336
325.302	367.625	410.857
454.554	498.813	543.662
588.707	634.335	679.969
725.919	771.937	818.286
864.747	911.496	958.735
1005.66	1052.75	1099.96
1147.16	1194.63	1242.06
1290	1337.8	1385.54
1433.34	1481.22	1529.14
1577.02	1625.4	1673.4
1721.56	1769.82	1818.08
1866.28	1914.67	1963.36
2011.77	2060.13	2108.6
2157.26	2205.77	2254.21
2303.18	2351.85	2400.43
2449.06	2497.77	2546.54
2595.21	2644.27	2693.02
2741.84	2790.61	2839.4
2888.26	2937.34	2986.55
3035.37	3084.14	3133.05
3182.02	3230.93	3279.85
3329.2	3378.24	3427.22
3476.15	3525.18	3574.21
3623.33	3672.64	3721.74
3771.01	3819.96	3868.95
3918.1	3967.26	4016.76
4065.89	4114.96	4164.22
4213.35	4262.47	4311.67
4361.22	4410.45	4459.53
4508.77	4558.1	4607.42
4656.51	4706.14	4755.34
4804.65	4853.87	4903.14
4952.37	5001.81	5051.3
5100.65	5149.94	5199.21
5248.44	5297.69	5347.19
5397.06	5446.37	5495.66
5545.08	5594.4	5643.72
5693.01	5742.75	5792.19
5841.55	5890.83	5940.19
5989.59	6039.04	6088.71
6138.11	6187.61	6237.09
6286.49	6335.84	6385.25
6435.06	6484.48	6533.75
6583.21	6632.69	6682.01
6731.45	6781.29	6830.63
6879.9	6929.42	6978.95
7028.58	7077.89	7127.78
7177.2	7226.77	7276.11
7325.65	7375.03	7424.69
7474.42	7523.9	7573.27
7622.84	7672.2	7721.83
7771.41	7821.3	7870.79
7920.25	7969.8	8019.27
8068.79	8118.63	8168.26
8217.69	8267.3	8316.62
8366.22	8415.71	8465.65
8515.11	8564.68	8614.4
8663.94	8713.38	8762.91
8812.88	8862.37	8911.97
8961.44	9011.07	9060.57
9110.16	9160.1	9208.97
9207.03	9201.27	9196.17
9191.82	43.84	43.84
43.84	43.84	43.84
43.84	43.84	43.84
43.84	43.84	43.84
43.84	43.84	43.84
43.84	43.84	43.84
43.84	43.84	43.84
43.84	43.84	43.84
43.84	43.84	43.84
43.84	43.84	43.84
43.84	43.84	43.84
43.84	43.84	43.84
43.84	43.84	43.84
43.84	43.84	43.84
43.84	43.84	43.84
43.84	43.84	43.84
43.84	43.84	43.84
43.84	43.84	43.84
43.84	43.84	43.84
43.84	43.84	43.84
43.84	43.84	43.84
43.84	43.84	43.84
43.84	43.84	43.84
43.84	43.84	43.84
43.84	43.84	43.84
43.84	43.84	43.84
43.84	43.84	43.84
43.84	43.84	43.84
43.84	43.84	43.84
43.84	43.84	43.84
43.84	43.84	43.84
43.84	43.84	43.84
43.84	43.84	43.84
43.84	43.84	43.84
43.84	43.84	43.84
43.84	43.84	43.84
43.84	43.84	43.84
43.84	43.84	43.84
43.84	43.84	43.84
43.84	43.84	43.84
43.84	43.84	43.84
43.84	43.84	43.84
43.84	43.84	43.84
43.84	43.84	43.84
43.84	43.84	43.84
43.84	43.84	43.84
43.84	43.84	43.84
43.84	43.84	43.84
43.84	43.84	43.84
43.84	43.84	43.84
43.84	43.84	43.84
43.84	43.84	43.84
43.84	43.84	43.84
43.84	43.84	43.84
43.84	43.84	43.84
43.84	43.84	43.84
43.84	43.84	43.84
43.84	43.84	43.84
43.84	43.84	43.84
43.84	43.84	43.84
43.84	43.84	43.84
43.84	43.84	43.84
43.84	43.84	43.84
43.84	43.84	43.84
43.84	43.84	43.84
43.84	43.84	43.84
43.84	43.84	43.84
43.84	43.84	43.84
43.84	43.84	43.84
43.84	43.84	43.84
43.84	43.84	43.84
43.84	43.84	43.84
43.84	43.84	43.84
43.84	43.84	43.84
43.84	43.84	43.84
43.84	43.84	43.84
43.84	43.84	43.84
43.84	43.84	43.84
43.84	43.84	43.84
43.84	43.84	43.84
43.84	43.84	43.84
43.84	43.84	43.84
43.84	43.84	43.84
43.84	43.84	43.84
43.84	43.84	43.84
43.84	43.84	43.84
43.84	43.84	43.84
43.84	43.84	43.84
43.84	43.84	43.84
43.84	43.84	43.84
43.84	43.84	43.84
43.84	43.84	43.84
43.84	43.84	43.84
43.84	43.84	43.84
43.84	43.84	43.84
43.84	43.84	43.84
43.84	43.84	43.84
43.84	43.84	43.84
43.84	43.84	43.84
43.84	43.84	43.84
43.84	43.84	43.84
43.84	43.84	43.84
43.84	43.84	43.84
43.84	43.84	43.84
43.84	43.84	43.84
43.84	43.84	43.84
43.84	43.84	43.84
43.84	43.84	43.84
43.84	43.84	43.84
43.84	43.84	43.84
43.84	43.84	43.84
43.84	43.84	43.84
43.84	43.84	43.84
43.84	43.84	43.84
43.84	43.84	43.84
43.84	43.84	43.84
43.84	43.84	43.84
43.84	43.84	43.84
43.84	43.84	43.84
43.84	43.84	43.84
43.84	43.84	43.84
43.84	43.84	43.84
43.84	43.84	43.84
43.84	43.84	43.84
43.84	43.84	43.84
43.84	43.84	43.84
43.84	43.84	43.84
43.84	43.84	43.84
43.84	43.84	43.84
43.84	43.84	43.84
