0.01418	0.01817	0.02216
0.02644	0.03045	0.03473
0.03871	0.04273	0.04707
0.05107	0.05535	0.0593
0.0636	0.06758	0.07158
0.07588	0.07987	0.08414
0.08807	0.09203	0.0963
0.10027	0.10462	0.10858
0.11283	0.11675	0.12073
0.12495	0.12885	0.13307
0.13699	0.14128	0.14522
0.14912	0.15328	0.15713
0.1613	0.1652	0.16908
0.17319	0.17706	0.18126
0.18508	0.18916	0.19291
0.19665	0.20069	0.20446
0.20849	0.2122	0.2159
0.2198	0.2234	0.2273
0.2309	0.23475	0.23828
0.24176	0.24547	0.24889
0.25258	0.25597	0.25958
0.26285	0.26609	0.26952
0.27266	0.27603	0.27913
0.28221	0.28543	0.28834
0.29144	0.29427	0.29727
0.30004	0.30275	0.30561
0.30819	0.31095	0.31346
0.31594	0.31852	0.32086
0.32334	0.32558	0.32796
0.33014	0.3323	0.33454
0.33656	0.3387	0.34066
0.34271	0.34456	0.34638
0.34831	0.35007	0.35195
0.35364	0.35529	0.35702
0.35858	0.36025	0.36178
0.3634	0.36487	0.36631
0.36782	0.36918	0.37064
0.37197	0.37328	0.37467
0.37594	0.37726	0.37846
0.37975	0.38094	0.38209
0.38331	0.38443	0.3856
0.38667	0.38772	0.38885
0.38989	0.39098	0.39198
0.39303	0.39399	0.39494
0.39594	0.39688	0.39786
0.39875	0.3997	0.40056
0.40142	0.40233	0.40317
0.40406	0.40487	0.40567
0.40651	0.4073	0.40813
0.40889	0.40971	0.41045
0.41118	0.41196	0.41267
0.41343	0.41413	0.41483
0.41556	0.41624	0.41696
0.41761	0.41831	0.41895
0.4196	0.42027	0.4209
0.42158	0.42218	0.42283
0.42343	0.42402	0.42465
0.42524	0.42586	0.42642
0.42699	0.42759	0.42814
0.42873	0.42927	0.42986
0.43039	0.43092	0.43148
0.43199	0.43254	0.43306
0.43356	0.4341	0.43459
0.43512	0.43561	0.43613
0.43661	0.43708	0.43758
0.43806	0.43856	0.43901
0.43947	0.43996	0.44041
0.44089	0.44133	0.4418
0.44225	0.44268	0.44314
0.44356	0.44402	0.44444
0.44489	0.44529	0.4457
0.44614	0.44655	0.44698
0.44738	0.44778	0.44819
0.44858	0.449	0.44938
0.44979	0.45018	0.45056
0.45095	0.45133	0.45172
0.45209	0.45245	0.45284
0.4532	0.45359	0.45394
0.45431	0.45468	0.45503
0.4554	0.45574	0.45611
0.45645	0.45682	0.45716
0.4575	0.45785	0.45817
0.45853	0.45886	0.45918
0.45954	0.45986	0.4602
0.46052	0.46086	0.46117
0.46148	0.46181	0.46212
0.46246	0.46276	0.46307
0.4634	0.46369	0.46401
0.46432	0.46462	0.46492
0.46522	0.46553	0.46582
0.46614	0.46642	0.4667
0.46701	0.46729	0.4676
0.46788	0.46818	0.46845
0.46873	0.46902	0.46929
0.46958	0.46985	0.47015
0.47042	0.47068	0.47096
0.47123	0.47152	0.47178
0.47204	0.47233	0.47258
0.47285	0.47311	0.47338
0.47363	0.47389	0.5035
0.5112	0.5182	0.5245
0.5301	0.5353	0.5401
0.5445	0.5486	0.5525
0.5561	0.5595	0.5627
0.5658	0.5687	0.5715
0.5742	0.5767	0.5791
0.5815	0.5837	0.5859
0.588	0.59	0.592
0.5939	0.5957	0.5975
0.5992	0.6009	0.6025
0.6042	0.6057	0.6072
0.6087	0.6102	0.6116
0.613	0.6143	0.6157
0.6169	0.6182	0.6195
0.6207	0.6219	0.6231
0.6242	0.6254	0.6265
0.6276	0.6287	0.6297
0.6308	0.6318	0.6328
0.6338	0.6348	0.6358
0.6367	0.6377	0.6386
0.6395	0.6404	0.6413
0.6422	0.6431	0.6439
0.6448	0.6456	0.6465
0.6473	0.6481	0.6489
0.6497	0.6505	0.6512
0.652	0.6528	0.6535
0.6543	0.655	0.6557
0.6564	0.6571	0.6579
0.6586	0.6593	0.6599
0.6606	0.6613	0.662
0.6626	0.6633	0.6639
0.6646	0.6652	0.6659
0.6665	0.6671	0.6677
0.6683	0.6689	0.6695
0.6701	0.6707	0.6713
0.6719	0.6725	0.6731
0.6737	0.6742	0.6748
0.6754	0.6759	0.6765
0.677	0.6776	0.6781
0.6786	0.6792	0.6797
0.6802	0.6808	0.6813
0.6818	0.6823	0.6828
0.6833	0.6839	0.6844
0.6848	0.6853	0.6858
0.6863	0.6868	0.6873
0.6878	0.6883	0.6887
0.6892	0.6897	0.6902
0.6906	0.6911	0.6916
0.692	0.6925	0.6929
0.6934	0.6938	0.6943
0.6947	0.6952	0.6956
0.6961	0.6965	0.6969
0.6974	0.6978	0.6982
0.6987	0.6991	0.6995
0.6999	0.7003	0.7008
0.7012	0.7016	0.702
0.7024	0.7028	0.7032
0.7036	0.704	0.7044
0.7048	0.7052	0.7056
0.706	0.7064	0.7068
0.7072	0.7076	0.708
0.7081	0.7081	0.708
0.708	0.708	0.04391
0.05585	0.07218	0.08855
0.09471	0.11055	0.12058
0.12608	0.13295	0.14284
0.15904	0.17617	0.19289
0.20449	0.21137	0.22052
0.23244	0.25062	0.27017
0.28823	0.30278	0.31312
0.3247	0.34031	0.36257
0.38555	0.39501	0.42014
0.44547	0.46952	0.48822
0.50673	0.52645	0.55067
0.58392	0.61588	0.64849
0.67571	0.70142	0.74516
0.77404	0.8093	0.84697
0.89403	0.94271	0.99152
1.04252	1.0885	1.14202
1.19763	1.26234	1.33553
1.40595	1.48201	1.55144
1.63218	1.71681	1.81043
1.91628	2.01627	2.12857
2.2324	2.3524	2.47453
2.60487	2.7543	2.89764
3.05408	3.20343	3.36273
3.54463	3.72293	3.92638
4.11971	4.33087	4.53576
4.74695	4.98562	5.22041
5.48614	5.72955	5.9809
6.26217	6.53339	6.83915
7.12934	7.44942	7.74796
8.05855	8.39837	8.72556
9.08559	9.42025	9.79656
10.1528	10.514	10.9086
11.279	11.6888	12.0724
12.4648	12.8948	13.2996
13.7427	14.1527	14.602
15.0255	15.4586	15.9277
16.3698	16.8476	17.2917
17.7414	18.234	18.6952
19.1989	19.6687	20.1809
20.6557	21.1326	21.651
22.1355	22.6649	23.1593
23.6548	24.19	24.6937
25.2345	25.7406	26.2908
26.8033	27.3157	27.8723
28.3886	28.9503	29.4748
30.0499	30.579	31.1079
31.6767	32.2092	32.7891
33.3274	33.8669	34.4505
34.9898	35.5858	36.1319
36.7195	37.2665	37.8126
38.4085	38.9642	39.5633
40.1193	40.6814	41.2858
41.8476	42.4536	43.0169
43.6283	44.1924	44.759
45.37	45.9379	46.5612
47.1349	47.7507	48.3227
48.8968	49.516	50.0944
50.7174	51.2969	51.882
52.51	53.0899	53.7174
54.2991	54.9293	55.5159
56.1012	56.7332	57.3201
57.9596	58.5492	59.1379
59.7744	60.3655	61.0004
61.5939	62.2333	62.8279
63.4322	64.0745	64.6675
65.3102	65.9055	66.506
67.1503	67.7477	68.3927
68.9947	69.6512	70.2498
70.8524	71.4999	72.1003
72.752	73.3574	74.0092
74.6171	75.2286	75.8808
76.4847	77.1395	77.7475
78.3565	79.012	79.6225
80.2765	80.886	81.5491
82.1601	82.7726	83.4323
84.0416	84.6985	85.311
85.9256	86.5883	87.2083
87.8706	88.4856	89.1479
89.7608	90.3777	91.0419
91.6586	92.3227	92.9385
93.611	94.2292	94.8476
95.5148	96.1331	96.8004
97.4209	98.0395	98.7058
99.3362	100.002	100.623
101.293	101.915	102.538
103.209	103.829	104.5
105.125	105.755	106.426
107.05	107.721	108.348
109.023	109.645	110.27
110.945	111.57	112.25
112.879	113.505	114.178
114.806	115.481	116.108
116.785	117.416	118.048
118.723	119.356	120.031
120.659	121.336	121.968
122.598	123.275	123.904
124.59	125.219	125.849
126.529	127.162	127.842
128.474	129.154	129.785
130.426	244.16	284.863
326.819	369.212	412.47
456.138	500.414	545.259
590.271	635.932	681.628
727.517	773.697	819.875
866.382	913.123	960.321
1007.3	1054.34	1101.56
1148.81	1196.27	1243.71
1291.66	1339.42	1387.18
1434.93	1482.84	1530.79
1578.69	1627.03	1675.06
1723.19	1771.43	1819.67
1867.87	1916.29	1964.96
2013.36	2061.7	2110.24
2158.87	2207.37	2255.83
2304.76	2353.36	2402.04
2450.61	2499.35	2548.07
2596.8	2645.82	2694.6
2743.43	2792.2	2840.95
2889.83	2938.89	2988.08
3036.92	3085.69	3134.58
3183.52	3232.49	3281.38
3330.76	3379.74	3428.77
3477.69	3526.71	3575.78
3624.89	3674.2	3723.26
3772.5	3821.45	3870.52
3919.61	3968.74	4018.31
4067.36	4116.52	4165.7
4214.88	4263.96	4313.14
4362.67	4411.94	4461.07
4510.21	4559.59	4608.9
4658.05	4707.65	4756.89
4806.13	4855.37	4904.64
4953.89	5003.28	5052.8
5102.12	5151.38	5200.76
5249.95	5299.14	5348.68
5398.52	5447.85	5497.1
5546.47	5595.84	5645.18
5694.45	5744.18	5793.56
5843.02	5892.23	5941.61
5991.07	6040.48	6090.09
6139.49	6189.1	6238.47
6287.8	6337.22	6386.69
6436.43	6485.78	6535.25
6584.69	6634.11	6683.41
6732.97	6782.66	6831.93
6881.3	6930.84	6980.37
7029.86	7079.3	7129.26
7178.58	7228.07	7277.5
7327.04	7376.46	7425.98
7475.73	7525.32	7574.64
7624.19	7673.57	7723.19
7772.73	7822.65	7872.02
7921.66	7971.08	8020.67
8070.1	8119.97	8169.51
8219.03	8268.48	8318.02
8367.53	8417.02	8467.05
8516.41	8566.04	8615.64
8665.29	8714.67	8764.27
8814.18	8863.69	8913.25
8962.77	9012.43	9061.91
9111.48	9161.26	9173.41
9167.05	9161.69	9156.81
9152.44	44.64	44.64
44.64	44.64	44.64
44.64	44.64	44.64
44.64	44.64	44.64
44.64	44.64	44.64
44.64	44.64	44.64
44.64	44.64	44.64
44.64	44.64	44.64
44.64	44.64	44.64
44.64	44.64	44.64
44.64	44.64	44.64
44.64	44.64	44.64
44.64	44.64	44.64
44.64	44.64	44.64
44.64	44.64	44.64
44.64	44.64	44.64
44.64	44.64	44.64
44.64	44.64	44.64
44.64	44.64	44.64
44.64	44.64	44.64
44.64	44.64	44.64
44.64	44.64	44.64
44.64	44.64	44.64
44.64	44.64	44.64
44.64	44.64	44.64
44.64	44.64	44.64
44.64	44.64	44.64
44.64	44.64	44.64
44.64	44.64	44.64
44.64	44.64	44.64
44.64	44.64	44.64
44.64	44.64	44.64
44.64	44.64	44.64
44.64	44.64	44.64
44.64	44.64	44.64
44.64	44.64	44.64
44.64	44.64	44.64
44.64	44.64	44.64
44.64	44.64	44.64
44.64	44.64	44.64
44.64	44.64	44.64
44.64	44.64	44.64
44.64	44.64	44.64
44.64	44.64	44.64
44.64	44.64	44.64
44.64	44.64	44.64
44.64	44.64	44.64
44.64	44.64	44.64
44.64	44.64	44.64
44.64	44.64	44.64
44.64	44.64	44.64
44.64	44.64	44.64
44.64	44.64	44.64
44.64	44.64	44.64
44.64	44.64	44.64
44.64	44.64	44.64
44.64	44.64	44.64
44.64	44.64	44.64
44.64	44.64	44.64
44.64	44.64	44.64
44.64	44.64	44.64
44.64	44.64	44.64
44.64	44.64	44.64
44.64	44.64	44.64
44.64	44.64	44.64
44.64	44.64	44.64
44.64	44.64	44.64
44.64	44.64	44.64
44.64	44.64	44.64
44.64	44.64	44.64
44.64	44.64	44.64
44.64	44.64	44.64
44.64	44.64	44.64
44.64	44.64	44.64
44.64	44.64	44.64
44.64	44.64	44.64
44.64	44.64	44.64
44.64	44.64	44.64
44.64	44.64	44.64
44.64	44.64	44.64
44.64	44.64	44.64
44.64	44.64	44.64
44.64	44.64	44.64
44.64	44.64	44.64
44.64	44.64	44.64
44.64	44.64	44.64
44.64	44.64	44.64
44.64	44.64	44.64
44.64	44.64	44.64
44.64	44.64	44.64
44.64	44.64	44.64
44.64	44.64	44.64
44.64	44.64	44.64
44.64	44.64	44.64
44.64	44.64	44.64
44.64	44.64	44.64
44.64	44.64	44.64
44.64	44.64	44.64
44.64	44.64	44.64
44.64	44.64	44.64
44.64	44.64	44.64
44.64	44.64	44.64
44.64	44.64	44.64
44.64	44.64	44.64
44.64	44.64	44.64
44.64	44.64	44.64
44.64	44.64	44.64
44.64	44.64	44.64
44.64	44.64	44.64
44.64	44.64	44.64
44.64	44.64	44.64
44.64	44.64	44.64
44.64	44.64	44.64
44.64	44.64	44.64
44.64	44.64	44.64
44.64	44.64	44.64
44.64	44.64	44.64
44.64	44.64	44.64
44.64	44.64	44.64
44.64	44.64	44.64
44.64	44.64	44.64
44.64	44.64	44.64
44.64	44.64	44.64
44.64	44.64	44.64
44.64	44.64	44.64
44.64	44.64	44.64
44.64	44.64	44.64
44.64	44.64	44.64
44.64	44.64	44.64
44.64	44.64	44.64
44.64	44.64	44.64
44.64	44.64	44.64
44.64	44.64	44.64
44.64	44.64	44.64
44.64	44.64	44.64
44.64	44.64	44.64
44.64	44.64	44.64
44.64	44.64	44.64
44.64	44.64	44.64
44.64	44.64	44.64
44.64	44.64	44.64
44.64	44.64	44.64
44.64	44.64	44.64
44.64	44.64	44.64
44.64	44.64	44.64
44.64	44.64	44.64
44.64	44.64	44.64
44.64	44.64	44.64
44.64	44.64	44.64
44.64	44.64	44.64
44.64	44.64	44.64
44.64	44.64	44.64
44.64	44.64	44.64
44.64	44.64	44.64
44.64	44.64	44.64
44.64	44.64	44.64
44.64	44.64	44.64
44.64	44.64	44.64
44.64	44.64	44.64
44.64	44.64	44.64
44.64	44.64	44.64
44.64	44.64	44.64
44.64	44.64	44.64
