0.03472	0.04086	0.04703
0.05314	0.05923	0.06566
0.07175	0.07787	0.08399
0.0901	0.09618	0.10257
0.10862	0.11464	0.12067
0.12672	0.13276	0.13909
0.14506	0.15097	0.15686
0.16277	0.16867	0.17454
0.18071	0.18646	0.1922
0.19787	0.20347	0.20904
0.21491	0.22039	0.22581
0.23114	0.23637	0.24153
0.24687	0.25193	0.25687
0.2617	0.26642	0.27101
0.27574	0.28016	0.28444
0.28865	0.29273	0.29669
0.30072	0.30446	0.30807
0.31161	0.31505	0.31837
0.32174	0.32483	0.32786
0.33077	0.3336	0.33636
0.33904	0.34175	0.34428
0.34669	0.34904	0.35136
0.35359	0.35586	0.35797
0.36	0.362	0.36394
0.36584	0.36778	0.36956
0.37131	0.373	0.37467
0.37631	0.37798	0.37952
0.38105	0.38253	0.38398
0.38538	0.38682	0.38818
0.38951	0.39082	0.3921
0.39335	0.39463	0.39582
0.397	0.39816	0.3993
0.40041	0.4015	0.40262
0.40367	0.40472	0.40574
0.40674	0.40774	0.40875
0.4097	0.41065	0.41157
0.41248	0.41339	0.41432
0.41519	0.41604	0.41689
0.41772	0.41854	0.4194
0.4202	0.42098	0.42177
0.42254	0.42329	0.42408
0.42482	0.42555	0.42627
0.42699	0.42769	0.42841
0.4291	0.42979	0.43046
0.43112	0.43178	0.43242
0.43309	0.43373	0.43436
0.43498	0.43559	0.4362
0.43682	0.43741	0.43801
0.4386	0.43919	0.43975
0.44034	0.4409	0.44146
0.442	0.44257	0.44311
0.44367	0.44419	0.44472
0.44524	0.44575	0.44627
0.4468	0.4473	0.4478
0.44829	0.44878	0.44926
0.44977	0.45024	0.45072
0.45119	0.45166	0.45211
0.45257	0.45305	0.45349
0.45394	0.45438	0.45484
0.45527	0.45572	0.45615
0.45658	0.457	0.45742
0.45785	0.45828	0.45869
0.4591	0.4595	0.4599
0.46031	0.46073	0.46112
0.46151	0.4619	0.46228
0.46267	0.4947	0.5024
0.5092	0.5153	0.5209
0.526	0.5307	0.5351
0.5392	0.5431	0.5467
0.55	0.5533	0.5563
0.5592	0.562	0.5647
0.5672	0.5696	0.572
0.5742	0.5764	0.5785
0.5805	0.5825	0.5844
0.5863	0.5881	0.5898
0.5915	0.5932	0.5948
0.5963	0.5979	0.5994
0.6008	0.6022	0.6036
0.605	0.6064	0.6077
0.609	0.6102	0.6114
0.6127	0.6139	0.615
0.6162	0.6173	0.6184
0.6195	0.6206	0.6217
0.6227	0.6237	0.6247
0.6257	0.6267	0.6277
0.6286	0.6296	0.6305
0.6314	0.6323	0.6332
0.6341	0.635	0.6358
0.6367	0.6375	0.6384
0.6392	0.64	0.6408
0.6416	0.6424	0.6432
0.6439	0.6447	0.6455
0.6462	0.647	0.6477
0.6484	0.6491	0.6498
0.6505	0.6512	0.6519
0.6526	0.6533	0.654
0.6546	0.6553	0.656
0.6566	0.6573	0.6579
0.6585	0.6592	0.6598
0.6604	0.661	0.6616
0.6623	0.6629	0.6635
0.6641	0.6646	0.6652
0.6658	0.6664	0.667
0.6675	0.6681	0.6686
0.6692	0.6698	0.6703
0.6709	0.6714	0.6719
0.6725	0.673	0.6735
0.6741	0.6746	0.6751
0.6756	0.6761	0.6766
0.6772	0.6777	0.6782
0.6787	0.6792	0.6797
0.6801	0.6806	0.6811
0.6816	0.6821	0.6826
0.683	0.6835	0.684
0.6844	0.6849	0.6854
0.6858	0.6863	0.6867
0.6872	0.6877	0.6881
0.6885	0.689	0.6894
0.6899	0.6903	0.6907
0.6912	0.6916	0.692
0.6925	0.6929	0.6933
0.6937	0.6942	0.6946
0.695	0.6954	0.6958
0.6963	0.6967	0.6971
0.6975	0.6979	0.6983
0.6987	0.6991	0.6995
0.6999	0.7003	0.7003
0.7003	0.7003	0.7003
0.7002	0.11218	0.12382
0.14051	0.16236	0.18778
0.21324	0.23633	0.25449
0.27332	0.29422	0.32198
0.35695	0.38619	0.42241
0.45624	0.48717	0.51896
0.55888	0.60397	0.65663
0.71209	0.76714	0.82112
0.87833	0.94982	1.0256
1.10651	1.20055	1.30147
1.40657	1.52218	1.63899
1.77131	1.9156	2.076
2.24792	2.43914	2.63268
2.83732	3.0589	3.3
3.56159	3.85043	4.14548
4.45268	4.77554	5.11359
5.47683	5.87907	6.28449
6.70384	7.1368	7.58734
8.05603	8.56596	9.07132
9.59908	10.1363	10.6846
11.2471	11.8258	12.4492
13.0648	13.689	14.3225
14.9617	15.6176	16.3203
17.0056	17.6947	18.3923
19.0994	19.8162	20.5763
21.3115	22.0607	22.809
23.5634	24.3277	25.1362
25.9088	26.6959	27.4813
28.2755	29.0761	29.9237
30.7319	31.5493	32.367
33.1907	34.0157	34.8948
35.7302	36.5679	37.4164
38.2619	39.1103	39.9588
40.8637	41.7245	42.5919
43.4566	44.3257	45.196
46.1165	46.9943	47.8794
48.7616	49.6449	50.5286
51.4628	52.3577	53.2519
54.1522	55.0499	55.9475
56.8945	57.7986	58.7057
59.6166	60.5247	61.4355
62.3909	63.3056	64.2214
65.144	66.0633	66.982
67.9471	68.8707	69.7936
70.719	71.6519	72.5802
73.5066	74.4859	75.4147
76.3459	77.2874	78.2225
79.1559	80.1434	81.0806
82.0173	82.9632	83.9039
84.8465	85.8366	86.7775
87.7214	88.6661	89.6189
90.5659	91.5628	92.5127
93.4599	94.41	95.3684
96.3194	97.3195	98.2738
99.2271	100.183	101.139
102.101	103.107	104.062
105.022	105.981	106.94
107.911	108.872	109.878
110.841	111.803	112.765
113.736	114.702	115.714
116.68	117.644	118.611
119.579	120.553	121.57
122.54	123.506	124.475
125.446	126.421	127.442
128.414	129.386	130.359
131.333	132.312	254.784
295.645	337.804	380.423
423.65	467.429	511.748
556.645	601.724	647.484
693.109	739.069	785.234
831.502	878.059	924.804
971.902	1018.87	1065.89
1113.12	1160.42	1207.8
1255.2	1303.15	1350.98
1398.68	1446.45	1494.28
1542.22	1590.14	1638.52
1686.56	1734.75	1782.96
1831.1	1879.28	1927.6
1976.3	2024.69	2073.02
2121.5	2170.16	2218.65
2267.09	2316.02	2364.69
2413.25	2461.85	2510.51
2559.27	2607.91	2656.93
2705.73	2754.51	2803.26
2852.02	2900.85	2949.92
2999.12	3047.88	3096.76
3145.68	3194.6	3243.48
3292.39	3341.77	3390.71
3439.66	3488.59	3537.58
3586.59	3635.66	3684.98
3734.01	3783.24	3832.22
3881.22	3930.32	3979.5
4028.99	4078.07	4127.19
4176.37	4225.49	4274.63
4323.78	4373.32	4422.49
4471.65	4520.88	4570.14
4619.4	4668.52	4718.14
4767.32	4816.6	4865.81
4915.07	4964.25	5013.63
5063.15	5112.46	5161.71
5211.05	5260.27	5309.6
5359.19	5408.86	5458.18
5507.49	5556.79	5606.14
5655.46	5704.83	5754.47
5803.81	5853.15	5902.4
5951.7	6001.17	6050.66
6100.22	6149.54	6199.12
6248.57	6297.86	6347.26
6396.72	6446.52	6495.78
6545.16	6594.73	6644.02
6693.39	6742.84	6792.74
6841.79	6891.18	6940.75
6990.31	7039.74	7089.1
7139.02	7188.48	7237.9
7287.21	7336.81	7386.22
7435.74	7485.47	7534.98
7584.34	7633.92	7683.25
7732.88	7782.41	7832.3
7881.68	7931.26	7980.72
8030.24	8079.68	8129.56
8179.23	8228.63	8278.15
8327.61	8377.22	8426.66
8476.55	8526.04	8575.73
8625.27	8674.73	8724.22
8773.81	8823.81	8873.18
8922.79	8972.25	9021.81
9071.25	9120.83	9170.52
9176.7	9170.38	9164.98
9160.28	9156	48.5
48.5	48.5	48.5
48.5	48.5	48.5
48.5	48.5	48.5
48.5	48.5	48.5
48.5	48.5	48.5
48.5	48.5	48.5
48.5	48.5	48.5
48.5	48.5	48.5
48.5	48.5	48.5
48.5	48.5	48.5
48.5	48.5	48.5
48.5	48.5	48.5
48.5	48.5	48.5
48.5	48.5	48.5
48.5	48.5	48.5
48.5	48.5	48.5
48.5	48.5	48.5
48.5	48.5	48.5
48.5	48.5	48.5
48.5	48.5	48.5
48.5	48.5	48.5
48.5	48.5	48.5
48.5	48.5	48.5
48.5	48.5	48.5
48.5	48.5	48.5
48.5	48.5	48.5
48.5	48.5	48.5
48.5	48.5	48.5
48.5	48.5	48.5
48.5	48.5	48.5
48.5	48.5	48.5
48.5	48.5	48.5
48.5	48.5	48.5
48.5	48.5	48.5
48.5	48.5	48.5
48.5	48.5	48.5
48.5	48.5	48.5
48.5	48.5	48.5
48.5	48.5	48.5
48.5	48.5	48.5
48.5	48.5	48.5
48.5	48.5	48.5
48.5	48.5	48.5
48.5	48.5	48.5
48.5	48.5	48.5
48.5	48.5	48.5
48.5	48.5	48.5
48.5	48.5	48.5
48.5	48.5	48.5
48.5	48.5	48.5
48.5	48.5	48.5
48.5	48.5	48.5
48.5	48.5	48.5
48.5	48.5	48.5
48.5	48.5	48.5
48.5	48.5	48.5
48.5	48.5	48.5
48.5	48.5	48.5
48.5	48.5	48.5
48.5	48.5	48.5
48.5	48.5	48.5
48.5	48.5	48.5
48.5	48.5	48.5
48.5	48.5	48.5
48.5	48.5	48.5
48.5	48.5	48.5
48.5	48.5	48.5
48.5	48.5	48.5
48.5	48.5	48.5
48.5	48.5	48.5
48.5	48.5	48.5
48.5	48.5	48.5
48.5	48.5	48.5
48.5	48.5	48.5
48.5	48.5	48.5
48.5	48.5	48.5
48.5	48.5	48.5
48.5	48.5	48.5
48.5	48.5	48.5
48.5	48.5	48.5
48.5	48.5	48.5
48.5	48.5	48.5
48.5	48.5	48.5
48.5	48.5	48.5
48.5	48.5	48.5
48.5	48.5	48.5
48.5	48.5	48.5
48.5	48.5	48.5
48.5	48.5	48.5
48.5	48.5	48.5
48.5	48.5	48.5
48.5	48.5	48.5
48.5	48.5	48.5
48.5	48.5	48.5
48.5	48.5	48.5
48.5	48.5	48.5
48.5	48.5	48.5
48.5	48.5	48.5
48.5	48.5	48.5
48.5	48.5	48.5
48.5	48.5	48.5
48.5	48.5	48.5
48.5	48.5	48.5
48.5	48.5	48.5
48.5	48.5	48.5
48.5	48.5	48.5
48.5	48.5	48.5
48.5	48.5	48.5
48.5	48.5	48.5
48.5	48.5	48.5
48.5	48.5	48.5
48.5	48.5	48.5
48.5	48.5	48.5
48.5	48.5	48.5
48.5	48.5	48.5
48.5	48.5	48.5
48.5	48.5	48.5
48.5	48.5	48.5
48.5	48.5	48.5
48.5	48.5	48.5
48.5	48.5	48.5
48.5	48.5	48.5
48.5	48.5	48.5
48.5	48.5	48.5
48.5	48.5	48.5
48.5	48.5	48.5
48.5	48.5	48.5
48.5	48.5	48.5
