#Time - Plot 0	Amplitude - Plot 0	Time - Plot 1	Amplitude - Plot 1	
0	6.50391	0	-3.83301	
1	6.50391	1	-3.83301	
2	6.50391	2	-3.83301	
3	6.50391	3	-3.83301	
4	6.50879	4	-3.83301	
5	6.50879	5	-3.83301	
6	6.50879	6	-3.83301	
7	6.51367	7	-3.83301	
8	6.51367	8	-3.83301	
9	6.51367	9	-3.83301	
10	6.51367	10	-3.83301	
11	6.51855	11	-3.83301	
12	6.51855	12	-3.83301	
13	6.51855	13	-3.83789	
14	6.52344	14	-3.83789	
15	6.52344	15	-3.83789	
16	6.52832	16	-3.83789	
17	6.52832	17	-3.83789	
18	6.52832	18	-3.84277	
19	6.52832	19	-3.84277	
20	6.5332	20	-3.84277	
21	6.5332	21	-3.84277	
22	6.53809	22	-3.84277	
23	6.53809	23	-3.84277	
24	6.54297	24	-3.84277	
25	6.54297	25	-3.84766	
26	6.54297	26	-3.84766	
27	6.54297	27	-3.84766	
28	6.54785	28	-3.84766	
29	6.54785	29	-3.85254	
30	6.55273	30	-3.85254	
31	6.55273	31	-3.85742	
32	6.55273	32	-3.85254	
33	6.55273	33	-3.85742	
34	6.55762	34	-3.85742	
35	6.55762	35	-3.85742	
36	6.55762	36	-3.8623	
37	6.5625	37	-3.8623	
38	6.5625	38	-3.8623	
39	6.5625	39	-3.8623	
40	6.56738	40	-3.86719	
41	6.56738	41	-3.86719	
42	6.56738	42	-3.86719	
43	6.57227	43	-3.86719	
44	6.57227	44	-3.87207	
45	6.57227	45	-3.87207	
46	6.57227	46	-3.87207	
47	6.57715	47	-3.87695	
48	6.57227	48	-3.87695	
49	6.57715	49	-3.87695	
50	6.57715	50	-3.87695	
51	6.57715	51	-3.88184	
52	6.57715	52	-3.88184	
53	6.58203	53	-3.88184	
54	6.58203	54	-3.88672	
55	6.58203	55	-3.88672	
56	6.58203	56	-3.88672	
57	6.58203	57	-3.88672	
58	6.58203	58	-3.88672	
59	6.58691	59	-3.88672	
60	6.58203	60	-3.8916	
61	6.58203	61	-3.8916	
62	6.58691	62	-3.8916	
63	6.58691	63	-3.8916	
64	6.58691	64	-3.8916	
65	6.58691	65	-3.8916	
66	6.58691	66	-3.8916	
67	6.58691	67	-3.89648	
68	6.58691	68	-3.89648	
69	6.58203	69	-3.89648	
70	6.58203	70	-3.89648	
71	6.58203	71	-3.89648	
72	6.58203	72	-3.89648	
73	6.58203	73	-3.89648	
74	6.58203	74	-3.90137	
75	6.58203	75	-3.90137	
76	6.58203	76	-3.89648	
77	6.58203	77	-3.90137	
78	6.58203	78	-3.90137	
79	6.57715	79	-3.90137	
80	6.57715	80	-3.90137	
81	6.57715	81	-3.90137	
82	6.57715	82	-3.90137	
83	6.57227	83	-3.90137	
84	6.57227	84	-3.90137	
85	6.57227	85	-3.90137	
86	6.56738	86	-3.90137	
87	6.56738	87	-3.89648	
88	6.56738	88	-3.89648	
89	6.56738	89	-3.89648	
90	6.5625	90	-3.90137	
91	6.5625	91	-3.89648	
92	6.5625	92	-3.89648	
93	6.5625	93	-3.89648	
94	6.55762	94	-3.89648	
95	6.55762	95	-3.89648	
96	6.55762	96	-3.89648	
97	6.55762	97	-3.89648	
98	6.55273	98	-3.89648	
99	6.55273	99	-3.8916	
100	6.55273	100	-3.8916	
101	6.54785	101	-3.8916	
102	6.54785	102	-3.8916	
103	6.54297	103	-3.8916	
104	6.54297	104	-3.8916	
105	6.54297	105	-3.8916	
106	6.53809	106	-3.88672	
107	6.53809	107	-3.88672	
108	6.53809	108	-3.88672	
109	6.5332	109	-3.88672	
110	6.5332	110	-3.88672	
111	6.52832	111	-3.88184	
112	6.52832	112	-3.88184	
113	6.52832	113	-3.88184	
114	6.52832	114	-3.87695	
115	6.52344	115	-3.87695	
116	6.52344	116	-3.87695	
117	6.51855	117	-3.87695	
118	6.51855	118	-3.87695	
119	6.51855	119	-3.87207	
120	6.51855	120	-3.87207	
121	6.51367	121	-3.87207	
122	6.51367	122	-3.87207	
123	6.51367	123	-3.86719	
124	6.50879	124	-3.86719	
125	6.50879	125	-3.86719	
126	6.50879	126	-3.8623	
127	6.50879	127	-3.8623	
128	6.50391	128	-3.8623	
129	6.50391	129	-3.8623	
130	6.50391	130	-3.85742	
131	6.50391	131	-3.85742	
132	6.49902	132	-3.85742	
133	6.49902	133	-3.85742	
134	6.49902	134	-3.85742	
135	6.49902	135	-3.85254	
136	6.49902	136	-3.85254	
137	6.49414	137	-3.85254	
138	6.49414	138	-3.85254	
139	6.49414	139	-3.84766	
140	6.49414	140	-3.84766	
141	6.49414	141	-3.84766	
142	6.49414	142	-3.84766	
143	6.49414	143	-3.84277	
144	6.49414	144	-3.84277	
145	6.49414	145	-3.84277	
146	6.49414	146	-3.84277	
147	6.49414	147	-3.84277	
148	6.49414	148	-3.83789	
149	6.49414	149	-3.83789	
150	6.49414	150	-3.83789	
151	6.49414	151	-3.83789	
152	6.49414	152	-3.83789	
153	6.49414	153	-3.83789	
154	6.49414	154	-3.83301	
155	6.49414	155	-3.83301	
156	6.49414	156	-3.83301	
157	6.49414	157	-3.83301	
158	6.49414	158	-3.83301	
159	6.49902	159	-3.83301	
160	6.49902	160	-3.83301	
161	6.49902	161	-3.83301	
162	6.49902	162	-3.83301	
163	6.49902	163	-3.83301	
164	6.49902	164	-3.83301	
165	6.49902	165	-3.83301	
166	6.49902	166	-3.83301	
167	6.50391	167	-3.83301	
168	6.50391	168	-3.83301	
169	6.50391	169	-3.83301	
170	6.50391	170	-3.83301	
171	6.50879	171	-3.83301	
172	6.50879	172	-3.83301	
173	6.50879	173	-3.83301	
174	6.51367	174	-3.83301	
175	6.51367	175	-3.83301	
176	6.51367	176	-3.83301	
177	6.51855	177	-3.83301	
178	6.51855	178	-3.83301	
179	6.51855	179	-3.83301	
180	6.51855	180	-3.83301	
181	6.52344	181	-3.83789	
182	6.52344	182	-3.83789	
183	6.52832	183	-3.83789	
184	6.52832	184	-3.83789	
185	6.52832	185	-3.83789	
186	6.5332	186	-3.84277	
187	6.5332	187	-3.84277	
188	6.53809	188	-3.84277	
189	6.53809	189	-3.84766	
190	6.53809	190	-3.84766	
191	6.53809	191	-3.84766	
192	6.54297	192	-3.84766	
193	6.54297	193	-3.84766	
194	6.54297	194	-3.85254	
195	6.54785	195	-3.85254	
196	6.54785	196	-3.85254	
197	6.54785	197	-3.85254	
198	6.55273	198	-3.85742	
199	6.55273	199	-3.85742	
200	6.55273	200	-3.85742	
201	6.55762	201	-3.85742	
202	6.55762	202	-3.8623	
203	6.55762	203	-3.8623	
204	6.5625	204	-3.8623	
205	6.5625	205	-3.8623	
206	6.5625	206	-3.86719	
207	6.56738	207	-3.86719	
208	6.56738	208	-3.86719	
209	6.56738	209	-3.86719	
210	6.57227	210	-3.87207	
211	6.57227	211	-3.87207	
212	6.57227	212	-3.87207	
213	6.57227	213	-3.87207	
214	6.57227	214	-3.87695	
215	6.57715	215	-3.87695	
216	6.57715	216	-3.87695	
217	6.57715	217	-3.87695	
218	6.57715	218	-3.87695	
219	6.57715	219	-3.88184	
220	6.58203	220	-3.88184	
221	6.58203	221	-3.88184	
222	6.58203	222	-3.88184	
223	6.58203	223	-3.88672	
224	6.58203	224	-3.88672	
225	6.58203	225	-3.88672	
226	6.58203	226	-3.88672	
227	6.58203	227	-3.8916	
228	6.58691	228	-3.8916	
229	6.58203	229	-3.8916	
230	6.58203	230	-3.8916	
231	6.58691	231	-3.8916	
232	6.58691	232	-3.8916	
233	6.58691	233	-3.89648	
234	6.58203	234	-3.89648	
235	6.58691	235	-3.89648	
236	6.58203	236	-3.89648	
237	6.58203	237	-3.89648	
238	6.58203	238	-3.89648	
239	6.58203	239	-3.89648	
240	6.58203	240	-3.89648	
241	6.58203	241	-3.90137	
242	6.58203	242	-3.89648	
243	6.58203	243	-3.90137	
244	6.58203	244	-3.90137	
245	6.58203	245	-3.89648	
246	6.57715	246	-3.90137	
247	6.57715	247	-3.90137	
248	6.57715	248	-3.90137	
249	6.57715	249	-3.90137	
250	6.57715	250	-3.90137	
251	6.57227	251	-3.90137	
252	6.57227	252	-3.90137	
253	6.57227	253	-3.90137	
254	6.57227	254	-3.89648	
255	6.56738	255	-3.90137	
256	6.56738	256	-3.89648	
257	6.56738	257	-3.89648	
258	6.56738	258	-3.90137	
259	6.5625	259	-3.89648	
260	6.5625	260	-3.89648	
261	6.55762	261	-3.89648	
262	6.55762	262	-3.89648	
263	6.55762	263	-3.89648	
264	6.55273	264	-3.89648	
265	6.55273	265	-3.89648	
266	6.55273	266	-3.89648	
267	6.54785	267	-3.89648	
268	6.54785	268	-3.8916	
269	6.54785	269	-3.8916	
270	6.54297	270	-3.8916	
271	6.54297	271	-3.8916	
272	6.54297	272	-3.88672	
273	6.53809	273	-3.88672	
274	6.53809	274	-3.88672	
275	6.53809	275	-3.88672	
276	6.5332	276	-3.88672	
277	6.5332	277	-3.88672	
278	6.52832	278	-3.88184	
279	6.5332	279	-3.88184	
280	6.52832	280	-3.88184	
281	6.52832	281	-3.87695	
282	6.52344	282	-3.87695	
283	6.52344	283	-3.87695	
284	6.51855	284	-3.87695	
285	6.51855	285	-3.87207	
286	6.51855	286	-3.87207	
287	6.51855	287	-3.87207	
288	6.51367	288	-3.87207	
289	6.51367	289	-3.86719	
290	6.51367	290	-3.86719	
291	6.51367	291	-3.86719	
292	6.50879	292	-3.86719	
293	6.50879	293	-3.8623	
294	6.50879	294	-3.8623	
295	6.50391	295	-3.8623	
296	6.50879	296	-3.8623	
297	6.50391	297	-3.8623	
298	6.50391	298	-3.85742	
299	6.49902	299	-3.85742	
300	6.49902	300	-3.85742	
301	6.49902	301	-3.85254	
302	6.49902	302	-3.85254	
303	6.49902	303	-3.85254	
304	6.49902	304	-3.85254	
305	6.49902	305	-3.84766	
306	6.49902	306	-3.84766	
307	6.49414	307	-3.84766	
308	6.49414	308	-3.84766	
309	6.49414	309	-3.84766	
310	6.49414	310	-3.84277	
311	6.49414	311	-3.84277	
312	6.49414	312	-3.84277	
313	6.49414	313	-3.84277	
314	6.49414	314	-3.83789	
315	6.49414	315	-3.83789	
316	6.49414	316	-3.83789	
317	6.49414	317	-3.83789	
318	6.49414	318	-3.83789	
319	6.49414	319	-3.83789	
320	6.49414	320	-3.83301	
321	6.49414	321	-3.83301	
322	6.49414	322	-3.83301	
323	6.49414	323	-3.83301	
324	6.49414	324	-3.83301	
325	6.49902	325	-3.83301	
326	6.49902	326	-3.83301	
327	6.49902	327	-3.83301	
328	6.49902	328	-3.83301	
329	6.49902	329	-3.83301	
330	6.49902	330	-3.83301	
331	6.49902	331	-3.83301	
332	6.50391	332	-3.83301	
333	6.50391	333	-3.83301	
334	6.50391	334	-3.83301	
335	6.50391	335	-3.83301	
336	6.50879	336	-3.83301	
337	6.50879	337	-3.83301	
338	6.50879	338	-3.83301	
339	6.51367	339	-3.83301	
340	6.51367	340	-3.83301	
341	6.51367	341	-3.83301	
342	6.51367	342	-3.83301	
343	6.51855	343	-3.83301	
344	6.51855	344	-3.83789	
345	6.51855	345	-3.83789	
346	6.52344	346	-3.83789	
347	6.52344	347	-3.83789	
348	6.52344	348	-3.83789	
349	6.52832	349	-3.83789	
350	6.52832	350	-3.83789	
351	6.52832	351	-3.83789	
352	6.5332	352	-3.84277	
353	6.5332	353	-3.84277	
354	6.5332	354	-3.84277	
355	6.53809	355	-3.84277	
356	6.53809	356	-3.84277	
357	6.53809	357	-3.84766	
358	6.54297	358	-3.84766	
359	6.54297	359	-3.84766	
360	6.54297	360	-3.84766	
361	6.54785	361	-3.85254	
362	6.54785	362	-3.85254	
363	6.54785	363	-3.85254	
364	6.55273	364	-3.85742	
365	6.55273	365	-3.85742	
366	6.55273	366	-3.85742	
367	6.55273	367	-3.85742	
368	6.55762	368	-3.85742	
369	6.55762	369	-3.8623	
370	6.55762	370	-3.8623	
371	6.5625	371	-3.8623	
372	6.5625	372	-3.8623	
373	6.56738	373	-3.86719	
374	6.56738	374	-3.86719	
375	6.56738	375	-3.86719	
376	6.56738	376	-3.86719	
377	6.57227	377	-3.87207	
378	6.57227	378	-3.87207	
379	6.57227	379	-3.87207	
380	6.57227	380	-3.87207	
381	6.57227	381	-3.87695	
382	6.57715	382	-3.87695	
383	6.57715	383	-3.87695	
384	6.57715	384	-3.87695	
385	6.57715	385	-3.88184	
386	6.58203	386	-3.88184	
387	6.58203	387	-3.88184	
388	6.58203	388	-3.88184	
389	6.58203	389	-3.88672	
390	6.58203	390	-3.88672	
391	6.58203	391	-3.88672	
392	6.58203	392	-3.88672	
393	6.58203	393	-3.88672	
394	6.58203	394	-3.8916	
395	6.58203	395	-3.8916	
396	6.58203	396	-3.8916	
397	6.58203	397	-3.8916	
398	6.58203	398	-3.8916	
399	6.58203	399	-3.8916	
400	6.58203	400	-3.89648	
401	6.58203	401	-3.89648	
402	6.58203	402	-3.89648	
403	6.58203	403	-3.89648	
404	6.58203	404	-3.89648	
405	6.58203	405	-3.89648	
406	6.58203	406	-3.89648	
407	6.58203	407	-3.89648	
408	6.58203	408	-3.89648	
409	6.58203	409	-3.89648	
410	6.58203	410	-3.90137	
411	6.58203	411	-3.89648	
412	6.57715	412	-3.89648	
413	6.57715	413	-3.90137	
414	6.57715	414	-3.89648	
415	6.57227	415	-3.90137	
416	6.57227	416	-3.90137	
417	6.57227	417	-3.90137	
418	6.57227	418	-3.90137	
419	6.57227	419	-3.90137	
420	6.56738	420	-3.89648	
421	6.56738	421	-3.90137	
422	6.56738	422	-3.89648	
423	6.56738	423	-3.89648	
424	6.5625	424	-3.89648	
425	6.5625	425	-3.89648	
426	6.5625	426	-3.89648	
427	6.55762	427	-3.89648	
428	6.55762	428	-3.89648	
429	6.55762	429	-3.89648	
430	6.55273	430	-3.89648	
431	6.55273	431	-3.89648	
432	6.55273	432	-3.8916	
433	6.54785	433	-3.8916	
434	6.54785	434	-3.8916	
435	6.54785	435	-3.8916	
436	6.54297	436	-3.8916	
437	6.54297	437	-3.8916	
438	6.54297	438	-3.8916	
439	6.53809	439	-3.88672	
440	6.53809	440	-3.88672	
441	6.53809	441	-3.88672	
442	6.5332	442	-3.88672	
443	6.5332	443	-3.88672	
444	6.5332	444	-3.88184	
445	6.52832	445	-3.88184	
446	6.52832	446	-3.88184	
447	6.52344	447	-3.88184	
448	6.52344	448	-3.87695	
449	6.52344	449	-3.87695	
450	6.51855	450	-3.87695	
451	6.51855	451	-3.87695	
452	6.51855	452	-3.87207	
453	6.51367	453	-3.87207	
454	6.51855	454	-3.87207	
455	6.51367	455	-3.87207	
456	6.51367	456	-3.86719	
457	6.50879	457	-3.86719	
458	6.50879	458	-3.86719	
459	6.50879	459	-3.86719	
460	6.50879	460	-3.8623	
461	6.50391	461	-3.8623	
462	6.50391	462	-3.8623	
463	6.50391	463	-3.8623	
464	6.49902	464	-3.85742	
465	6.49902	465	-3.85742	
466	6.49902	466	-3.85742	
467	6.49902	467	-3.85254	
468	6.49902	468	-3.85254	
469	6.49902	469	-3.85254	
470	6.49414	470	-3.85254	
471	6.49414	471	-3.85254	
472	6.49414	472	-3.84766	
473	6.49414	473	-3.84766	
474	6.49414	474	-3.84766	
475	6.49414	475	-3.84277	
476	6.49414	476	-3.84277	
477	6.49414	477	-3.84277	
478	6.49414	478	-3.84277	
479	6.49414	479	-3.84277	
480	6.49414	480	-3.84277	
481	6.49414	481	-3.83789	
482	6.49414	482	-3.83789	
483	6.48926	483	-3.83789	
484	6.49414	484	-3.83789	
485	6.49414	485	-3.83789	
486	6.49414	486	-3.83789	
487	6.49414	487	-3.83301	
488	6.49414	488	-3.83301	
489	6.49414	489	-3.83301	
490	6.49414	490	-3.83301	
491	6.49414	491	-3.83301	
492	6.49414	492	-3.83301	
493	6.49414	493	-3.83301	
494	6.49902	494	-3.83301	
495	6.49902	495	-3.83301	
496	6.49902	496	-3.83301	
497	6.49902	497	-3.83301	
498	6.49902	498	-3.83301	
499	6.50391	499	-3.83301	
500	6.50391	500	-3.83301	
501	6.50391	501	-3.83301	
502	6.50391	502	-3.83301	
503	6.50391	503	-3.83301	
504	6.50391	504	-3.83301	
505	6.50879	505	-3.83301	
506	6.50879	506	-3.83301	
507	6.51367	507	-3.83301	
508	6.51367	508	-3.83301	
509	6.51367	509	-3.83301	
510	6.51855	510	-3.83301	
511	6.51855	511	-3.83301	
512	6.51855	512	-3.83301	
513	6.52344	513	-3.83789	
514	6.51855	514	-3.83789	
515	6.52344	515	-3.83789	
516	6.52344	516	-3.83789	
517	6.52344	517	-3.83789	
518	6.52832	518	-3.84277	
519	6.52832	519	-3.84277	
520	6.5332	520	-3.84277	
521	6.5332	521	-3.84277	
522	6.5332	522	-3.84277	
523	6.53809	523	-3.84277	
524	6.53809	524	-3.84766	
525	6.53809	525	-3.84766	
526	6.54297	526	-3.84766	
527	6.54297	527	-3.84766	
528	6.54785	528	-3.84766	
529	6.54785	529	-3.85254	
530	6.54785	530	-3.85254	
531	6.54785	531	-3.85254	
532	6.55273	532	-3.85742	
533	6.55273	533	-3.85742	
534	6.55762	534	-3.85742	
535	6.55762	535	-3.8623	
536	6.55762	536	-3.8623	
537	6.55762	537	-3.8623	
538	6.5625	538	-3.8623	
539	6.5625	539	-3.8623	
540	6.56738	540	-3.86719	
541	6.56738	541	-3.86719	
542	6.56738	542	-3.86719	
543	6.56738	543	-3.87207	
544	6.57227	544	-3.87207	
545	6.57227	545	-3.87207	
546	6.57227	546	-3.87207	
547	6.57715	547	-3.87695	
548	6.57715	548	-3.87695	
549	6.57715	549	-3.87695	
550	6.57715	550	-3.87695	
551	6.57715	551	-3.87695	
552	6.57715	552	-3.87695	
553	6.57715	553	-3.88184	
554	6.58203	554	-3.88184	
555	6.58203	555	-3.88184	
556	6.58203	556	-3.88672	
557	6.58203	557	-3.88672	
558	6.58203	558	-3.88672	
559	6.58203	559	-3.88672	
560	6.58203	560	-3.8916	
561	6.58203	561	-3.8916	
562	6.58203	562	-3.8916	
563	6.58203	563	-3.8916	
564	6.58203	564	-3.8916	
565	6.58203	565	-3.89648	
566	6.58203	566	-3.89648	
567	6.58203	567	-3.89648	
568	6.58203	568	-3.89648	
569	6.58203	569	-3.89648	
570	6.58203	570	-3.89648	
571	6.58203	571	-3.89648	
572	6.58203	572	-3.89648	
573	6.58203	573	-3.90137	
574	6.58203	574	-3.90137	
575	6.58203	575	-3.90137	
576	6.58203	576	-3.90137	
577	6.58203	577	-3.90137	
578	6.57715	578	-3.89648	
579	6.57715	579	-3.90137	
580	6.57715	580	-3.90137	
581	6.57715	581	-3.90137	
582	6.57715	582	-3.90137	
583	6.57715	583	-3.90137	
584	6.57227	584	-3.90137	
585	6.57227	585	-3.90137	
586	6.57227	586	-3.90137	
587	6.57227	587	-3.90137	
588	6.56738	588	-3.90137	
589	6.56738	589	-3.89648	
590	6.56738	590	-3.90137	
591	6.5625	591	-3.89648	
592	6.5625	592	-3.89648	
593	6.55762	593	-3.89648	
594	6.55762	594	-3.89648	
595	6.55762	595	-3.89648	
596	6.55762	596	-3.89648	
597	6.55273	597	-3.89648	
598	6.55273	598	-3.89648	
599	6.54785	599	-3.89648	
600	6.54785	600	-3.89648	
601	6.54785	601	-3.8916	
602	6.54785	602	-3.8916	
603	6.54297	603	-3.8916	
604	6.54297	604	-3.8916	
605	6.54297	605	-3.88672	
606	6.53809	606	-3.88672	
607	6.53809	607	-3.88672	
608	6.53809	608	-3.88672	
609	6.5332	609	-3.88672	
610	6.5332	610	-3.88184	
611	6.5332	611	-3.88184	
612	6.52832	612	-3.88184	
613	6.52832	613	-3.87695	
614	6.52832	614	-3.87695	
615	6.52344	615	-3.87695	
616	6.52344	616	-3.87695	
617	6.52344	617	-3.87695	
618	6.51855	618	-3.87207	
619	6.51855	619	-3.87207	
620	6.51855	620	-3.87207	
621	6.51367	621	-3.87207	
622	6.51367	622	-3.86719	
623	6.51367	623	-3.87207	
624	6.50879	624	-3.86719	
625	6.50879	625	-3.86719	
626	6.50879	626	-3.8623	
627	6.50879	627	-3.8623	
628	6.50391	628	-3.8623	
629	6.50391	629	-3.8623	
630	6.50391	630	-3.85742	
631	6.50391	631	-3.85742	
632	6.50391	632	-3.85742	
633	6.49902	633	-3.85742	
634	6.49902	634	-3.85254	
635	6.49902	635	-3.85254	
636	6.49902	636	-3.85254	
637	6.49902	637	-3.85254	
638	6.49414	638	-3.84766	
639	6.49414	639	-3.84766	
640	6.49414	640	-3.84766	
641	6.49414	641	-3.84766	
642	6.49414	642	-3.84766	
643	6.49414	643	-3.84277	
644	6.49414	644	-3.84277	
645	6.49414	645	-3.84277	
646	6.49414	646	-3.84277	
647	6.49414	647	-3.83789	
648	6.49414	648	-3.83789	
649	6.49414	649	-3.83789	
650	6.49414	650	-3.83789	
651	6.49414	651	-3.83789	
652	6.49414	652	-3.83789	
653	6.49414	653	-3.83789	
654	6.49414	654	-3.83301	
655	6.49414	655	-3.83301	
656	6.49414	656	-3.83301	
657	6.49414	657	-3.83301	
658	6.49902	658	-3.83301	
659	6.49414	659	-3.83301	
660	6.49902	660	-3.83301	
661	6.49902	661	-3.83301	
662	6.49902	662	-3.83301	
663	6.49902	663	-3.83301	
664	6.49902	664	-3.83301	
665	6.49902	665	-3.83301	
666	6.49902	666	-3.83301	
667	6.50391	667	-3.83301	
668	6.50391	668	-3.83301	
669	6.50391	669	-3.83301	
670	6.50879	670	-3.83301	
671	6.50879	671	-3.83301	
672	6.50879	672	-3.83301	
673	6.51367	673	-3.83301	
674	6.51367	674	-3.83301	
675	6.51367	675	-3.83301	
676	6.51855	676	-3.83301	
677	6.51855	677	-3.83301	
678	6.51855	678	-3.83301	
679	6.51855	679	-3.83789	
680	6.52344	680	-3.83789	
681	6.52344	681	-3.83789	
682	6.52344	682	-3.83789	
683	6.52832	683	-3.83789	
684	6.52832	684	-3.84277	
685	6.52832	685	-3.83789	
686	6.5332	686	-3.84277	
687	6.5332	687	-3.84277	
688	6.53809	688	-3.84277	
689	6.53809	689	-3.84277	
690	6.53809	690	-3.84766	
691	6.53809	691	-3.84766	
692	6.54297	692	-3.84766	
693	6.54297	693	-3.84766	
694	6.54297	694	-3.84766	
695	6.54785	695	-3.85254	
696	6.54785	696	-3.85254	
697	6.54785	697	-3.85254	
698	6.55273	698	-3.85254	
699	6.55273	699	-3.85742	
700	6.55762	700	-3.85742	
701	6.55762	701	-3.85742	
702	6.55762	702	-3.85742	
703	6.55762	703	-3.8623	
704	6.5625	704	-3.8623	
705	6.5625	705	-3.8623	
706	6.5625	706	-3.8623	
707	6.56738	707	-3.86719	
708	6.56738	708	-3.86719	
709	6.56738	709	-3.86719	
710	6.56738	710	-3.86719	
711	6.57227	711	-3.87207	
712	6.57227	712	-3.87207	
713	6.57227	713	-3.87207	
714	6.57715	714	-3.87207	
715	6.57715	715	-3.87695	
716	6.57715	716	-3.87695	
717	6.57715	717	-3.87695	
718	6.57715	718	-3.88184	
719	6.57715	719	-3.88184	
720	6.58203	720	-3.88184	
721	6.58203	721	-3.88184	
722	6.58203	722	-3.88672	
723	6.58203	723	-3.88672	
724	6.58203	724	-3.88672	
725	6.58203	725	-3.88672	
726	6.58203	726	-3.88672	
727	6.58203	727	-3.88672	
728	6.58203	728	-3.8916	
729	6.58203	729	-3.8916	
730	6.58691	730	-3.8916	
731	6.58203	731	-3.89648	
732	6.58691	732	-3.8916	
733	6.58691	733	-3.89648	
734	6.58203	734	-3.89648	
735	6.58691	735	-3.89648	
736	6.58203	736	-3.89648	
737	6.58203	737	-3.89648	
738	6.58203	738	-3.89648	
739	6.58203	739	-3.89648	
740	6.58203	740	-3.89648	
741	6.58203	741	-3.90137	
742	6.58203	742	-3.90137	
743	6.58203	743	-3.90137	
744	6.57715	744	-3.90137	
745	6.58203	745	-3.89648	
746	6.57715	746	-3.90137	
747	6.57715	747	-3.90137	
748	6.57715	748	-3.90137	
749	6.57715	749	-3.90137	
750	6.57227	750	-3.90137	
751	6.57227	751	-3.90137	
752	6.57227	752	-3.90137	
753	6.57227	753	-3.90137	
754	6.56738	754	-3.89648	
755	6.56738	755	-3.90137	
756	6.56738	756	-3.90137	
757	6.56738	757	-3.89648	
758	6.5625	758	-3.89648	
759	6.5625	759	-3.89648	
760	6.5625	760	-3.89648	
761	6.55762	761	-3.89648	
762	6.55762	762	-3.89648	
763	6.55273	763	-3.89648	
764	6.55273	764	-3.89648	
765	6.55273	765	-3.89648	
766	6.55273	766	-3.89648	
767	6.54785	767	-3.89648	
768	6.54785	768	-3.8916	
769	6.54785	769	-3.8916	
770	6.54785	770	-3.8916	
771	6.54297	771	-3.8916	
772	6.54297	772	-3.8916	
773	6.53809	773	-3.88672	
774	6.53809	774	-3.88672	
775	6.5332	775	-3.88672	
776	6.5332	776	-3.88672	
777	6.5332	777	-3.88672	
778	6.5332	778	-3.88184	
779	6.52832	779	-3.88184	
780	6.52832	780	-3.88184	
781	6.52832	781	-3.88184	
782	6.52344	782	-3.87695	
783	6.52344	783	-3.87695	
784	6.51855	784	-3.87695	
785	6.51855	785	-3.87695	
786	6.51855	786	-3.87207	
787	6.51855	787	-3.87207	
788	6.51367	788	-3.87207	
789	6.51367	789	-3.87207	
790	6.51367	790	-3.86719	
791	6.50879	791	-3.86719	
792	6.50879	792	-3.86719	
793	6.50879	793	-3.8623	
794	6.50879	794	-3.8623	
795	6.50391	795	-3.8623	
796	6.50391	796	-3.8623	
797	6.50391	797	-3.85742	
798	6.50391	798	-3.85742	
799	6.49902	799	-3.85742	
800	6.49902	800	-3.85742	
801	6.49902	801	-3.85742	
802	6.49902	802	-3.85254	
803	6.49902	803	-3.85254	
804	6.49902	804	-3.85254	
805	6.49414	805	-3.84766	
806	6.49414	806	-3.84766	
807	6.49414	807	-3.84766	
808	6.49414	808	-3.84766	
809	6.49414	809	-3.84766	
810	6.49414	810	-3.84277	
811	6.49414	811	-3.84277	
812	6.49414	812	-3.84277	
813	6.49414	813	-3.84277	
814	6.49414	814	-3.84277	
815	6.49414	815	-3.83789	
816	6.48926	816	-3.83789	
817	6.49414	817	-3.83789	
818	6.49414	818	-3.83789	
819	6.49414	819	-3.83789	
820	6.49414	820	-3.83301	
821	6.49414	821	-3.83301	
822	6.49414	822	-3.83301	
823	6.49414	823	-3.83301	
824	6.49414	824	-3.83301	
825	6.49414	825	-3.83301	
826	6.49902	826	-3.83301	
827	6.49902	827	-3.83301	
828	6.49902	828	-3.83301	
829	6.49902	829	-3.83301	
830	6.49902	830	-3.83301	
831	6.49902	831	-3.83301	
832	6.49902	832	-3.83301	
833	6.50391	833	-3.83301	
834	6.50391	834	-3.83301	
835	6.50391	835	-3.83301	
836	6.50391	836	-3.83301	
837	6.50879	837	-3.83301	
838	6.50879	838	-3.83301	
839	6.50879	839	-3.83301	
840	6.51367	840	-3.83301	
841	6.51367	841	-3.83301	
842	6.51367	842	-3.83301	
843	6.51367	843	-3.83301	
844	6.51855	844	-3.83301	
845	6.51855	845	-3.83789	
846	6.51855	846	-3.83789	
847	6.52344	847	-3.83789	
848	6.52344	848	-3.83789	
849	6.52344	849	-3.83789	
850	6.52832	850	-3.83789	
851	6.52832	851	-3.83789	
852	6.52832	852	-3.84277	
853	6.5332	853	-3.84277	
854	6.5332	854	-3.84277	
855	6.53809	855	-3.84277	
856	6.53809	856	-3.84277	
857	6.53809	857	-3.84766	
858	6.53809	858	-3.84766	
859	6.54297	859	-3.84766	
860	6.54297	860	-3.84766	
861	6.54785	861	-3.84766	
862	6.54785	862	-3.85254	
863	6.54785	863	-3.85254	
864	6.55273	864	-3.85254	
865	6.55273	865	-3.85742	
866	6.55273	866	-3.85742	
867	6.55762	867	-3.85742	
868	6.55762	868	-3.85742	
869	6.55762	869	-3.85742	
870	6.55762	870	-3.8623	
871	6.5625	871	-3.8623	
872	6.5625	872	-3.8623	
873	6.56738	873	-3.8623	
874	6.56738	874	-3.86719	
875	6.56738	875	-3.86719	
876	6.57227	876	-3.86719	
877	6.57227	877	-3.87207	
878	6.57227	878	-3.87207	
879	6.57227	879	-3.87207	
880	6.57227	880	-3.87207	
881	6.57715	881	-3.87695	
882	6.57715	882	-3.87695	
883	6.57715	883	-3.87695	
884	6.57715	884	-3.87695	
885	6.57715	885	-3.87695	
886	6.58203	886	-3.88184	
887	6.58203	887	-3.88184	
888	6.58203	888	-3.88184	
889	6.58203	889	-3.88672	
890	6.58203	890	-3.88672	
891	6.58203	891	-3.88672	
892	6.58203	892	-3.88672	
893	6.58203	893	-3.88672	
894	6.58203	894	-3.88672	
895	6.58203	895	-3.8916	
896	6.58691	896	-3.8916	
897	6.58691	897	-3.8916	
898	6.58691	898	-3.8916	
899	6.58691	899	-3.8916	
900	6.58691	900	-3.8916	
901	6.58691	901	-3.89648	
902	6.58691	902	-3.89648	
903	6.58203	903	-3.89648	
904	6.58203	904	-3.89648	
905	6.58203	905	-3.89648	
906	6.58203	906	-3.89648	
907	6.58203	907	-3.89648	
908	6.58203	908	-3.89648	
909	6.58203	909	-3.89648	
910	6.58203	910	-3.90137	
911	6.57715	911	-3.90137	
912	6.57715	912	-3.89648	
913	6.57715	913	-3.90137	
914	6.57715	914	-3.89648	
915	6.57715	915	-3.89648	
916	6.57715	916	-3.89648	
917	6.57227	917	-3.89648	
918	6.57227	918	-3.90137	
919	6.57227	919	-3.90137	
920	6.57227	920	-3.89648	
921	6.56738	921	-3.90137	
922	6.56738	922	-3.90137	
923	6.56738	923	-3.89648	
924	6.56738	924	-3.89648	
925	6.5625	925	-3.89648	
926	6.5625	926	-3.89648	
927	6.5625	927	-3.89648	
928	6.55762	928	-3.89648	
929	6.55762	929	-3.89648	
930	6.55762	930	-3.89648	
931	6.55273	931	-3.89648	
932	6.55273	932	-3.8916	
933	6.55273	933	-3.8916	
934	6.54785	934	-3.8916	
935	6.54785	935	-3.8916	
936	6.54785	936	-3.8916	
937	6.54297	937	-3.8916	
938	6.54297	938	-3.8916	
939	6.54297	939	-3.88672	
940	6.53809	940	-3.88672	
941	6.53809	941	-3.88672	
942	6.53809	942	-3.88672	
943	6.5332	943	-3.88672	
944	6.5332	944	-3.88184	
945	6.5332	945	-3.88184	
946	6.52832	946	-3.88184	
947	6.52832	947	-3.87695	
948	6.52344	948	-3.87695	
949	6.52344	949	-3.87695	
950	6.52344	950	-3.87695	
951	6.51855	951	-3.87695	
952	6.51855	952	-3.87207	
953	6.51855	953	-3.87207	
954	6.51855	954	-3.87207	
955	6.51367	955	-3.87207	
956	6.51367	956	-3.86719	
957	6.50879	957	-3.86719	
958	6.50879	958	-3.86719	
959	6.50879	959	-3.86719	
960	6.50879	960	-3.8623	
961	6.50879	961	-3.8623	
962	6.50391	962	-3.8623	
963	6.50391	963	-3.8623	
964	6.50391	964	-3.85742	
965	6.50391	965	-3.85742	
966	6.49902	966	-3.85742	
967	6.49902	967	-3.85254	
968	6.49902	968	-3.85254	
969	6.49902	969	-3.85254	
970	6.49902	970	-3.85254	
971	6.49902	971	-3.84766	
972	6.49414	972	-3.84766	
973	6.49414	973	-3.84766	
974	6.49414	974	-3.84766	
975	6.49414	975	-3.84766	
976	6.49414	976	-3.84277	
977	6.49414	977	-3.84277	
978	6.49414	978	-3.84277	
979	6.49414	979	-3.84277	
980	6.49414	980	-3.84277	
981	6.49414	981	-3.83789	
982	6.49414	982	-3.83789	
983	6.49414	983	-3.83789	
984	6.49414	984	-3.83789	
985	6.49414	985	-3.83789	
986	6.49414	986	-3.83789	
987	6.49414	987	-3.83301	
988	6.49414	988	-3.83301	
989	6.49414	989	-3.83301	
990	6.49414	990	-3.83301	
991	6.49414	991	-3.83301	
992	6.49902	992	-3.83301	
993	6.49902	993	-3.83301	
994	6.49902	994	-3.83301	
995	6.49902	995	-3.83301	
996	6.49902	996	-3.83301	
997	6.49902	997	-3.83301	
998	6.50391	998	-3.83301	
999	6.50391	999	-3.83301	
1000	6.50391	1000	-3.83301	
1001	6.50391	1001	-3.83301	
1002	6.50391	1002	-3.83301	
1003	6.50879	1003	-3.83301	
1004	6.50879	1004	-3.83301	
1005	6.50879	1005	-3.83301	
1006	6.50879	1006	-3.83301	
1007	6.51367	1007	-3.83301	
1008	6.51367	1008	-3.83301	
1009	6.51855	1009	-3.83301	
1010	6.51855	1010	-3.83301	
1011	6.51855	1011	-3.83301	
1012	6.51855	1012	-3.83789	
1013	6.52344	1013	-3.83789	
1014	6.52344	1014	-3.83789	
1015	6.52344	1015	-3.83789	
1016	6.52344	1016	-3.83789	
1017	6.52832	1017	-3.83789	
1018	6.52832	1018	-3.84277	
1019	6.5332	1019	-3.84277	
1020	6.5332	1020	-3.84277	
1021	6.5332	1021	-3.84277	
1022	6.53809	1022	-3.84766	
1023	6.53809	1023	-3.84277	
1024	6.54297	1024	-3.84766	
1025	6.54297	1025	-3.84766	
1026	6.54297	1026	-3.84766	
1027	6.54785	1027	-3.84766	
1028	6.54785	1028	-3.85254	
1029	6.54785	1029	-3.85254	
1030	6.55273	1030	-3.85254	
1031	6.55273	1031	-3.85254	
1032	6.55273	1032	-3.85742	
1033	6.55762	1033	-3.85742	
1034	6.55762	1034	-3.85742	
1035	6.55762	1035	-3.85742	
1036	6.5625	1036	-3.8623	
1037	6.5625	1037	-3.8623	
1038	6.5625	1038	-3.8623	
1039	6.5625	1039	-3.86719	
1040	6.56738	1040	-3.86719	
1041	6.56738	1041	-3.86719	
1042	6.56738	1042	-3.86719	
1043	6.57227	1043	-3.87207	
1044	6.57227	1044	-3.87207	
1045	6.57227	1045	-3.87207	
1046	6.57227	1046	-3.87207	
1047	6.57715	1047	-3.87695	
1048	6.57715	1048	-3.87695	
1049	6.57715	1049	-3.87695	
1050	6.57715	1050	-3.87695	
1051	6.57715	1051	-3.88184	
1052	6.57715	1052	-3.88184	
1053	6.58203	1053	-3.88184	
1054	6.58203	1054	-3.88184	
1055	6.58203	1055	-3.88184	
1056	6.58203	1056	-3.88672	
1057	6.58203	1057	-3.88672	
1058	6.58691	1058	-3.88672	
1059	6.58691	1059	-3.8916	
1060	6.58691	1060	-3.8916	
1061	6.58691	1061	-3.8916	
1062	6.58691	1062	-3.8916	
1063	6.58691	1063	-3.8916	
1064	6.58691	1064	-3.8916	
1065	6.58691	1065	-3.8916	
1066	6.58203	1066	-3.89648	
1067	6.58691	1067	-3.89648	
1068	6.58691	1068	-3.89648	
1069	6.58203	1069	-3.89648	
1070	6.58691	1070	-3.89648	
1071	6.58203	1071	-3.89648	
1072	6.58203	1072	-3.89648	
1073	6.58203	1073	-3.89648	
1074	6.58203	1074	-3.90137	
1075	6.58203	1075	-3.89648	
1076	6.58203	1076	-3.90137	
1077	6.58203	1077	-3.90137	
1078	6.58203	1078	-3.90137	
1079	6.58203	1079	-3.90137	
1080	6.57715	1080	-3.90137	
1081	6.57715	1081	-3.90137	
1082	6.57715	1082	-3.90137	
1083	6.57715	1083	-3.90137	
1084	6.57227	1084	-3.90137	
1085	6.57227	1085	-3.90137	
1086	6.57227	1086	-3.90137	
1087	6.57227	1087	-3.90137	
1088	6.56738	1088	-3.90137	
1089	6.56738	1089	-3.89648	
1090	6.56738	1090	-3.89648	
1091	6.5625	1091	-3.89648	
1092	6.5625	1092	-3.89648	
1093	6.5625	1093	-3.89648	
1094	6.55762	1094	-3.89648	
1095	6.55762	1095	-3.89648	
1096	6.55762	1096	-3.89648	
1097	6.55273	1097	-3.89648	
1098	6.55273	1098	-3.89648	
1099	6.55273	1099	-3.89648	
1100	6.55273	1100	-3.89648	
1101	6.54785	1101	-3.8916	
1102	6.54785	1102	-3.8916	
1103	6.54785	1103	-3.8916	
1104	6.54297	1104	-3.8916	
1105	6.54297	1105	-3.8916	
1106	6.54297	1106	-3.8916	
1107	6.53809	1107	-3.88672	
1108	6.53809	1108	-3.88672	
1109	6.5332	1109	-3.88672	
1110	6.5332	1110	-3.88672	
1111	6.5332	1111	-3.88672	
1112	6.52832	1112	-3.88184	
1113	6.52832	1113	-3.88184	
1114	6.52832	1114	-3.87695	
1115	6.52344	1115	-3.87695	
1116	6.52344	1116	-3.87695	
1117	6.52344	1117	-3.87695	
1118	6.51855	1118	-3.87207	
1119	6.51855	1119	-3.87207	
1120	6.51855	1120	-3.87207	
1121	6.51367	1121	-3.87207	
1122	6.51367	1122	-3.86719	
1123	6.51367	1123	-3.86719	
1124	6.50879	1124	-3.86719	
1125	6.50879	1125	-3.86719	
1126	6.50879	1126	-3.8623	
1127	6.50879	1127	-3.8623	
1128	6.50879	1128	-3.8623	
1129	6.50391	1129	-3.8623	
1130	6.50391	1130	-3.85742	
1131	6.50391	1131	-3.85742	
1132	6.50391	1132	-3.85742	
1133	6.49902	1133	-3.85742	
1134	6.49902	1134	-3.85254	
1135	6.49902	1135	-3.85254	
1136	6.49902	1136	-3.85254	
1137	6.49414	1137	-3.85254	
1138	6.49414	1138	-3.84766	
1139	6.49414	1139	-3.84766	
1140	6.49414	1140	-3.84766	
1141	6.49414	1141	-3.84766	
1142	6.49414	1142	-3.84766	
1143	6.49414	1143	-3.84277	
1144	6.49414	1144	-3.84277	
1145	6.49414	1145	-3.84277	
1146	6.49414	1146	-3.84277	
1147	6.49414	1147	-3.84277	
1148	6.49414	1148	-3.83789	
1149	6.49414	1149	-3.83789	
1150	6.49414	1150	-3.83789	
1151	6.49414	1151	-3.83789	
1152	6.49414	1152	-3.83789	
1153	6.49414	1153	-3.83789	
1154	6.49414	1154	-3.83301	
1155	6.49414	1155	-3.83301	
1156	6.49414	1156	-3.83301	
1157	6.49414	1157	-3.83301	
1158	6.49414	1158	-3.83301	
1159	6.49414	1159	-3.83301	
1160	6.49902	1160	-3.83301	
1161	6.49902	1161	-3.83301	
1162	6.49902	1162	-3.83301	
1163	6.49902	1163	-3.83301	
1164	6.49902	1164	-3.83301	
1165	6.49902	1165	-3.83301	
1166	6.50391	1166	-3.83301	
1167	6.50391	1167	-3.83301	
1168	6.50391	1168	-3.83301	
1169	6.50879	1169	-3.83301	
1170	6.50879	1170	-3.83301	
1171	6.50879	1171	-3.83301	
1172	6.50879	1172	-3.83301	
1173	6.51367	1173	-3.83301	
1174	6.51367	1174	-3.83301	
1175	6.51367	1175	-3.83301	
1176	6.51367	1176	-3.83301	
1177	6.51855	1177	-3.83301	
1178	6.51855	1178	-3.83789	
1179	6.51855	1179	-3.83301	
1180	6.52344	1180	-3.83789	
1181	6.52344	1181	-3.83789	
1182	6.52344	1182	-3.83789	
1183	6.52832	1183	-3.83789	
1184	6.52832	1184	-3.83789	
1185	6.52832	1185	-3.83789	
1186	6.5332	1186	-3.84277	
1187	6.5332	1187	-3.84277	
1188	6.5332	1188	-3.84277	
1189	6.53809	1189	-3.84277	
1190	6.53809	1190	-3.84766	
1191	6.53809	1191	-3.84766	
1192	6.54297	1192	-3.84766	
1193	6.54297	1193	-3.84766	
1194	6.54785	1194	-3.84766	
1195	6.54785	1195	-3.85254	
1196	6.54785	1196	-3.85254	
1197	6.55273	1197	-3.85254	
1198	6.55273	1198	-3.85254	
1199	6.55273	1199	-3.85742	
1200	6.55273	1200	-3.85742	
1201	6.55762	1201	-3.85742	
1202	6.55762	1202	-3.85742	
1203	6.5625	1203	-3.8623	
1204	6.5625	1204	-3.8623	
1205	6.5625	1205	-3.8623	
1206	6.56738	1206	-3.8623	
1207	6.56738	1207	-3.86719	
1208	6.56738	1208	-3.86719	
1209	6.57227	1209	-3.86719	
1210	6.57227	1210	-3.87207	
1211	6.57227	1211	-3.87207	
1212	6.57227	1212	-3.87207	
1213	6.57227	1213	-3.87207	
1214	6.57227	1214	-3.87695	
1215	6.57715	1215	-3.87695	
1216	6.57715	1216	-3.87695	
1217	6.57715	1217	-3.87695	
1218	6.57715	1218	-3.87695	
1219	6.57715	1219	-3.87695	
1220	6.58203	1220	-3.88184	
1221	6.58203	1221	-3.88184	
1222	6.58203	1222	-3.88672	
1223	6.58203	1223	-3.88672	
1224	6.58203	1224	-3.88672	
1225	6.58203	1225	-3.88672	
1226	6.58203	1226	-3.88672	
1227	6.58203	1227	-3.8916	
1228	6.58691	1228	-3.8916	
1229	6.58203	1229	-3.8916	
1230	6.58691	1230	-3.8916	
1231	6.58203	1231	-3.8916	
1232	6.58691	1232	-3.8916	
1233	6.58691	1233	-3.8916	
1234	6.58691	1234	-3.89648	
1235	6.58691	1235	-3.89648	
1236	6.58203	1236	-3.89648	
1237	6.58203	1237	-3.89648	
1238	6.58203	1238	-3.89648	
1239	6.58203	1239	-3.89648	
1240	6.58203	1240	-3.89648	
1241	6.58203	1241	-3.89648	
1242	6.58203	1242	-3.89648	
1243	6.58203	1243	-3.90137	
1244	6.58203	1244	-3.90137	
1245	6.58203	1245	-3.90137	
1246	6.57715	1246	-3.90137	
1247	6.57715	1247	-3.89648	
1248	6.57715	1248	-3.90137	
1249	6.57715	1249	-3.90137	
1250	6.57715	1250	-3.90137	
1251	6.57227	1251	-3.90137	
1252	6.57227	1252	-3.90137	
1253	6.57227	1253	-3.90137	
1254	6.57227	1254	-3.90137	
1255	6.56738	1255	-3.89648	
1256	6.56738	1256	-3.90137	
1257	6.56738	1257	-3.89648	
1258	6.56738	1258	-3.89648	
1259	6.5625	1259	-3.89648	
1260	6.5625	1260	-3.89648	
1261	6.5625	1261	-3.89648	
1262	6.55762	1262	-3.89648	
1263	6.55762	1263	-3.89648	
1264	6.55762	1264	-3.89648	
1265	6.55273	1265	-3.89648	
1266	6.55273	1266	-3.89648	
1267	6.54785	1267	-3.8916	
1268	6.55273	1268	-3.8916	
1269	6.54785	1269	-3.8916	
1270	6.54785	1270	-3.8916	
1271	6.54297	1271	-3.8916	
1272	6.54297	1272	-3.88672	
1273	6.54297	1273	-3.88672	
1274	6.53809	1274	-3.88672	
1275	6.53809	1275	-3.88672	
1276	6.53809	1276	-3.88672	
1277	6.5332	1277	-3.88672	
1278	6.5332	1278	-3.88184	
1279	6.52832	1279	-3.88184	
1280	6.52832	1280	-3.88184	
1281	6.52832	1281	-3.87695	
1282	6.52344	1282	-3.87695	
1283	6.52344	1283	-3.87695	
1284	6.52344	1284	-3.87695	
1285	6.51855	1285	-3.87207	
1286	6.51855	1286	-3.87207	
1287	6.51855	1287	-3.87207	
1288	6.51367	1288	-3.87207	
1289	6.51367	1289	-3.87207	
1290	6.51367	1290	-3.86719	
1291	6.50879	1291	-3.86719	
1292	6.50879	1292	-3.86719	
1293	6.50879	1293	-3.8623	
1294	6.50879	1294	-3.8623	
1295	6.50879	1295	-3.8623	
1296	6.50391	1296	-3.8623	
1297	6.50391	1297	-3.8623	
1298	6.50391	1298	-3.85742	
1299	6.50391	1299	-3.85742	
1300	6.50391	1300	-3.85742	
1301	6.49902	1301	-3.85254	
1302	6.49902	1302	-3.85254	
1303	6.49902	1303	-3.85254	
1304	6.49902	1304	-3.85254	
1305	6.49902	1305	-3.84766	
1306	6.49902	1306	-3.84766	
1307	6.49902	1307	-3.84766	
1308	6.49414	1308	-3.84766	
1309	6.49414	1309	-3.84766	
1310	6.49414	1310	-3.84277	
1311	6.49414	1311	-3.84277	
1312	6.49414	1312	-3.84277	
1313	6.49414	1313	-3.84277	
1314	6.49414	1314	-3.84277	
1315	6.49414	1315	-3.83789	
1316	6.49414	1316	-3.83789	
1317	6.49414	1317	-3.83789	
1318	6.49414	1318	-3.83789	
1319	6.49414	1319	-3.83789	
1320	6.49414	1320	-3.83789	
1321	6.49414	1321	-3.83789	
1322	6.49414	1322	-3.83301	
1323	6.49902	1323	-3.83301	
1324	6.49902	1324	-3.83301	
1325	6.49902	1325	-3.83301	
1326	6.49902	1326	-3.83301	
1327	6.49902	1327	-3.83301	
1328	6.49902	1328	-3.83301	
1329	6.49902	1329	-3.83301	
1330	6.49902	1330	-3.83301	
1331	6.50391	1331	-3.83301	
1332	6.50391	1332	-3.83301	
1333	6.50391	1333	-3.83301	
1334	6.50391	1334	-3.83301	
1335	6.50391	1335	-3.83301	
1336	6.50879	1336	-3.83301	
1337	6.50879	1337	-3.83301	
1338	6.50879	1338	-3.83301	
1339	6.50879	1339	-3.83301	
1340	6.51367	1340	-3.83301	
1341	6.51367	1341	-3.83301	
1342	6.51367	1342	-3.83301	
1343	6.51855	1343	-3.83301	
1344	6.51855	1344	-3.83301	
1345	6.51855	1345	-3.83789	
1346	6.52344	1346	-3.83789	
1347	6.52344	1347	-3.83789	
1348	6.52344	1348	-3.83789	
1349	6.52832	1349	-3.83789	
1350	6.52832	1350	-3.83789	
1351	6.52832	1351	-3.83789	
1352	6.5332	1352	-3.84277	
1353	6.5332	1353	-3.84277	
1354	6.53809	1354	-3.84277	
1355	6.53809	1355	-3.84766	
1356	6.53809	1356	-3.84766	
1357	6.53809	1357	-3.84766	
1358	6.54297	1358	-3.84766	
1359	6.54297	1359	-3.84766	
1360	6.54297	1360	-3.84766	
1361	6.54785	1361	-3.84766	
1362	6.54785	1362	-3.85254	
1363	6.54785	1363	-3.85254	
1364	6.54785	1364	-3.85254	
1365	6.55273	1365	-3.85742	
1366	6.55273	1366	-3.85742	
1367	6.55762	1367	-3.85742	
1368	6.55762	1368	-3.85742	
1369	6.55762	1369	-3.85742	
1370	6.5625	1370	-3.8623	
1371	6.5625	1371	-3.8623	
1372	6.5625	1372	-3.8623	
1373	6.56738	1373	-3.8623	
1374	6.56738	1374	-3.86719	
1375	6.56738	1375	-3.86719	
1376	6.56738	1376	-3.86719	
1377	6.57227	1377	-3.87207	
1378	6.57227	1378	-3.87207	
1379	6.57227	1379	-3.87207	
1380	6.57715	1380	-3.87207	
1381	6.57227	1381	-3.87695	
1382	6.57715	1382	-3.87695	
1383	6.57715	1383	-3.87695	
1384	6.57715	1384	-3.87695	
1385	6.57715	1385	-3.87695	
1386	6.57715	1386	-3.88184	
1387	6.58203	1387	-3.88184	
1388	6.58203	1388	-3.88672	
1389	6.58203	1389	-3.88672	
1390	6.58203	1390	-3.88672	
1391	6.58203	1391	-3.88672	
1392	6.58203	1392	-3.88672	
1393	6.58203	1393	-3.88672	
1394	6.58203	1394	-3.88672	
1395	6.58203	1395	-3.8916	
1396	6.58691	1396	-3.8916	
1397	6.58691	1397	-3.8916	
1398	6.58203	1398	-3.8916	
1399	6.58203	1399	-3.8916	
1400	6.58203	1400	-3.89648	
1401	6.58203	1401	-3.89648	
1402	6.58203	1402	-3.89648	
1403	6.58203	1403	-3.89648	
1404	6.58203	1404	-3.89648	
1405	6.58203	1405	-3.89648	
1406	6.58203	1406	-3.89648	
1407	6.58203	1407	-3.89648	
1408	6.58203	1408	-3.90137	
1409	6.58203	1409	-3.89648	
1410	6.57715	1410	-3.90137	
1411	6.57715	1411	-3.89648	
1412	6.57715	1412	-3.89648	
1413	6.57715	1413	-3.90137	
1414	6.57715	1414	-3.90137	
1415	6.57715	1415	-3.89648	
1416	6.57227	1416	-3.90137	
1417	6.57227	1417	-3.90137	
1418	6.57227	1418	-3.90137	
1419	6.56738	1419	-3.90137	
1420	6.57227	1420	-3.90137	
1421	6.56738	1421	-3.89648	
1422	6.56738	1422	-3.89648	
1423	6.56738	1423	-3.89648	
1424	6.5625	1424	-3.89648	
1425	6.5625	1425	-3.89648	
1426	6.5625	1426	-3.89648	
1427	6.55762	1427	-3.89648	
1428	6.55762	1428	-3.89648	
1429	6.55762	1429	-3.89648	
1430	6.55273	1430	-3.89648	
1431	6.55273	1431	-3.89648	
1432	6.55273	1432	-3.89648	
1433	6.54785	1433	-3.8916	
1434	6.54785	1434	-3.8916	
1435	6.54785	1435	-3.8916	
1436	6.54297	1436	-3.8916	
1437	6.54297	1437	-3.8916	
1438	6.54297	1438	-3.88672	
1439	6.53809	1439	-3.88672	
1440	6.53809	1440	-3.88672	
1441	6.53809	1441	-3.88672	
1442	6.5332	1442	-3.88672	
1443	6.5332	1443	-3.88672	
1444	6.52832	1444	-3.88184	
1445	6.52832	1445	-3.88184	
1446	6.52832	1446	-3.88184	
1447	6.52832	1447	-3.87695	
1448	6.52344	1448	-3.87695	
1449	6.52344	1449	-3.87695	
1450	6.52344	1450	-3.87695	
1451	6.51855	1451	-3.87695	
1452	6.51855	1452	-3.87207	
1453	6.51855	1453	-3.87207	
1454	6.51367	1454	-3.87207	
1455	6.51367	1455	-3.87207	
1456	6.51367	1456	-3.86719	
1457	6.50879	1457	-3.86719	
1458	6.50879	1458	-3.86719	
1459	6.50879	1459	-3.8623	
1460	6.50879	1460	-3.8623	
1461	6.50391	1461	-3.8623	
1462	6.50391	1462	-3.8623	
1463	6.50391	1463	-3.8623	
1464	6.50391	1464	-3.85742	
1465	6.49902	1465	-3.85742	
1466	6.49902	1466	-3.85742	
1467	6.49902	1467	-3.85254	
1468	6.49902	1468	-3.85254	
1469	6.49414	1469	-3.85254	
1470	6.49902	1470	-3.85254	
1471	6.49414	1471	-3.85254	
1472	6.49414	1472	-3.84766	
1473	6.49414	1473	-3.84766	
1474	6.49414	1474	-3.84766	
1475	6.49414	1475	-3.84766	
1476	6.49414	1476	-3.84277	
1477	6.49414	1477	-3.84277	
1478	6.49414	1478	-3.84277	
1479	6.49414	1479	-3.84277	
1480	6.49414	1480	-3.84277	
1481	6.49414	1481	-3.83789	
1482	6.49414	1482	-3.83789	
1483	6.49414	1483	-3.83789	
1484	6.49414	1484	-3.83789	
1485	6.49414	1485	-3.83789	
1486	6.49414	1486	-3.83789	
1487	6.49414	1487	-3.83301	
1488	6.49414	1488	-3.83301	
1489	6.49414	1489	-3.83301	
1490	6.49414	1490	-3.83301	
1491	6.49414	1491	-3.83301	
1492	6.49414	1492	-3.83301	
1493	6.49902	1493	-3.83301	
1494	6.49902	1494	-3.83301	
1495	6.49902	1495	-3.83301	
1496	6.49902	1496	-3.83301	
1497	6.49902	1497	-3.83301	
1498	6.50391	1498	-3.83301	
1499	6.50391	1499	-3.83301	
1500	6.50391	1500	-3.83301	
1501	6.50391	1501	-3.83301	
1502	6.50391	1502	-3.83301	
1503	6.50879	1503	-3.83301	
1504	6.50879	1504	-3.83301	
1505	6.50879	1505	-3.83301	
1506	6.50879	1506	-3.83301	
1507	6.51367	1507	-3.83301	
1508	6.51367	1508	-3.83301	
1509	6.51367	1509	-3.83301	
1510	6.51855	1510	-3.83301	
1511	6.51855	1511	-3.83789	
1512	6.51855	1512	-3.83789	
1513	6.51855	1513	-3.83789	
1514	6.52344	1514	-3.83789	
1515	6.52344	1515	-3.83789	
1516	6.52344	1516	-3.83789	
1517	6.52344	1517	-3.83789	
1518	6.52832	1518	-3.84277	
1519	6.5332	1519	-3.84277	
1520	6.5332	1520	-3.84277	
1521	6.5332	1521	-3.84277	
1522	6.53809	1522	-3.84277	
1523	6.53809	1523	-3.84766	
1524	6.53809	1524	-3.84766	
1525	6.54297	1525	-3.84766	
1526	6.54297	1526	-3.84766	
1527	6.54785	1527	-3.84766	
1528	6.54785	1528	-3.85254	
1529	6.54785	1529	-3.85254	
1530	6.54785	1530	-3.85254	
1531	6.55273	1531	-3.85254	
1532	6.55273	1532	-3.85742	
1533	6.55273	1533	-3.85742	
1534	6.55762	1534	-3.85742	
1535	6.55762	1535	-3.85742	
1536	6.55762	1536	-3.8623	
1537	6.5625	1537	-3.8623	
1538	6.5625	1538	-3.8623	
1539	6.56738	1539	-3.86719	
1540	6.56738	1540	-3.86719	
1541	6.56738	1541	-3.86719	
1542	6.56738	1542	-3.86719	
1543	6.56738	1543	-3.86719	
1544	6.57227	1544	-3.87207	
1545	6.57227	1545	-3.87207	
1546	6.57227	1546	-3.87207	
1547	6.57227	1547	-3.87207	
1548	6.57715	1548	-3.87695	
1549	6.57715	1549	-3.87695	
1550	6.57715	1550	-3.87695	
1551	6.57715	1551	-3.88184	
1552	6.58203	1552	-3.88184	
1553	6.58203	1553	-3.88184	
1554	6.58203	1554	-3.88184	
1555	6.58203	1555	-3.88672	
1556	6.58203	1556	-3.88672	
1557	6.58203	1557	-3.88672	
1558	6.58203	1558	-3.88672	
1559	6.58203	1559	-3.8916	
1560	6.58203	1560	-3.8916	
1561	6.58691	1561	-3.8916	
1562	6.58691	1562	-3.8916	
1563	6.58203	1563	-3.8916	
1564	6.58203	1564	-3.89648	
1565	6.58203	1565	-3.89648	
1566	6.58203	1566	-3.89648	
1567	6.58203	1567	-3.89648	
1568	6.58691	1568	-3.89648	
1569	6.58203	1569	-3.89648	
1570	6.58203	1570	-3.89648	
1571	6.58203	1571	-3.89648	
1572	6.58203	1572	-3.89648	
1573	6.58203	1573	-3.89648	
1574	6.58203	1574	-3.89648	
1575	6.58203	1575	-3.90137	
1576	6.58203	1576	-3.90137	
1577	6.58203	1577	-3.90137	
1578	6.58203	1578	-3.90137	
1579	6.57715	1579	-3.89648	
1580	6.57715	1580	-3.90137	
1581	6.57715	1581	-3.90137	
1582	6.57715	1582	-3.90137	
1583	6.57715	1583	-3.90137	
1584	6.57227	1584	-3.90137	
1585	6.57227	1585	-3.90137	
1586	6.57227	1586	-3.90137	
1587	6.57227	1587	-3.90137	
1588	6.56738	1588	-3.89648	
1589	6.56738	1589	-3.89648	
1590	6.56738	1590	-3.89648	
1591	6.5625	1591	-3.89648	
1592	6.5625	1592	-3.89648	
1593	6.5625	1593	-3.89648	
1594	6.55762	1594	-3.89648	
1595	6.55762	1595	-3.89648	
1596	6.55762	1596	-3.89648	
1597	6.55273	1597	-3.89648	
1598	6.55273	1598	-3.89648	
1599	6.55273	1599	-3.8916	
1600	6.54785	1600	-3.8916	
1601	6.54785	1601	-3.8916	
1602	6.54785	1602	-3.8916	
1603	6.54297	1603	-3.8916	
1604	6.54297	1604	-3.8916	
1605	6.54297	1605	-3.88672	
1606	6.53809	1606	-3.88672	
1607	6.53809	1607	-3.88672	
1608	6.5332	1608	-3.88672	
1609	6.5332	1609	-3.88672	
1610	6.5332	1610	-3.88672	
1611	6.52832	1611	-3.88184	
1612	6.52832	1612	-3.88184	
1613	6.52832	1613	-3.88184	
1614	6.52344	1614	-3.87695	
1615	6.52344	1615	-3.87695	
1616	6.52344	1616	-3.87695	
1617	6.51855	1617	-3.87695	
1618	6.51855	1618	-3.87207	
1619	6.51855	1619	-3.87207	
1620	6.51855	1620	-3.87207	
1621	6.51367	1621	-3.87207	
1622	6.51367	1622	-3.86719	
1623	6.51367	1623	-3.86719	
1624	6.51367	1624	-3.86719	
1625	6.50879	1625	-3.86719	
1626	6.50879	1626	-3.8623	
1627	6.50879	1627	-3.8623	
1628	6.50391	1628	-3.8623	
1629	6.50391	1629	-3.8623	
1630	6.50391	1630	-3.8623	
1631	6.50391	1631	-3.85742	
1632	6.49902	1632	-3.85742	
1633	6.49902	1633	-3.85254	
1634	6.49902	1634	-3.85742	
1635	6.49902	1635	-3.85254	
1636	6.49902	1636	-3.85254	
1637	6.49902	1637	-3.85254	
1638	6.49414	1638	-3.84766	
1639	6.49414	1639	-3.84766	
1640	6.49414	1640	-3.84766	
1641	6.49414	1641	-3.84766	
1642	6.49414	1642	-3.84766	
1643	6.49414	1643	-3.84277	
1644	6.49414	1644	-3.84277	
1645	6.49414	1645	-3.84277	
1646	6.49414	1646	-3.84277	
1647	6.49414	1647	-3.83789	
1648	6.49414	1648	-3.83789	
1649	6.49414	1649	-3.83789	
1650	6.49414	1650	-3.83789	
1651	6.49414	1651	-3.83789	
1652	6.49414	1652	-3.83789	
1653	6.49414	1653	-3.83789	
1654	6.49414	1654	-3.83301	
1655	6.49414	1655	-3.83301	
1656	6.49414	1656	-3.83301	
1657	6.49414	1657	-3.83301	
1658	6.49902	1658	-3.83301	
1659	6.49414	1659	-3.83301	
1660	6.49902	1660	-3.83301	
1661	6.49902	1661	-3.83301	
1662	6.49902	1662	-3.83301	
1663	6.49902	1663	-3.83301	
1664	6.49902	1664	-3.83301	
1665	6.49902	1665	-3.83301	
1666	6.50391	1666	-3.83301	
1667	6.50391	1667	-3.83301	
1668	6.50391	1668	-3.83301	
1669	6.50391	1669	-3.83301	
1670	6.50879	1670	-3.83301	
1671	6.50879	1671	-3.83301	
1672	6.50879	1672	-3.83301	
1673	6.50879	1673	-3.83301	
1674	6.51367	1674	-3.83301	
1675	6.51367	1675	-3.83301	
1676	6.51367	1676	-3.83301	
1677	6.51855	1677	-3.83301	
1678	6.51855	1678	-3.83301	
1679	6.51855	1679	-3.83301	
1680	6.52344	1680	-3.83789	
1681	6.52344	1681	-3.83789	
1682	6.52344	1682	-3.83789	
1683	6.52832	1683	-3.83789	
1684	6.52832	1684	-3.83789	
1685	6.52832	1685	-3.84277	
1686	6.5332	1686	-3.84277	
1687	6.5332	1687	-3.84277	
1688	6.53809	1688	-3.84277	
1689	6.53809	1689	-3.84277	
1690	6.53809	1690	-3.84766	
1691	6.53809	1691	-3.84766	
1692	6.54297	1692	-3.84766	
1693	6.54297	1693	-3.84766	
1694	6.54297	1694	-3.84766	
1695	6.54785	1695	-3.85254	
1696	6.54785	1696	-3.85254	
1697	6.54785	1697	-3.85254	
1698	6.55273	1698	-3.85254	
1699	6.55273	1699	-3.85742	
1700	6.55762	1700	-3.85742	
1701	6.55762	1701	-3.85742	
1702	6.55762	1702	-3.85742	
1703	6.55762	1703	-3.8623	
1704	6.5625	1704	-3.8623	
1705	6.5625	1705	-3.86719	
1706	6.5625	1706	-3.86719	
1707	6.56738	1707	-3.86719	
1708	6.56738	1708	-3.86719	
1709	6.56738	1709	-3.86719	
1710	6.56738	1710	-3.86719	
1711	6.57227	1711	-3.87207	
1712	6.57227	1712	-3.87207	
1713	6.57227	1713	-3.87207	
1714	6.57227	1714	-3.87207	
1715	6.57715	1715	-3.87695	
1716	6.57715	1716	-3.87695	
1717	6.57715	1717	-3.87695	
1718	6.57715	1718	-3.87695	
1719	6.58203	1719	-3.88184	
1720	6.58203	1720	-3.88184	
1721	6.58203	1721	-3.88184	
1722	6.58203	1722	-3.88672	
1723	6.58203	1723	-3.88672	
1724	6.58203	1724	-3.88672	
1725	6.58203	1725	-3.88672	
1726	6.58203	1726	-3.88672	
1727	6.58203	1727	-3.8916	
1728	6.58203	1728	-3.8916	
1729	6.58203	1729	-3.8916	
1730	6.58691	1730	-3.8916	
1731	6.58203	1731	-3.8916	
1732	6.58691	1732	-3.8916	
1733	6.58691	1733	-3.89648	
1734	6.58691	1734	-3.89648	
1735	6.58203	1735	-3.89648	
1736	6.58203	1736	-3.89648	
1737	6.58203	1737	-3.89648	
1738	6.58203	1738	-3.89648	
1739	6.58203	1739	-3.89648	
1740	6.58203	1740	-3.89648	
1741	6.58203	1741	-3.90137	
1742	6.58203	1742	-3.89648	
1743	6.58203	1743	-3.90137	
1744	6.57715	1744	-3.90137	
1745	6.57715	1745	-3.90137	
1746	6.57715	1746	-3.89648	
1747	6.57715	1747	-3.90137	
1748	6.57715	1748	-3.90137	
1749	6.57715	1749	-3.89648	
1750	6.57227	1750	-3.90137	
1751	6.57227	1751	-3.90137	
1752	6.57227	1752	-3.90137	
1753	6.57227	1753	-3.90137	
1754	6.56738	1754	-3.90137	
1755	6.56738	1755	-3.90137	
1756	6.56738	1756	-3.89648	
1757	6.56738	1757	-3.89648	
1758	6.5625	1758	-3.90137	
1759	6.5625	1759	-3.89648	
1760	6.5625	1760	-3.89648	
1761	6.55762	1761	-3.89648	
1762	6.55762	1762	-3.89648	
1763	6.55762	1763	-3.89648	
1764	6.55273	1764	-3.89648	
1765	6.55273	1765	-3.89648	
1766	6.54785	1766	-3.89648	
1767	6.54785	1767	-3.8916	
1768	6.54785	1768	-3.8916	
1769	6.54785	1769	-3.8916	
1770	6.54297	1770	-3.8916	
1771	6.54297	1771	-3.8916	
1772	6.54297	1772	-3.8916	
1773	6.53809	1773	-3.88672	
1774	6.53809	1774	-3.88672	
1775	6.53809	1775	-3.88672	
1776	6.5332	1776	-3.88672	
1777	6.5332	1777	-3.88184	
1778	6.5332	1778	-3.88184	
1779	6.52832	1779	-3.88184	
1780	6.52832	1780	-3.88184	
1781	6.52832	1781	-3.87695	
1782	6.52344	1782	-3.87695	
1783	6.52344	1783	-3.87695	
1784	6.51855	1784	-3.87695	
1785	6.51855	1785	-3.87695	
1786	6.51855	1786	-3.87207	
1787	6.51855	1787	-3.87207	
1788	6.51367	1788	-3.87207	
1789	6.51367	1789	-3.86719	
1790	6.51367	1790	-3.86719	
1791	6.50879	1791	-3.86719	
1792	6.50879	1792	-3.86719	
1793	6.50879	1793	-3.8623	
1794	6.50391	1794	-3.8623	
1795	6.50879	1795	-3.8623	
1796	6.50391	1796	-3.8623	
1797	6.50391	1797	-3.85742	
1798	6.50391	1798	-3.85742	
1799	6.49902	1799	-3.85742	
1800	6.49902	1800	-3.85742	
1801	6.49902	1801	-3.85254	
1802	6.49902	1802	-3.85254	
1803	6.49902	1803	-3.85254	
1804	6.49902	1804	-3.84766	
1805	6.49414	1805	-3.84766	
1806	6.49414	1806	-3.84766	
1807	6.49414	1807	-3.84766	
1808	6.49414	1808	-3.84766	
1809	6.49414	1809	-3.84766	
1810	6.49414	1810	-3.84277	
1811	6.49414	1811	-3.84277	
1812	6.49414	1812	-3.84277	
1813	6.49414	1813	-3.84277	
1814	6.49414	1814	-3.84277	
1815	6.49414	1815	-3.83789	
1816	6.48926	1816	-3.83789	
1817	6.48926	1817	-3.83789	
1818	6.49414	1818	-3.83789	
1819	6.49414	1819	-3.83789	
1820	6.49414	1820	-3.83301	
1821	6.49414	1821	-3.83789	
1822	6.49414	1822	-3.83301	
1823	6.49414	1823	-3.83301	
1824	6.49414	1824	-3.83301	
1825	6.49414	1825	-3.83301	
1826	6.49902	1826	-3.83301	
1827	6.49902	1827	-3.83301	
1828	6.49902	1828	-3.83301	
1829	6.49902	1829	-3.83301	
1830	6.49902	1830	-3.83301	
1831	6.49902	1831	-3.83301	
1832	6.49902	1832	-3.83301	
1833	6.50391	1833	-3.83301	
1834	6.50391	1834	-3.83301	
1835	6.50391	1835	-3.83301	
1836	6.50391	1836	-3.83301	
1837	6.50879	1837	-3.83301	
1838	6.50879	1838	-3.83301	
1839	6.50879	1839	-3.83301	
1840	6.51367	1840	-3.83301	
1841	6.51367	1841	-3.83301	
1842	6.51367	1842	-3.83301	
1843	6.51367	1843	-3.83301	
1844	6.51855	1844	-3.83301	
1845	6.51855	1845	-3.83789	
1846	6.51855	1846	-3.83301	
1847	6.52344	1847	-3.83789	
1848	6.52344	1848	-3.83789	
1849	6.52344	1849	-3.83789	
1850	6.52832	1850	-3.83789	
1851	6.52832	1851	-3.84277	
1852	6.5332	1852	-3.84277	
1853	6.5332	1853	-3.84277	
1854	6.5332	1854	-3.84277	
1855	6.5332	1855	-3.84277	
1856	6.53809	1856	-3.84277	
1857	6.53809	1857	-3.84277	
1858	6.53809	1858	-3.84766	
1859	6.54297	1859	-3.84766	
1860	6.54297	1860	-3.84766	
1861	6.54785	1861	-3.85254	
1862	6.54785	1862	-3.85254	
1863	6.54785	1863	-3.85254	
1864	6.55273	1864	-3.85254	
1865	6.55273	1865	-3.85742	
1866	6.55273	1866	-3.85742	
1867	6.55273	1867	-3.85742	
1868	6.55762	1868	-3.85742	
1869	6.55762	1869	-3.8623	
1870	6.55762	1870	-3.8623	
1871	6.5625	1871	-3.8623	
1872	6.5625	1872	-3.86719	
1873	6.5625	1873	-3.8623	
1874	6.56738	1874	-3.86719	
1875	6.56738	1875	-3.86719	
1876	6.56738	1876	-3.86719	
1877	6.57227	1877	-3.86719	
1878	6.57227	1878	-3.87207	
1879	6.57227	1879	-3.87207	
1880	6.57227	1880	-3.87207	
1881	6.57715	1881	-3.87207	
1882	6.57715	1882	-3.87695	
1883	6.57715	1883	-3.87695	
1884	6.57715	1884	-3.87695	
1885	6.57715	1885	-3.88184	
1886	6.58203	1886	-3.88184	
1887	6.58203	1887	-3.88184	
1888	6.58203	1888	-3.88184	
1889	6.58203	1889	-3.88672	
1890	6.58203	1890	-3.88672	
1891	6.58203	1891	-3.88672	
1892	6.58203	1892	-3.88672	
1893	6.58203	1893	-3.88672	
1894	6.58691	1894	-3.88672	
1895	6.58203	1895	-3.8916	
1896	6.58691	1896	-3.8916	
1897	6.58691	1897	-3.8916	
1898	6.58691	1898	-3.8916	
1899	6.58691	1899	-3.8916	
1900	6.58691	1900	-3.8916	
1901	6.58691	1901	-3.8916	
1902	6.58691	1902	-3.8916	
1903	6.58203	1903	-3.89648	
1904	6.58203	1904	-3.89648	
1905	6.58691	1905	-3.89648	
1906	6.58203	1906	-3.89648	
1907	6.58203	1907	-3.89648	
1908	6.58203	1908	-3.89648	
1909	6.58203	1909	-3.89648	
1910	6.58203	1910	-3.90137	
1911	6.58203	1911	-3.90137	
1912	6.57715	1912	-3.89648	
1913	6.57715	1913	-3.89648	
1914	6.57715	1914	-3.89648	
1915	6.57715	1915	-3.89648	
1916	6.57715	1916	-3.90137	
1917	6.57227	1917	-3.90137	
1918	6.57227	1918	-3.90137	
1919	6.57227	1919	-3.89648	
1920	6.57227	1920	-3.89648	
1921	6.57227	1921	-3.90137	
1922	6.57227	1922	-3.90137	
1923	6.56738	1923	-3.89648	
1924	6.56738	1924	-3.89648	
1925	6.5625	1925	-3.89648	
1926	6.5625	1926	-3.89648	
1927	6.5625	1927	-3.89648	
1928	6.5625	1928	-3.89648	
1929	6.55762	1929	-3.89648	
1930	6.55762	1930	-3.89648	
1931	6.55762	1931	-3.89648	
1932	6.55273	1932	-3.89648	
1933	6.55273	1933	-3.89648	
1934	6.54785	1934	-3.8916	
1935	6.54785	1935	-3.8916	
1936	6.54785	1936	-3.8916	
1937	6.54297	1937	-3.8916	
1938	6.54297	1938	-3.8916	
1939	6.54297	1939	-3.88672	
1940	6.53809	1940	-3.88672	
1941	6.53809	1941	-3.88672	
1942	6.53809	1942	-3.88672	
1943	6.53809	1943	-3.88672	
1944	6.5332	1944	-3.88184	
1945	6.5332	1945	-3.88184	
1946	6.52832	1946	-3.88184	
1947	6.52832	1947	-3.87695	
1948	6.52832	1948	-3.87695	
1949	6.52344	1949	-3.87695	
1950	6.52344	1950	-3.87695	
1951	6.52344	1951	-3.87695	
1952	6.51855	1952	-3.87207	
1953	6.51855	1953	-3.87207	
1954	6.51855	1954	-3.87207	
1955	6.51367	1955	-3.87207	
1956	6.51367	1956	-3.86719	
1957	6.51367	1957	-3.86719	
1958	6.51367	1958	-3.86719	
1959	6.50879	1959	-3.86719	
1960	6.50879	1960	-3.8623	
1961	6.50391	1961	-3.8623	
1962	6.50879	1962	-3.8623	
1963	6.50391	1963	-3.8623	
1964	6.50391	1964	-3.85742	
1965	6.50391	1965	-3.85742	
1966	6.49902	1966	-3.85742	
1967	6.49902	1967	-3.85742	
1968	6.49902	1968	-3.85254	
1969	6.49902	1969	-3.85254	
1970	6.49902	1970	-3.85254	
1971	6.49902	1971	-3.85254	
1972	6.49902	1972	-3.84766	
1973	6.49414	1973	-3.84766	
1974	6.49414	1974	-3.84766	
1975	6.49414	1975	-3.84277	
1976	6.49414	1976	-3.84277	
1977	6.49414	1977	-3.84277	
1978	6.49414	1978	-3.84277	
1979	6.49414	1979	-3.84277	
1980	6.49414	1980	-3.84277	
1981	6.49414	1981	-3.83789	
1982	6.49414	1982	-3.83789	
1983	6.49414	1983	-3.83789	
1984	6.49414	1984	-3.83789	
1985	6.49414	1985	-3.83789	
1986	6.49414	1986	-3.83789	
1987	6.49414	1987	-3.83789	
1988	6.49414	1988	-3.83301	
1989	6.49414	1989	-3.83301	
1990	6.49414	1990	-3.83301	
1991	6.49902	1991	-3.83301	
1992	6.49902	1992	-3.83301	
1993	6.49902	1993	-3.83301	
1994	6.49902	1994	-3.83301	
1995	6.49902	1995	-3.83301	
1996	6.49902	1996	-3.83301	
1997	6.49902	1997	-3.83301	
1998	6.50391	1998	-3.83301	
1999	6.50391	1999	-3.83301	
2000	6.50391	2000	-3.83301	
2001	6.50391	2001	-3.83301	
2002	6.50879	2002	-3.83301	
2003	6.50879	2003	-3.83301	
2004	6.50879	2004	-3.83301	
2005	6.50879	2005	-3.83301	
2006	6.51367	2006	-3.83301	
2007	6.51367	2007	-3.83301	
2008	6.51367	2008	-3.83301	
2009	6.51367	2009	-3.83301	
2010	6.51855	2010	-3.83301	
2011	6.51855	2011	-3.83301	
2012	6.51855	2012	-3.83789	
2013	6.51855	2013	-3.83789	
2014	6.52344	2014	-3.83789	
2015	6.52344	2015	-3.83789	
2016	6.52344	2016	-3.83789	
2017	6.52832	2017	-3.83789	
2018	6.52832	2018	-3.84277	
2019	6.5332	2019	-3.84277	
2020	6.5332	2020	-3.84277	
2021	6.5332	2021	-3.84277	
2022	6.53809	2022	-3.84277	
2023	6.53809	2023	-3.84277	
2024	6.54297	2024	-3.84766	
2025	6.54297	2025	-3.84766	
2026	6.54297	2026	-3.84766	
2027	6.54785	2027	-3.84766	
2028	6.54785	2028	-3.84766	
2029	6.54785	2029	-3.85254	
2030	6.55273	2030	-3.85254	
2031	6.55273	2031	-3.85254	
2032	6.55273	2032	-3.85742	
2033	6.55273	2033	-3.85742	
2034	6.55762	2034	-3.85742	
2035	6.55762	2035	-3.85742	
2036	6.55762	2036	-3.8623	
2037	6.5625	2037	-3.8623	
2038	6.5625	2038	-3.8623	
2039	6.5625	2039	-3.8623	
2040	6.56738	2040	-3.86719	
2041	6.56738	2041	-3.86719	
2042	6.56738	2042	-3.86719	
2043	6.56738	2043	-3.86719	
2044	6.57227	2044	-3.87207	
2045	6.57227	2045	-3.87207	
2046	6.57227	2046	-3.87207	
2047	6.57715	2047	-3.87207	
2048	6.57715	2048	-3.87695	
2049	6.57715	2049	-3.87695	
2050	6.57715	2050	-3.87695	
2051	6.57715	2051	-3.87695	
2052	6.57715	2052	-3.87695	
2053	6.58203	2053	-3.88184	
2054	6.58203	2054	-3.88184	
2055	6.58203	2055	-3.88184	
2056	6.58203	2056	-3.88672	
2057	6.58203	2057	-3.88672	
2058	6.58203	2058	-3.88672	
2059	6.58203	2059	-3.88672	
2060	6.58203	2060	-3.8916	
2061	6.58691	2061	-3.8916	
2062	6.58691	2062	-3.8916	
2063	6.58691	2063	-3.8916	
2064	6.58691	2064	-3.8916	
2065	6.58203	2065	-3.8916	
2066	6.58203	2066	-3.89648	
2067	6.58203	2067	-3.89648	
2068	6.58203	2068	-3.89648	
2069	6.58203	2069	-3.89648	
2070	6.58203	2070	-3.89648	
2071	6.58203	2071	-3.89648	
2072	6.58203	2072	-3.89648	
2073	6.58203	2073	-3.89648	
2074	6.58203	2074	-3.90137	
2075	6.58203	2075	-3.89648	
2076	6.58203	2076	-3.90137	
2077	6.58203	2077	-3.89648	
2078	6.58203	2078	-3.89648	
2079	6.57715	2079	-3.90137	
2080	6.57715	2080	-3.89648	
2081	6.57715	2081	-3.90137	
2082	6.57715	2082	-3.89648	
2083	6.57227	2083	-3.90137	
2084	6.57227	2084	-3.90137	
2085	6.57227	2085	-3.90137	
2086	6.57227	2086	-3.90137	
2087	6.56738	2087	-3.90137	
2088	6.56738	2088	-3.89648	
2089	6.56738	2089	-3.90137	
2090	6.56738	2090	-3.89648	
2091	6.5625	2091	-3.89648	
2092	6.5625	2092	-3.89648	
2093	6.5625	2093	-3.89648	
2094	6.55762	2094	-3.89648	
2095	6.55762	2095	-3.89648	
2096	6.55762	2096	-3.89648	
2097	6.55762	2097	-3.89648	
2098	6.55273	2098	-3.8916	
2099	6.55273	2099	-3.89648	
2100	6.54785	2100	-3.8916	
2101	6.54785	2101	-3.8916	
2102	6.54785	2102	-3.8916	
2103	6.54297	2103	-3.8916	
2104	6.54297	2104	-3.8916	
2105	6.54297	2105	-3.8916	
2106	6.53809	2106	-3.88672	
2107	6.53809	2107	-3.88672	
2108	6.53809	2108	-3.88672	
2109	6.5332	2109	-3.88672	
2110	6.5332	2110	-3.88184	
2111	6.5332	2111	-3.88184	
2112	6.52832	2112	-3.88184	
2113	6.52832	2113	-3.88184	
2114	6.52344	2114	-3.87695	
2115	6.52344	2115	-3.87695	
2116	6.52344	2116	-3.87695	
2117	6.51855	2117	-3.87695	
2118	6.51855	2118	-3.87207	
2119	6.51855	2119	-3.87207	
2120	6.51855	2120	-3.87207	
2121	6.51367	2121	-3.87207	
2122	6.51367	2122	-3.87207	
2123	6.51367	2123	-3.86719	
2124	6.50879	2124	-3.86719	
2125	6.50879	2125	-3.86719	
2126	6.50879	2126	-3.8623	
2127	6.50879	2127	-3.8623	
2128	6.50391	2128	-3.8623	
2129	6.50391	2129	-3.8623	
2130	6.50391	2130	-3.85742	
2131	6.50391	2131	-3.85742	
2132	6.49902	2132	-3.85742	
2133	6.49902	2133	-3.85742	
2134	6.49902	2134	-3.85254	
2135	6.49902	2135	-3.85254	
2136	6.49902	2136	-3.85254	
2137	6.49902	2137	-3.85254	
2138	6.49414	2138	-3.85254	
2139	6.49414	2139	-3.84766	
2140	6.49414	2140	-3.84766	
2141	6.49414	2141	-3.84766	
2142	6.49414	2142	-3.84766	
2143	6.49414	2143	-3.84277	
2144	6.49414	2144	-3.84277	
2145	6.49414	2145	-3.84277	
2146	6.49414	2146	-3.84277	
2147	6.49414	2147	-3.84277	
2148	6.49414	2148	-3.83789	
2149	6.49414	2149	-3.83789	
2150	6.49414	2150	-3.83789	
2151	6.49414	2151	-3.83789	
2152	6.49414	2152	-3.83789	
2153	6.49414	2153	-3.83789	
2154	6.49414	2154	-3.83789	
2155	6.49414	2155	-3.83301	
2156	6.49414	2156	-3.83301	
2157	6.49414	2157	-3.83301	
2158	6.49414	2158	-3.83301	
2159	6.49414	2159	-3.83301	
2160	6.49902	2160	-3.83301	
2161	6.49902	2161	-3.83301	
2162	6.49902	2162	-3.83301	
2163	6.49902	2163	-3.83301	
2164	6.49902	2164	-3.83301	
2165	6.49902	2165	-3.83301	
2166	6.50391	2166	-3.83301	
2167	6.50391	2167	-3.83301	
2168	6.50391	2168	-3.83301	
2169	6.50391	2169	-3.83301	
2170	6.50879	2170	-3.83301	
2171	6.50879	2171	-3.83301	
2172	6.51367	2172	-3.83301	
2173	6.51367	2173	-3.83301	
2174	6.51367	2174	-3.83301	
2175	6.51367	2175	-3.83301	
2176	6.51855	2176	-3.83301	
2177	6.51855	2177	-3.83301	
2178	6.51855	2178	-3.83789	
2179	6.51855	2179	-3.83789	
2180	6.52344	2180	-3.83301	
2181	6.52344	2181	-3.83789	
2182	6.52344	2182	-3.83789	
2183	6.52832	2183	-3.83789	
2184	6.52832	2184	-3.83789	
2185	6.52832	2185	-3.84277	
2186	6.5332	2186	-3.84277	
2187	6.5332	2187	-3.84277	
2188	6.53809	2188	-3.84277	
2189	6.53809	2189	-3.84277	
2190	6.53809	2190	-3.84277	
2191	6.54297	2191	-3.84766	
2192	6.54297	2192	-3.84766	
2193	6.54297	2193	-3.84766	
2194	6.54785	2194	-3.84766	
2195	6.54785	2195	-3.85254	
2196	6.55273	2196	-3.85254	
2197	6.55273	2197	-3.85254	
2198	6.55273	2198	-3.85254	
2199	6.55273	2199	-3.85742	
2200	6.55762	2200	-3.85742	
2201	6.55762	2201	-3.85742	
2202	6.5625	2202	-3.85742	
2203	6.5625	2203	-3.8623	
2204	6.5625	2204	-3.8623	
2205	6.5625	2205	-3.8623	
2206	6.56738	2206	-3.8623	
2207	6.56738	2207	-3.86719	
2208	6.56738	2208	-3.86719	
2209	6.56738	2209	-3.86719	
2210	6.57227	2210	-3.87207	
2211	6.57227	2211	-3.87207	
2212	6.57227	2212	-3.87207	
2213	6.57227	2213	-3.87207	
2214	6.57227	2214	-3.87695	
2215	6.57715	2215	-3.87695	
2216	6.57715	2216	-3.87695	
2217	6.57715	2217	-3.88184	
2218	6.57715	2218	-3.88184	
2219	6.58203	2219	-3.88184	
2220	6.57715	2220	-3.88184	
2221	6.58203	2221	-3.88184	
2222	6.58203	2222	-3.88672	
2223	6.58203	2223	-3.88672	
2224	6.58203	2224	-3.88672	
2225	6.58203	2225	-3.88672	
2226	6.58203	2226	-3.88672	
2227	6.58691	2227	-3.88672	
2228	6.58691	2228	-3.8916	
2229	6.58203	2229	-3.8916	
2230	6.58691	2230	-3.8916	
2231	6.58691	2231	-3.8916	
2232	6.58691	2232	-3.8916	
2233	6.58691	2233	-3.8916	
2234	6.58691	2234	-3.89648	
2235	6.58691	2235	-3.89648	
2236	6.58691	2236	-3.89648	
2237	6.58203	2237	-3.89648	
2238	6.58691	2238	-3.89648	
2239	6.58203	2239	-3.89648	
2240	6.58203	2240	-3.90137	
2241	6.58203	2241	-3.89648	
2242	6.58203	2242	-3.90137	
2243	6.58203	2243	-3.90137	
2244	6.58203	2244	-3.89648	
2245	6.57715	2245	-3.90137	
2246	6.57715	2246	-3.90137	
2247	6.57715	2247	-3.90137	
2248	6.57715	2248	-3.89648	
2249	6.57715	2249	-3.90137	
2250	6.57715	2250	-3.90137	
2251	6.57227	2251	-3.90137	
2252	6.57227	2252	-3.90137	
2253	6.57227	2253	-3.90137	
2254	6.56738	2254	-3.90137	
2255	6.56738	2255	-3.90137	
2256	6.56738	2256	-3.89648	
2257	6.56738	2257	-3.89648	
2258	6.5625	2258	-3.89648	
2259	6.5625	2259	-3.89648	
2260	6.5625	2260	-3.89648	
2261	6.5625	2261	-3.89648	
2262	6.55762	2262	-3.89648	
2263	6.55762	2263	-3.89648	
2264	6.55273	2264	-3.89648	
2265	6.55273	2265	-3.89648	
2266	6.54785	2266	-3.89648	
2267	6.54785	2267	-3.8916	
2268	6.54785	2268	-3.8916	
2269	6.54785	2269	-3.8916	
2270	6.54785	2270	-3.8916	
2271	6.54297	2271	-3.8916	
2272	6.54297	2272	-3.88672	
2273	6.53809	2273	-3.88672	
2274	6.53809	2274	-3.88672	
2275	6.53809	2275	-3.88672	
2276	6.5332	2276	-3.88672	
2277	6.5332	2277	-3.88184	
2278	6.5332	2278	-3.88184	
2279	6.52832	2279	-3.88184	
2280	6.52832	2280	-3.88184	
2281	6.52832	2281	-3.88184	
2282	6.52344	2282	-3.87695	
2283	6.52344	2283	-3.87695	
2284	6.52344	2284	-3.87695	
2285	6.51855	2285	-3.87695	
2286	6.51855	2286	-3.87207	
2287	6.51855	2287	-3.87207	
2288	6.51367	2288	-3.87207	
2289	6.51367	2289	-3.86719	
2290	6.51367	2290	-3.86719	
2291	6.50879	2291	-3.86719	
2292	6.50879	2292	-3.86719	
2293	6.50879	2293	-3.8623	
2294	6.50879	2294	-3.8623	
2295	6.50879	2295	-3.8623	
2296	6.50391	2296	-3.8623	
2297	6.50391	2297	-3.85742	
2298	6.50391	2298	-3.85742	
2299	6.50391	2299	-3.85742	
2300	6.49902	2300	-3.85742	
2301	6.49902	2301	-3.85254	
2302	6.49902	2302	-3.85254	
2303	6.49902	2303	-3.85254	
2304	6.49902	2304	-3.85254	
2305	6.49902	2305	-3.84766	
2306	6.49414	2306	-3.84766	
2307	6.49414	2307	-3.84766	
2308	6.49414	2308	-3.84277	
2309	6.49414	2309	-3.84277	
2310	6.49414	2310	-3.84277	
2311	6.49414	2311	-3.84277	
2312	6.49414	2312	-3.84277	
2313	6.49414	2313	-3.84277	
2314	6.49414	2314	-3.83789	
2315	6.49414	2315	-3.83789	
2316	6.49414	2316	-3.83789	
2317	6.49414	2317	-3.83789	
2318	6.49414	2318	-3.83789	
2319	6.49414	2319	-3.83789	
2320	6.49414	2320	-3.83789	
2321	6.49414	2321	-3.83301	
2322	6.49414	2322	-3.83301	
2323	6.49414	2323	-3.83301	
2324	6.49414	2324	-3.83301	
2325	6.49902	2325	-3.83301	
2326	6.49902	2326	-3.83301	
2327	6.49902	2327	-3.83301	
2328	6.49902	2328	-3.83301	
2329	6.49902	2329	-3.83301	
2330	6.49902	2330	-3.83301	
2331	6.50391	2331	-3.83301	
2332	6.50391	2332	-3.83301	
2333	6.50391	2333	-3.83301	
2334	6.50391	2334	-3.83301	
2335	6.50391	2335	-3.83301	
2336	6.50879	2336	-3.83301	
2337	6.50879	2337	-3.83301	
2338	6.50879	2338	-3.83301	
2339	6.51367	2339	-3.83301	
2340	6.51367	2340	-3.83301	
2341	6.51367	2341	-3.83301	
2342	6.51367	2342	-3.83301	
2343	6.51367	2343	-3.83301	
2344	6.51855	2344	-3.83301	
2345	6.51855	2345	-3.83301	
2346	6.52344	2346	-3.83789	
2347	6.52344	2347	-3.83789	
2348	6.52344	2348	-3.83789	
2349	6.52832	2349	-3.83789	
2350	6.52832	2350	-3.83789	
2351	6.52832	2351	-3.83789	
2352	6.5332	2352	-3.84277	
2353	6.5332	2353	-3.84277	
2354	6.5332	2354	-3.84277	
2355	6.53809	2355	-3.84277	
2356	6.53809	2356	-3.84277	
2357	6.53809	2357	-3.84766	
2358	6.54297	2358	-3.84766	
2359	6.54297	2359	-3.84766	
2360	6.54297	2360	-3.84766	
2361	6.54785	2361	-3.85254	
2362	6.54785	2362	-3.85254	
2363	6.54785	2363	-3.85254	
2364	6.55273	2364	-3.85254	
2365	6.55273	2365	-3.85742	
2366	6.55273	2366	-3.85742	
2367	6.55273	2367	-3.85742	
2368	6.55762	2368	-3.85742	
2369	6.55762	2369	-3.8623	
2370	6.5625	2370	-3.8623	
2371	6.5625	2371	-3.8623	
2372	6.5625	2372	-3.8623	
2373	6.56738	2373	-3.86719	
2374	6.56738	2374	-3.86719	
2375	6.56738	2375	-3.86719	
2376	6.56738	2376	-3.86719	
2377	6.57227	2377	-3.87207	
2378	6.57227	2378	-3.87207	
2379	6.57227	2379	-3.87207	
2380	6.57227	2380	-3.87207	
2381	6.57715	2381	-3.87695	
2382	6.57715	2382	-3.87695	
2383	6.57715	2383	-3.87695	
2384	6.57715	2384	-3.87695	
2385	6.57715	2385	-3.88184	
2386	6.58203	2386	-3.88184	
2387	6.58203	2387	-3.88184	
2388	6.58203	2388	-3.88184	
2389	6.58203	2389	-3.88184	
2390	6.58203	2390	-3.88672	
2391	6.58203	2391	-3.88672	
2392	6.58203	2392	-3.88672	
2393	6.58203	2393	-3.88672	
2394	6.58203	2394	-3.8916	
2395	6.58203	2395	-3.8916	
2396	6.58691	2396	-3.8916	
2397	6.58203	2397	-3.8916	
2398	6.58203	2398	-3.8916	
2399	6.58203	2399	-3.89648	
2400	6.58203	2400	-3.8916	
2401	6.58203	2401	-3.89648	
2402	6.58203	2402	-3.89648	
2403	6.58203	2403	-3.89648	
2404	6.58203	2404	-3.89648	
2405	6.58203	2405	-3.89648	
2406	6.58203	2406	-3.89648	
2407	6.58203	2407	-3.89648	
2408	6.58203	2408	-3.89648	
2409	6.58203	2409	-3.89648	
2410	6.57715	2410	-3.89648	
2411	6.57715	2411	-3.89648	
2412	6.57715	2412	-3.89648	
2413	6.57715	2413	-3.90137	
2414	6.57715	2414	-3.90137	
2415	6.57715	2415	-3.90137	
2416	6.57227	2416	-3.90137	
2417	6.57227	2417	-3.90137	
2418	6.57227	2418	-3.90137	
2419	6.57227	2419	-3.90137	
2420	6.57227	2420	-3.90137	
2421	6.56738	2421	-3.89648	
2422	6.56738	2422	-3.89648	
2423	6.5625	2423	-3.89648	
2424	6.5625	2424	-3.89648	
2425	6.5625	2425	-3.89648	
2426	6.5625	2426	-3.89648	
2427	6.5625	2427	-3.89648	
2428	6.55762	2428	-3.89648	
2429	6.55762	2429	-3.89648	
2430	6.55762	2430	-3.89648	
2431	6.55273	2431	-3.89648	
2432	6.55273	2432	-3.89648	
2433	6.54785	2433	-3.8916	
2434	6.54785	2434	-3.8916	
2435	6.54785	2435	-3.8916	
2436	6.54297	2436	-3.8916	
2437	6.54297	2437	-3.8916	
2438	6.54297	2438	-3.8916	
2439	6.53809	2439	-3.88672	
2440	6.53809	2440	-3.88672	
2441	6.53809	2441	-3.88672	
2442	6.5332	2442	-3.88672	
2443	6.5332	2443	-3.88184	
2444	6.5332	2444	-3.88184	
2445	6.52832	2445	-3.88184	
2446	6.52832	2446	-3.88184	
2447	6.52832	2447	-3.87695	
2448	6.52344	2448	-3.87695	
2449	6.52344	2449	-3.87695	
2450	6.51855	2450	-3.87695	
2451	6.51855	2451	-3.87695	
2452	6.51855	2452	-3.87207	
2453	6.51855	2453	-3.87207	
2454	6.51367	2454	-3.87207	
2455	6.51367	2455	-3.87207	
2456	6.50879	2456	-3.86719	
2457	6.50879	2457	-3.86719	
2458	6.50879	2458	-3.86719	
2459	6.50879	2459	-3.8623	
2460	6.50879	2460	-3.8623	
2461	6.50391	2461	-3.8623	
2462	6.50391	2462	-3.8623	
2463	6.50391	2463	-3.85742	
2464	6.50391	2464	-3.85742	
2465	6.49902	2465	-3.85742	
2466	6.49902	2466	-3.85742	
2467	6.49902	2467	-3.85254	
2468	6.49902	2468	-3.85254	
2469	6.49414	2469	-3.85254	
2470	6.49414	2470	-3.85254	
2471	6.49414	2471	-3.85254	
2472	6.49414	2472	-3.84766	
2473	6.49414	2473	-3.84766	
2474	6.49414	2474	-3.84766	
2475	6.49414	2475	-3.84766	
2476	6.49414	2476	-3.84277	
2477	6.49414	2477	-3.84277	
2478	6.49414	2478	-3.84277	
2479	6.49414	2479	-3.84277	
2480	6.49414	2480	-3.83789	
2481	6.49414	2481	-3.83789	
2482	6.49414	2482	-3.83789	
2483	6.49414	2483	-3.83789	
2484	6.49414	2484	-3.83789	
2485	6.49414	2485	-3.83789	
2486	6.49414	2486	-3.83789	
2487	6.49414	2487	-3.83301	
2488	6.49414	2488	-3.83301	
2489	6.49414	2489	-3.83301	
2490	6.49414	2490	-3.83301	
2491	6.49414	2491	-3.83301	
2492	6.49414	2492	-3.83301	
2493	6.49902	2493	-3.83301	
2494	6.49414	2494	-3.83301	
2495	6.49902	2495	-3.83301	
2496	6.49902	2496	-3.83301	
2497	6.49902	2497	-3.82813	
2498	6.49902	2498	-3.83301	
2499	6.50391	2499	-3.83301