#Time - Dev1/ai1	Amplitude - Dev1/ai1	
0	-3.32031	
1E-5	-3.32031	
2E-5	-3.32275	
3E-5	-3.32275	
4E-5	-3.32275	
5E-5	-3.32275	
6E-5	-3.32275	
7E-5	-3.3252	
8E-5	-3.3252	
9E-5	-3.3252	
1E-4	-3.3252	
0.00011	-3.3252	
0.00012	-3.32764	
0.00013	-3.32764	
0.00014	-3.32764	
0.00015	-3.32764	
0.00016	-3.32764	
0.00017	-3.33008	
0.00018	-3.33008	
0.00019	-3.33008	
0.0002	-3.33252	
0.00021	-3.33252	
0.00022	-3.33252	
0.00023	-3.33252	
0.00024	-3.33496	
0.00025	-3.33496	
0.00026	-3.33496	
0.00027	-3.3374	
0.00028	-3.3374	
0.00029	-3.3374	
0.0003	-3.3374	
0.00031	-3.33984	
0.00032	-3.33984	
0.00033	-3.33984	
0.00034	-3.34229	
0.00035	-3.34229	
0.00036	-3.34229	
0.00037	-3.34473	
0.00038	-3.34473	
0.00039	-3.34473	
0.0004	-3.34473	
0.00041	-3.34717	
0.00042	-3.34717	
0.00043	-3.34961	
0.00044	-3.34961	
0.00045	-3.34961	
0.00046	-3.35205	
0.00047	-3.35205	
0.00048	-3.35205	
0.00049	-3.35449	
0.0005	-3.35449	
0.00051	-3.35449	
0.00052	-3.35693	
0.00053	-3.35693	
0.00054	-3.35693	
0.00055	-3.35938	
0.00056	-3.35938	
0.00057	-3.36182	
0.00058	-3.36182	
0.00059	-3.36182	
0.0006	-3.36426	
0.00061	-3.36426	
0.00062	-3.3667	
0.00063	-3.3667	
0.00064	-3.3667	
0.00065	-3.3667	
0.00066	-3.36914	
0.00067	-3.36914	
0.00068	-3.36914	
0.00069	-3.37158	
0.0007	-3.37158	
0.00071	-3.37402	
0.00072	-3.37402	
0.00073	-3.37402	
0.00074	-3.37646	
0.00075	-3.37646	
0.00076	-3.37646	
0.00077	-3.37646	
0.00078	-3.37891	
0.00079	-3.37891	
0.0008	-3.37891	
0.00081	-3.38135	
0.00082	-3.38135	
0.00083	-3.38135	
0.00084	-3.38379	
0.00085	-3.38379	
0.00086	-3.38379	
0.00087	-3.38623	
0.00088	-3.38623	
0.00089	-3.38623	
0.0009	-3.38867	
0.00091	-3.38867	
0.00092	-3.38867	
0.00093	-3.38867	
0.00094	-3.38867	
0.00095	-3.39111	
0.00096	-3.39111	
0.00097	-3.39111	
0.00098	-3.39111	
0.00099	-3.39355	
0.001	-3.39355	
0.00101	-3.39355	
0.00102	-3.39355	
0.00103	-3.396	
0.00104	-3.396	
0.00105	-3.396	
0.00106	-3.396	
0.00107	-3.396	
0.00108	-3.39844	
0.00109	-3.39844	
0.0011	-3.39844	
0.00111	-3.39844	
0.00112	-3.40088	
0.00113	-3.40088	
0.00114	-3.40088	
0.00115	-3.40088	
0.00116	-3.40088	
0.00117	-3.40088	
0.00118	-3.40332	
0.00119	-3.40332	
0.0012	-3.40332	
0.00121	-3.40332	
0.00122	-3.40332	
0.00123	-3.40332	
0.00124	-3.40332	
0.00125	-3.40576	
0.00126	-3.40332	
0.00127	-3.40576	
0.00128	-3.40576	
0.00129	-3.40576	
0.0013	-3.40576	
0.00131	-3.40576	
0.00132	-3.40576	
0.00133	-3.40576	
0.00134	-3.40576	
0.00135	-3.40576	
0.00136	-3.40576	
0.00137	-3.40576	
0.00138	-3.4082	
0.00139	-3.40576	
0.0014	-3.40576	
0.00141	-3.40576	
0.00142	-3.4082	
0.00143	-3.40576	
0.00144	-3.40576	
0.00145	-3.4082	
0.00146	-3.4082	
0.00147	-3.4082	
0.00148	-3.4082	
0.00149	-3.40576	
0.0015	-3.40576	
0.00151	-3.40576	
0.00152	-3.40576	
0.00153	-3.40576	
0.00154	-3.40576	
0.00155	-3.40576	
0.00156	-3.40576	
0.00157	-3.40576	
0.00158	-3.40576	
0.00159	-3.40576	
0.0016	-3.40576	
0.00161	-3.40332	
0.00162	-3.40576	
0.00163	-3.40332	
0.00164	-3.40576	
0.00165	-3.40332	
0.00166	-3.40332	
0.00167	-3.40332	
0.00168	-3.40332	
0.00169	-3.40332	
0.0017	-3.40088	
0.00171	-3.40088	
0.00172	-3.40332	
0.00173	-3.40088	
0.00174	-3.40088	
0.00175	-3.40088	
0.00176	-3.40088	
0.00177	-3.40088	
0.00178	-3.39844	
0.00179	-3.39844	
0.0018	-3.39844	
0.00181	-3.39844	
0.00182	-3.39844	
0.00183	-3.396	
0.00184	-3.396	
0.00185	-3.396	
0.00186	-3.396	
0.00187	-3.39355	
0.00188	-3.39355	
0.00189	-3.39355	
0.0019	-3.39355	
0.00191	-3.39355	
0.00192	-3.39355	
0.00193	-3.39111	
0.00194	-3.39111	
0.00195	-3.38867	
0.00196	-3.38867	
0.00197	-3.38867	
0.00198	-3.38867	
0.00199	-3.38623	
0.002	-3.38623	
0.00201	-3.38623	
0.00202	-3.38623	
0.00203	-3.38379	
0.00204	-3.38379	
0.00205	-3.38379	
0.00206	-3.38379	
0.00207	-3.38135	
0.00208	-3.38135	
0.00209	-3.38135	
0.0021	-3.37891	
0.00211	-3.37891	
0.00212	-3.37891	
0.00213	-3.37646	
0.00214	-3.37646	
0.00215	-3.37646	
0.00216	-3.37402	
0.00217	-3.37402	
0.00218	-3.37402	
0.00219	-3.37402	
0.0022	-3.37158	
0.00221	-3.37158	
0.00222	-3.36914	
0.00223	-3.36914	
0.00224	-3.36914	
0.00225	-3.3667	
0.00226	-3.3667	
0.00227	-3.3667	
0.00228	-3.36426	
0.00229	-3.36426	
0.0023	-3.36426	
0.00231	-3.36182	
0.00232	-3.36182	
0.00233	-3.35938	
0.00234	-3.35938	
0.00235	-3.35938	
0.00236	-3.35693	
0.00237	-3.35693	
0.00238	-3.35449	
0.00239	-3.35449	
0.0024	-3.35449	
0.00241	-3.35205	
0.00242	-3.35205	
0.00243	-3.35205	
0.00244	-3.34961	
0.00245	-3.34961	
0.00246	-3.34961	
0.00247	-3.34961	
0.00248	-3.34717	
0.00249	-3.34717	
0.0025	-3.34473	
0.00251	-3.34473	
0.00252	-3.34473	
0.00253	-3.34229	
0.00254	-3.34229	
0.00255	-3.34229	
0.00256	-3.34229	
0.00257	-3.33984	
0.00258	-3.33984	
0.00259	-3.33984	
0.0026	-3.3374	
0.00261	-3.3374	
0.00262	-3.3374	
0.00263	-3.33496	
0.00264	-3.33496	
0.00265	-3.33496	
0.00266	-3.33252	
0.00267	-3.33252	
0.00268	-3.33252	
0.00269	-3.33252	
0.0027	-3.33008	
0.00271	-3.33008	
0.00272	-3.33008	
0.00273	-3.33008	
0.00274	-3.32764	
0.00275	-3.32764	
0.00276	-3.32764	
0.00277	-3.32764	
0.00278	-3.3252	
0.00279	-3.3252	
0.0028	-3.3252	
0.00281	-3.3252	
0.00282	-3.3252	
0.00283	-3.3252	
0.00284	-3.32275	
0.00285	-3.32275	
0.00286	-3.32275	
0.00287	-3.32275	
0.00288	-3.32031	
0.00289	-3.32031	
0.0029	-3.32031	
0.00291	-3.32031	
0.00292	-3.32031	
0.00293	-3.32031	
0.00294	-3.31787	
0.00295	-3.32031	
0.00296	-3.31787	
0.00297	-3.31787	
0.00298	-3.32031	
0.00299	-3.31787	
0.003	-3.31787	
0.00301	-3.31787	
0.00302	-3.31787	
0.00303	-3.31787	
0.00304	-3.31787	
0.00305	-3.31787	
0.00306	-3.31787	
0.00307	-3.31787	
0.00308	-3.31787	
0.00309	-3.31543	
0.0031	-3.31787	
0.00311	-3.31787	
0.00312	-3.31787	
0.00313	-3.31543	
0.00314	-3.31787	
0.00315	-3.31787	
0.00316	-3.31787	
0.00317	-3.31787	
0.00318	-3.31787	
0.00319	-3.31787	
0.0032	-3.31787	
0.00321	-3.31787	
0.00322	-3.31787	
0.00323	-3.31787	
0.00324	-3.32031	
0.00325	-3.31787	
0.00326	-3.32031	
0.00327	-3.31787	
0.00328	-3.32031	
0.00329	-3.32031	
0.0033	-3.32031	
0.00331	-3.32031	
0.00332	-3.32031	
0.00333	-3.32031	
0.00334	-3.32275	
0.00335	-3.32275	
0.00336	-3.32275	
0.00337	-3.32275	
0.00338	-3.32275	
0.00339	-3.32275	
0.0034	-3.32275	
0.00341	-3.3252	
0.00342	-3.3252	
0.00343	-3.3252	
0.00344	-3.3252	
0.00345	-3.32764	
0.00346	-3.3252	
0.00347	-3.32764	
0.00348	-3.32764	
0.00349	-3.32764	
0.0035	-3.33008	
0.00351	-3.33008	
0.00352	-3.33008	
0.00353	-3.33252	
0.00354	-3.33252	
0.00355	-3.33252	
0.00356	-3.33252	
0.00357	-3.33252	
0.00358	-3.33496	
0.00359	-3.33496	
0.0036	-3.3374	
0.00361	-3.3374	
0.00362	-3.3374	
0.00363	-3.3374	
0.00364	-3.33984	
0.00365	-3.33984	
0.00366	-3.33984	
0.00367	-3.34229	
0.00368	-3.34229	
0.00369	-3.34229	
0.0037	-3.34473	
0.00371	-3.34473	
0.00372	-3.34473	
0.00373	-3.34717	
0.00374	-3.34717	
0.00375	-3.34717	
0.00376	-3.34961	
0.00377	-3.34961	
0.00378	-3.34961	
0.00379	-3.35205	
0.0038	-3.35205	
0.00381	-3.35205	
0.00382	-3.35449	
0.00383	-3.35449	
0.00384	-3.35693	
0.00385	-3.35693	
0.00386	-3.35693	
0.00387	-3.35693	
0.00388	-3.35938	
0.00389	-3.35938	
0.0039	-3.36182	
0.00391	-3.36182	
0.00392	-3.36426	
0.00393	-3.36426	
0.00394	-3.36426	
0.00395	-3.3667	
0.00396	-3.3667	
0.00397	-3.3667	
0.00398	-3.3667	
0.00399	-3.36914	
0.004	-3.36914	
0.00401	-3.36914	
0.00402	-3.37158	
0.00403	-3.37158	
0.00404	-3.37158	
0.00405	-3.37402	
0.00406	-3.37402	
0.00407	-3.37402	
0.00408	-3.37646	
0.00409	-3.37646	
0.0041	-3.37646	
0.00411	-3.37891	
0.00412	-3.37891	
0.00413	-3.37891	
0.00414	-3.38135	
0.00415	-3.38135	
0.00416	-3.38135	
0.00417	-3.38135	
0.00418	-3.38379	
0.00419	-3.38379	
0.0042	-3.38379	
0.00421	-3.38623	
0.00422	-3.38623	
0.00423	-3.38623	
0.00424	-3.38623	
0.00425	-3.38867	
0.00426	-3.38867	
0.00427	-3.38867	
0.00428	-3.39111	
0.00429	-3.39111	
0.0043	-3.39111	
0.00431	-3.39111	
0.00432	-3.39355	
0.00433	-3.39355	
0.00434	-3.39355	
0.00435	-3.39355	
0.00436	-3.396	
0.00437	-3.396	
0.00438	-3.396	
0.00439	-3.396	
0.0044	-3.396	
0.00441	-3.39844	
0.00442	-3.39844	
0.00443	-3.39844	
0.00444	-3.39844	
0.00445	-3.39844	
0.00446	-3.40088	
0.00447	-3.40088	
0.00448	-3.40088	
0.00449	-3.40088	
0.0045	-3.40088	
0.00451	-3.40088	
0.00452	-3.40332	
0.00453	-3.40332	
0.00454	-3.40332	
0.00455	-3.40332	
0.00456	-3.40332	
0.00457	-3.40576	
0.00458	-3.40332	
0.00459	-3.40332	
0.0046	-3.40576	
0.00461	-3.40576	
0.00462	-3.40576	
0.00463	-3.40576	
0.00464	-3.40576	
0.00465	-3.40576	
0.00466	-3.40576	
0.00467	-3.40576	
0.00468	-3.40576	
0.00469	-3.40576	
0.0047	-3.40576	
0.00471	-3.40576	
0.00472	-3.40576	
0.00473	-3.40576	
0.00474	-3.4082	
0.00475	-3.4082	
0.00476	-3.4082	
0.00477	-3.40576	
0.00478	-3.40576	
0.00479	-3.40576	
0.0048	-3.4082	
0.00481	-3.40576	
0.00482	-3.4082	
0.00483	-3.40576	
0.00484	-3.40576	
0.00485	-3.40576	
0.00486	-3.40576	
0.00487	-3.40576	
0.00488	-3.40576	
0.00489	-3.40576	
0.0049	-3.40576	
0.00491	-3.40576	
0.00492	-3.40576	
0.00493	-3.40576	
0.00494	-3.40576	
0.00495	-3.40576	
0.00496	-3.40576	
0.00497	-3.40332	
0.00498	-3.40332	
0.00499	-3.40332	
0.005	-3.40332	
0.00501	-3.40332	
0.00502	-3.40332	
0.00503	-3.40332	
0.00504	-3.40088	
0.00505	-3.40088	
0.00506	-3.40088	
0.00507	-3.40088	
0.00508	-3.40088	
0.00509	-3.40088	
0.0051	-3.40088	
0.00511	-3.39844	
0.00512	-3.39844	
0.00513	-3.39844	
0.00514	-3.39844	
0.00515	-3.39844	
0.00516	-3.39844	
0.00517	-3.396	
0.00518	-3.396	
0.00519	-3.396	
0.0052	-3.396	
0.00521	-3.39355	
0.00522	-3.39355	
0.00523	-3.39355	
0.00524	-3.39355	
0.00525	-3.39355	
0.00526	-3.39111	
0.00527	-3.39111	
0.00528	-3.39111	
0.00529	-3.39111	
0.0053	-3.38867	
0.00531	-3.38867	
0.00532	-3.38867	
0.00533	-3.38623	
0.00534	-3.38623	
0.00535	-3.38623	
0.00536	-3.38623	
0.00537	-3.38379	
0.00538	-3.38379	
0.00539	-3.38135	
0.0054	-3.38135	
0.00541	-3.38135	
0.00542	-3.38135	
0.00543	-3.37891	
0.00544	-3.37891	
0.00545	-3.37891	
0.00546	-3.37646	
0.00547	-3.37646	
0.00548	-3.37646	
0.00549	-3.37402	
0.0055	-3.37402	
0.00551	-3.37402	
0.00552	-3.37158	
0.00553	-3.37158	
0.00554	-3.37158	
0.00555	-3.36914	
0.00556	-3.36914	
0.00557	-3.36914	
0.00558	-3.36914	
0.00559	-3.3667	
0.0056	-3.36426	
0.00561	-3.36426	
0.00562	-3.36426	
0.00563	-3.36182	
0.00564	-3.36182	
0.00565	-3.36182	
0.00566	-3.35938	
0.00567	-3.35938	
0.00568	-3.35938	
0.00569	-3.35693	
0.0057	-3.35693	
0.00571	-3.35693	
0.00572	-3.35693	
0.00573	-3.35449	
0.00574	-3.35449	
0.00575	-3.35205	
0.00576	-3.35205	
0.00577	-3.35205	
0.00578	-3.35205	
0.00579	-3.34961	
0.0058	-3.34961	
0.00581	-3.34717	
0.00582	-3.34717	
0.00583	-3.34717	
0.00584	-3.34473	
0.00585	-3.34473	
0.00586	-3.34473	
0.00587	-3.34229	
0.00588	-3.34229	
0.00589	-3.34229	
0.0059	-3.33984	
0.00591	-3.33984	
0.00592	-3.33984	
0.00593	-3.33984	
0.00594	-3.3374	
0.00595	-3.3374	
0.00596	-3.3374	
0.00597	-3.33496	
0.00598	-3.33496	
0.00599	-3.33496	
0.006	-3.33252	
0.00601	-3.33252	
0.00602	-3.33252	
0.00603	-3.33252	
0.00604	-3.33008	
0.00605	-3.33008	
0.00606	-3.33008	
0.00607	-3.33008	
0.00608	-3.32764	
0.00609	-3.32764	
0.0061	-3.32764	
0.00611	-3.32764	
0.00612	-3.3252	
0.00613	-3.3252	
0.00614	-3.3252	
0.00615	-3.3252	
0.00616	-3.3252	
0.00617	-3.32275	
0.00618	-3.32275	
0.00619	-3.32275	
0.0062	-3.32275	
0.00621	-3.32275	
0.00622	-3.32031	
0.00623	-3.32275	
0.00624	-3.32031	
0.00625	-3.32031	
0.00626	-3.32031	
0.00627	-3.32031	
0.00628	-3.32031	
0.00629	-3.32031	
0.0063	-3.32031	
0.00631	-3.32031	
0.00632	-3.31787	
0.00633	-3.31787	
0.00634	-3.31787	
0.00635	-3.31787	
0.00636	-3.31787	
0.00637	-3.31787	
0.00638	-3.31787	
0.00639	-3.31787	
0.0064	-3.31787	
0.00641	-3.31787	
0.00642	-3.31543	
0.00643	-3.31787	
0.00644	-3.31787	
0.00645	-3.31787	
0.00646	-3.31543	
0.00647	-3.31787	
0.00648	-3.31543	
0.00649	-3.31787	
0.0065	-3.31787	
0.00651	-3.31787	
0.00652	-3.31787	
0.00653	-3.31787	
0.00654	-3.31787	
0.00655	-3.31787	
0.00656	-3.31787	
0.00657	-3.31787	
0.00658	-3.31787	
0.00659	-3.31787	
0.0066	-3.32031	
0.00661	-3.32031	
0.00662	-3.32031	
0.00663	-3.32031	
0.00664	-3.32031	
0.00665	-3.32031	
0.00666	-3.32031	
0.00667	-3.32031	
0.00668	-3.32275	
0.00669	-3.32275	
0.0067	-3.32275	
0.00671	-3.32275	
0.00672	-3.32275	
0.00673	-3.3252	
0.00674	-3.3252	
0.00675	-3.3252	
0.00676	-3.3252	
0.00677	-3.3252	
0.00678	-3.3252	
0.00679	-3.32764	
0.0068	-3.32764	
0.00681	-3.32764	
0.00682	-3.33008	
0.00683	-3.33008	
0.00684	-3.33008	
0.00685	-3.33008	
0.00686	-3.33008	
0.00687	-3.33252	
0.00688	-3.33252	
0.00689	-3.33252	
0.0069	-3.33496	
0.00691	-3.33496	
0.00692	-3.33496	
0.00693	-3.33496	
0.00694	-3.3374	
0.00695	-3.3374	
0.00696	-3.3374	
0.00697	-3.33984	
0.00698	-3.33984	
0.00699	-3.33984	
0.007	-3.34229	
0.00701	-3.34229	
0.00702	-3.34229	
0.00703	-3.34229	
0.00704	-3.34473	
0.00705	-3.34473	
0.00706	-3.34717	
0.00707	-3.34717	
0.00708	-3.34717	
0.00709	-3.34961	
0.0071	-3.34961	
0.00711	-3.34961	
0.00712	-3.35205	
0.00713	-3.35205	
0.00714	-3.35205	
0.00715	-3.35449	
0.00716	-3.35449	
0.00717	-3.35449	
0.00718	-3.35449	
0.00719	-3.35693	
0.0072	-3.35693	
0.00721	-3.35938	
0.00722	-3.35938	
0.00723	-3.36182	
0.00724	-3.36182	
0.00725	-3.36182	
0.00726	-3.36426	
0.00727	-3.36426	
0.00728	-3.3667	
0.00729	-3.3667	
0.0073	-3.3667	
0.00731	-3.3667	
0.00732	-3.36914	
0.00733	-3.36914	
0.00734	-3.36914	
0.00735	-3.37158	
0.00736	-3.37158	
0.00737	-3.37158	
0.00738	-3.37402	
0.00739	-3.37402	
0.0074	-3.37402	
0.00741	-3.37646	
0.00742	-3.37646	
0.00743	-3.37646	
0.00744	-3.37646	
0.00745	-3.37891	
0.00746	-3.37891	
0.00747	-3.38135	
0.00748	-3.38135	
0.00749	-3.38135	
0.0075	-3.38379	
0.00751	-3.38379	
0.00752	-3.38379	
0.00753	-3.38379	
0.00754	-3.38623	
0.00755	-3.38623	
0.00756	-3.38623	
0.00757	-3.38867	
0.00758	-3.38867	
0.00759	-3.38867	
0.0076	-3.38867	
0.00761	-3.38867	
0.00762	-3.39111	
0.00763	-3.39111	
0.00764	-3.39111	
0.00765	-3.39111	
0.00766	-3.39355	
0.00767	-3.39355	
0.00768	-3.39355	
0.00769	-3.39355	
0.0077	-3.396	
0.00771	-3.396	
0.00772	-3.396	
0.00773	-3.396	
0.00774	-3.39844	
0.00775	-3.39844	
0.00776	-3.39844	
0.00777	-3.39844	
0.00778	-3.39844	
0.00779	-3.40088	
0.0078	-3.40088	
0.00781	-3.40088	
0.00782	-3.40088	
0.00783	-3.40088	
0.00784	-3.40088	
0.00785	-3.40088	
0.00786	-3.40088	
0.00787	-3.40332	
0.00788	-3.40332	
0.00789	-3.40332	
0.0079	-3.40332	
0.00791	-3.40576	
0.00792	-3.40332	
0.00793	-3.40576	
0.00794	-3.40576	
0.00795	-3.40576	
0.00796	-3.40576	
0.00797	-3.40576	
0.00798	-3.40576	
0.00799	-3.40576	
0.008	-3.40576	
0.00801	-3.40576	
0.00802	-3.40576	
0.00803	-3.40576	
0.00804	-3.40576	
0.00805	-3.40576	
0.00806	-3.40576	
0.00807	-3.40576	
0.00808	-3.40576	
0.00809	-3.40576	
0.0081	-3.40576	
0.00811	-3.40576	
0.00812	-3.40576	
0.00813	-3.40576	
0.00814	-3.40576	
0.00815	-3.40576	
0.00816	-3.40576	
0.00817	-3.40576	
0.00818	-3.40576	
0.00819	-3.40576	
0.0082	-3.40576	
0.00821	-3.40576	
0.00822	-3.40576	
0.00823	-3.40576	
0.00824	-3.40576	
0.00825	-3.40576	
0.00826	-3.40576	
0.00827	-3.40332	
0.00828	-3.40576	
0.00829	-3.40332	
0.0083	-3.40332	
0.00831	-3.40332	
0.00832	-3.40332	
0.00833	-3.40332	
0.00834	-3.40332	
0.00835	-3.40332	
0.00836	-3.40332	
0.00837	-3.40332	
0.00838	-3.40088	
0.00839	-3.40088	
0.0084	-3.40088	
0.00841	-3.40088	
0.00842	-3.40088	
0.00843	-3.40088	
0.00844	-3.39844	
0.00845	-3.39844	
0.00846	-3.39844	
0.00847	-3.39844	
0.00848	-3.39844	
0.00849	-3.396	
0.0085	-3.396	
0.00851	-3.396	
0.00852	-3.396	
0.00853	-3.396	
0.00854	-3.39355	
0.00855	-3.39355	
0.00856	-3.39355	
0.00857	-3.39111	
0.00858	-3.39111	
0.00859	-3.39111	
0.0086	-3.39111	
0.00861	-3.38867	
0.00862	-3.39111	
0.00863	-3.38867	
0.00864	-3.38867	
0.00865	-3.38867	
0.00866	-3.38867	
0.00867	-3.38623	
0.00868	-3.38623	
0.00869	-3.38623	
0.0087	-3.38379	
0.00871	-3.38379	
0.00872	-3.38379	
0.00873	-3.38135	
0.00874	-3.38135	
0.00875	-3.38135	
0.00876	-3.37891	
0.00877	-3.37891	
0.00878	-3.37891	
0.00879	-3.37891	
0.0088	-3.37646	
0.00881	-3.37646	
0.00882	-3.37402	
0.00883	-3.37402	
0.00884	-3.37402	
0.00885	-3.37402	
0.00886	-3.37158	
0.00887	-3.37158	
0.00888	-3.37158	
0.00889	-3.37158	
0.0089	-3.36914	
0.00891	-3.36914	
0.00892	-3.3667	
0.00893	-3.3667	
0.00894	-3.3667	
0.00895	-3.36426	
0.00896	-3.36426	
0.00897	-3.36426	
0.00898	-3.36182	
0.00899	-3.36182	
0.009	-3.36182	
0.00901	-3.35938	
0.00902	-3.35938	
0.00903	-3.35938	
0.00904	-3.35693	
0.00905	-3.35693	
0.00906	-3.35693	
0.00907	-3.35449	
0.00908	-3.35205	
0.00909	-3.35205	
0.0091	-3.35205	
0.00911	-3.35205	
0.00912	-3.34961	
0.00913	-3.34961	
0.00914	-3.34961	
0.00915	-3.34717	
0.00916	-3.34717	
0.00917	-3.34473	
0.00918	-3.34473	
0.00919	-3.34473	
0.0092	-3.34473	
0.00921	-3.34229	
0.00922	-3.34229	
0.00923	-3.34229	
0.00924	-3.33984	
0.00925	-3.33984	
0.00926	-3.33984	
0.00927	-3.33984	
0.00928	-3.3374	
0.00929	-3.3374	
0.0093	-3.3374	
0.00931	-3.33496	
0.00932	-3.33496	
0.00933	-3.33496	
0.00934	-3.33496	
0.00935	-3.33252	
0.00936	-3.33252	
0.00937	-3.33008	
0.00938	-3.33252	
0.00939	-3.33008	
0.0094	-3.33008	
0.00941	-3.33008	
0.00942	-3.32764	
0.00943	-3.32764	
0.00944	-3.32764	
0.00945	-3.32764	
0.00946	-3.3252	
0.00947	-3.3252	
0.00948	-3.3252	
0.00949	-3.3252	
0.0095	-3.32275	
0.00951	-3.3252	
0.00952	-3.32275	
0.00953	-3.32275	
0.00954	-3.32275	
0.00955	-3.32275	
0.00956	-3.32275	
0.00957	-3.32031	
0.00958	-3.32031	
0.00959	-3.32031	
0.0096	-3.32031	
0.00961	-3.32031	
0.00962	-3.32031	
0.00963	-3.31787	
0.00964	-3.32031	
0.00965	-3.31787	
0.00966	-3.31787	
0.00967	-3.31787	
0.00968	-3.31787	
0.00969	-3.31787	
0.0097	-3.31787	
0.00971	-3.31787	
0.00972	-3.31787	
0.00973	-3.31787	
0.00974	-3.31787	
0.00975	-3.31787	
0.00976	-3.31787	
0.00977	-3.31787	
0.00978	-3.31787	
0.00979	-3.31543	
0.0098	-3.31787	
0.00981	-3.31787	
0.00982	-3.31787	
0.00983	-3.31787	
0.00984	-3.31787	
0.00985	-3.31787	
0.00986	-3.31787	
0.00987	-3.31787	
0.00988	-3.31787	
0.00989	-3.31787	
0.0099	-3.31787	
0.00991	-3.31787	
0.00992	-3.31787	
0.00993	-3.32031	
0.00994	-3.32031	
0.00995	-3.32031	
0.00996	-3.32031	
0.00997	-3.32031	
0.00998	-3.32031	
0.00999	-3.32031