#Time - Dev1/ai1	Amplitude - Dev1/ai1	
0	-0.0957031	
1E-5	-0.0944824	
2E-5	-0.0939941	
3E-5	-0.0944824	
4E-5	-0.0944824	
5E-5	-0.0947266	
6E-5	-0.0947266	
7E-5	-0.095459	
8E-5	-0.0947266	
9E-5	-0.0947266	
1E-4	-0.0944824	
0.00011	-0.0942383	
0.00012	-0.0947266	
0.00013	-0.0947266	
0.00014	-0.0949707	
0.00015	-0.0947266	
0.00016	-0.0947266	
0.00017	-0.0944824	
0.00018	-0.095459	
0.00019	-0.0952148	
0.0002	-0.0947266	
0.00021	-0.0949707	
0.00022	-0.095459	
0.00023	-0.0949707	
0.00024	-0.0939941	
0.00025	-0.0949707	
0.00026	-0.095459	
0.00027	-0.0949707	
0.00028	-0.0949707	
0.00029	-0.095459	
0.0003	-0.0959473	
0.00031	-0.0952148	
0.00032	-0.095459	
0.00033	-0.095459	
0.00034	-0.0964355	
0.00035	-0.095459	
0.00036	-0.0957031	
0.00037	-0.095459	
0.00038	-0.0957031	
0.00039	-0.0959473	
0.0004	-0.0959473	
0.00041	-0.097168	
0.00042	-0.0961914	
0.00043	-0.0964355	
0.00044	-0.0966797	
0.00045	-0.0964355	
0.00046	-0.0961914	
0.00047	-0.0969238	
0.00048	-0.0974121	
0.00049	-0.0969238	
0.0005	-0.0969238	
0.00051	-0.0964355	
0.00052	-0.0974121	
0.00053	-0.0969238	
0.00054	-0.097168	
0.00055	-0.0976562	
0.00056	-0.0979004	
0.00057	-0.0979004	
0.00058	-0.0966797	
0.00059	-0.0979004	
0.0006	-0.0983887	
0.00061	-0.0976562	
0.00062	-0.0981445	
0.00063	-0.0983887	
0.00064	-0.098877	
0.00065	-0.0981445	
0.00066	-0.0981445	
0.00067	-0.098877	
0.00068	-0.0998535	
0.00069	-0.098877	
0.0007	-0.098877	
0.00071	-0.0996094	
0.00072	-0.0991211	
0.00073	-0.0993652	
0.00074	-0.0998535	
0.00075	-0.100342	
0.00076	-0.0998535	
0.00077	-0.100342	
0.00078	-0.100342	
0.00079	-0.100098	
0.0008	-0.100342	
0.00081	-0.100586	
0.00082	-0.101562	
0.00083	-0.101074	
0.00084	-0.101074	
0.00085	-0.101318	
0.00086	-0.101562	
0.00087	-0.101318	
0.00088	-0.101074	
0.00089	-0.102539	
0.0009	-0.102051	
0.00091	-0.101074	
0.00092	-0.101074	
0.00093	-0.102051	
0.00094	-0.102295	
0.00095	-0.102295	
0.00096	-0.102539	
0.00097	-0.103271	
0.00098	-0.103027	
0.00099	-0.102051	
0.001	-0.102783	
0.00101	-0.103027	
0.00102	-0.103516	
0.00103	-0.103027	
0.00104	-0.103271	
0.00105	-0.103516	
0.00106	-0.103271	
0.00107	-0.103516	
0.00108	-0.104248	
0.00109	-0.10498	
0.0011	-0.104248	
0.00111	-0.104736	
0.00112	-0.104248	
0.00113	-0.104492	
0.00114	-0.104492	
0.00115	-0.105225	
0.00116	-0.105713	
0.00117	-0.104736	
0.00118	-0.105469	
0.00119	-0.105469	
0.0012	-0.105713	
0.00121	-0.10498	
0.00122	-0.105469	
0.00123	-0.106689	
0.00124	-0.105713	
0.00125	-0.105469	
0.00126	-0.105469	
0.00127	-0.106201	
0.00128	-0.106201	
0.00129	-0.105713	
0.0013	-0.106689	
0.00131	-0.106689	
0.00132	-0.106689	
0.00133	-0.105957	
0.00134	-0.107178	
0.00135	-0.106689	
0.00136	-0.106934	
0.00137	-0.106445	
0.00138	-0.106689	
0.00139	-0.106934	
0.0014	-0.106445	
0.00141	-0.107178	
0.00142	-0.107422	
0.00143	-0.107666	
0.00144	-0.107666	
0.00145	-0.107422	
0.00146	-0.107178	
0.00147	-0.107178	
0.00148	-0.107422	
0.00149	-0.10791	
0.0015	-0.108154	
0.00151	-0.107666	
0.00152	-0.10791	
0.00153	-0.108154	
0.00154	-0.10791	
0.00155	-0.10791	
0.00156	-0.10791	
0.00157	-0.108887	
0.00158	-0.10791	
0.00159	-0.107666	
0.0016	-0.107666	
0.00161	-0.108398	
0.00162	-0.10791	
0.00163	-0.10791	
0.00164	-0.108643	
0.00165	-0.108643	
0.00166	-0.108154	
0.00167	-0.107666	
0.00168	-0.108154	
0.00169	-0.108154	
0.0017	-0.108154	
0.00171	-0.108154	
0.00172	-0.108154	
0.00173	-0.108154	
0.00174	-0.107422	
0.00175	-0.107666	
0.00176	-0.10791	
0.00177	-0.108154	
0.00178	-0.108398	
0.00179	-0.108643	
0.0018	-0.108154	
0.00181	-0.107666	
0.00182	-0.107666	
0.00183	-0.10791	
0.00184	-0.108398	
0.00185	-0.107666	
0.00186	-0.108154	
0.00187	-0.108398	
0.00188	-0.107666	
0.00189	-0.10791	
0.0019	-0.108154	
0.00191	-0.108643	
0.00192	-0.107666	
0.00193	-0.107178	
0.00194	-0.107422	
0.00195	-0.107666	
0.00196	-0.107422	
0.00197	-0.107422	
0.00198	-0.108154	
0.00199	-0.10791	
0.002	-0.107178	
0.00201	-0.106445	
0.00202	-0.107178	
0.00203	-0.106934	
0.00204	-0.106934	
0.00205	-0.106934	
0.00206	-0.106934	
0.00207	-0.106934	
0.00208	-0.105713	
0.00209	-0.106689	
0.0021	-0.106201	
0.00211	-0.106689	
0.00212	-0.106689	
0.00213	-0.106201	
0.00214	-0.105957	
0.00215	-0.105469	
0.00216	-0.105713	
0.00217	-0.105957	
0.00218	-0.105957	
0.00219	-0.105469	
0.0022	-0.105713	
0.00221	-0.105225	
0.00222	-0.104736	
0.00223	-0.105225	
0.00224	-0.10498	
0.00225	-0.106445	
0.00226	-0.10498	
0.00227	-0.104736	
0.00228	-0.10498	
0.00229	-0.104492	
0.0023	-0.104492	
0.00231	-0.104492	
0.00232	-0.10498	
0.00233	-0.104492	
0.00234	-0.10376	
0.00235	-0.10376	
0.00236	-0.10376	
0.00237	-0.103516	
0.00238	-0.10376	
0.00239	-0.10376	
0.0024	-0.103271	
0.00241	-0.10376	
0.00242	-0.102295	
0.00243	-0.102783	
0.00244	-0.102539	
0.00245	-0.102783	
0.00246	-0.103027	
0.00247	-0.102051	
0.00248	-0.102051	
0.00249	-0.102051	
0.0025	-0.102051	
0.00251	-0.102295	
0.00252	-0.101807	
0.00253	-0.101318	
0.00254	-0.101807	
0.00255	-0.101318	
0.00256	-0.101074	
0.00257	-0.101074	
0.00258	-0.10083	
0.00259	-0.101562	
0.0026	-0.100098	
0.00261	-0.100098	
0.00262	-0.10083	
0.00263	-0.100586	
0.00264	-0.100342	
0.00265	-0.100342	
0.00266	-0.101074	
0.00267	-0.100098	
0.00268	-0.0996094	
0.00269	-0.0993652	
0.0027	-0.0993652	
0.00271	-0.0991211	
0.00272	-0.0991211	
0.00273	-0.0993652	
0.00274	-0.0991211	
0.00275	-0.0993652	
0.00276	-0.0983887	
0.00277	-0.0983887	
0.00278	-0.0983887	
0.00279	-0.0983887	
0.0028	-0.0986328	
0.00281	-0.0976562	
0.00282	-0.0981445	
0.00283	-0.0976562	
0.00284	-0.0974121	
0.00285	-0.0976562	
0.00286	-0.097168	
0.00287	-0.0974121	
0.00288	-0.0979004	
0.00289	-0.0969238	
0.0029	-0.0964355	
0.00291	-0.097168	
0.00292	-0.0974121	
0.00293	-0.0979004	
0.00294	-0.0964355	
0.00295	-0.0964355	
0.00296	-0.0966797	
0.00297	-0.0957031	
0.00298	-0.0959473	
0.00299	-0.0964355	
0.003	-0.0974121	
0.00301	-0.0964355	
0.00302	-0.0961914	
0.00303	-0.0961914	
0.00304	-0.0961914	
0.00305	-0.0957031	
0.00306	-0.095459	
0.00307	-0.0959473	
0.00308	-0.095459	
0.00309	-0.0959473	
0.0031	-0.0949707	
0.00311	-0.0957031	
0.00312	-0.0957031	
0.00313	-0.095459	
0.00314	-0.0959473	
0.00315	-0.0952148	
0.00316	-0.0952148	
0.00317	-0.0944824	
0.00318	-0.0947266	
0.00319	-0.0947266	
0.0032	-0.0947266	
0.00321	-0.0947266	
0.00322	-0.0949707	
0.00323	-0.0947266	
0.00324	-0.0942383	
0.00325	-0.0949707	
0.00326	-0.0947266	
0.00327	-0.0949707	
0.00328	-0.0944824	
0.00329	-0.0947266	
0.0033	-0.0947266	
0.00331	-0.09375	
0.00332	-0.0944824	
0.00333	-0.0942383	
0.00334	-0.095459	
0.00335	-0.0944824	
0.00336	-0.0942383	
0.00337	-0.0944824	
0.00338	-0.0949707	
0.00339	-0.0947266	
0.0034	-0.0949707	
0.00341	-0.095459	
0.00342	-0.0947266	
0.00343	-0.0947266	
0.00344	-0.0942383	
0.00345	-0.0942383	
0.00346	-0.0947266	
0.00347	-0.0944824	
0.00348	-0.0952148	
0.00349	-0.0942383	
0.0035	-0.0949707	
0.00351	-0.0944824	
0.00352	-0.0947266	
0.00353	-0.0949707	
0.00354	-0.0949707	
0.00355	-0.0947266	
0.00356	-0.0949707	
0.00357	-0.0942383	
0.00358	-0.0935059	
0.00359	-0.095459	
0.0036	-0.0952148	
0.00361	-0.095459	
0.00362	-0.095459	
0.00363	-0.0957031	
0.00364	-0.0959473	
0.00365	-0.0944824	
0.00366	-0.095459	
0.00367	-0.0961914	
0.00368	-0.0961914	
0.00369	-0.0957031	
0.0037	-0.095459	
0.00371	-0.0959473	
0.00372	-0.0959473	
0.00373	-0.095459	
0.00374	-0.0959473	
0.00375	-0.0966797	
0.00376	-0.0959473	
0.00377	-0.0966797	
0.00378	-0.0961914	
0.00379	-0.0966797	
0.0038	-0.0974121	
0.00381	-0.0964355	
0.00382	-0.097168	
0.00383	-0.0966797	
0.00384	-0.0966797	
0.00385	-0.0966797	
0.00386	-0.0969238	
0.00387	-0.0976562	
0.00388	-0.0976562	
0.00389	-0.0979004	
0.0039	-0.0983887	
0.00391	-0.097168	
0.00392	-0.097168	
0.00393	-0.0976562	
0.00394	-0.0974121	
0.00395	-0.0979004	
0.00396	-0.0983887	
0.00397	-0.0986328	
0.00398	-0.098877	
0.00399	-0.0979004	
0.004	-0.0986328	
0.00401	-0.098877	
0.00402	-0.0991211	
0.00403	-0.0991211	
0.00404	-0.0996094	
0.00405	-0.0998535	
0.00406	-0.0991211	
0.00407	-0.098877	
0.00408	-0.0991211	
0.00409	-0.100342	
0.0041	-0.0996094	
0.00411	-0.0998535	
0.00412	-0.0998535	
0.00413	-0.100342	
0.00414	-0.100586	
0.00415	-0.10083	
0.00416	-0.101807	
0.00417	-0.10083	
0.00418	-0.10083	
0.00419	-0.10083	
0.0042	-0.100586	
0.00421	-0.101562	
0.00422	-0.101562	
0.00423	-0.102051	
0.00424	-0.102051	
0.00425	-0.101807	
0.00426	-0.101562	
0.00427	-0.102295	
0.00428	-0.101807	
0.00429	-0.102539	
0.0043	-0.102783	
0.00431	-0.102539	
0.00432	-0.102783	
0.00433	-0.101807	
0.00434	-0.103027	
0.00435	-0.103271	
0.00436	-0.103027	
0.00437	-0.103271	
0.00438	-0.103516	
0.00439	-0.104004	
0.0044	-0.103516	
0.00441	-0.103516	
0.00442	-0.104004	
0.00443	-0.10498	
0.00444	-0.10376	
0.00445	-0.10376	
0.00446	-0.104004	
0.00447	-0.104248	
0.00448	-0.10498	
0.00449	-0.10498	
0.0045	-0.105713	
0.00451	-0.105713	
0.00452	-0.105469	
0.00453	-0.105957	
0.00454	-0.105225	
0.00455	-0.105713	
0.00456	-0.105713	
0.00457	-0.106201	
0.00458	-0.105469	
0.00459	-0.105469	
0.0046	-0.105225	
0.00461	-0.106445	
0.00462	-0.105469	
0.00463	-0.106445	
0.00464	-0.107178	
0.00465	-0.106934	
0.00466	-0.106934	
0.00467	-0.105469	
0.00468	-0.106201	
0.00469	-0.106934	
0.0047	-0.106445	
0.00471	-0.106689	
0.00472	-0.106934	
0.00473	-0.106934	
0.00474	-0.106689	
0.00475	-0.106934	
0.00476	-0.107178	
0.00477	-0.10791	
0.00478	-0.107178	
0.00479	-0.107422	
0.0048	-0.107178	
0.00481	-0.107666	
0.00482	-0.107666	
0.00483	-0.107666	
0.00484	-0.108154	
0.00485	-0.108154	
0.00486	-0.107422	
0.00487	-0.10791	
0.00488	-0.107422	
0.00489	-0.107178	
0.0049	-0.108398	
0.00491	-0.108887	
0.00492	-0.108154	
0.00493	-0.108398	
0.00494	-0.107666	
0.00495	-0.108154	
0.00496	-0.107666	
0.00497	-0.107666	
0.00498	-0.108643	
0.00499	-0.108398	
0.005	-0.108154	
0.00501	-0.107666	
0.00502	-0.108398	
0.00503	-0.108154	
0.00504	-0.107666	
0.00505	-0.108398	
0.00506	-0.108398	
0.00507	-0.108398	
0.00508	-0.10791	
0.00509	-0.108154	
0.0051	-0.108154	
0.00511	-0.108398	
0.00512	-0.10791	
0.00513	-0.10791	
0.00514	-0.10791	
0.00515	-0.10791	
0.00516	-0.108154	
0.00517	-0.10791	
0.00518	-0.108154	
0.00519	-0.108154	
0.0052	-0.10791	
0.00521	-0.10791	
0.00522	-0.107422	
0.00523	-0.10791	
0.00524	-0.108154	
0.00525	-0.108154	
0.00526	-0.107666	
0.00527	-0.10791	
0.00528	-0.107666	
0.00529	-0.107666	
0.0053	-0.107178	
0.00531	-0.107666	
0.00532	-0.108154	
0.00533	-0.107422	
0.00534	-0.107422	
0.00535	-0.106689	
0.00536	-0.107422	
0.00537	-0.106934	
0.00538	-0.106934	
0.00539	-0.107178	
0.0054	-0.107422	
0.00541	-0.106689	
0.00542	-0.105713	
0.00543	-0.106445	
0.00544	-0.106934	
0.00545	-0.106689	
0.00546	-0.105957	
0.00547	-0.106201	
0.00548	-0.106201	
0.00549	-0.105713	
0.0055	-0.106201	
0.00551	-0.105713	
0.00552	-0.105957	
0.00553	-0.105713	
0.00554	-0.105225	
0.00555	-0.105225	
0.00556	-0.104736	
0.00557	-0.105469	
0.00558	-0.105957	
0.00559	-0.105713	
0.0056	-0.104736	
0.00561	-0.105225	
0.00562	-0.104492	
0.00563	-0.104492	
0.00564	-0.104492	
0.00565	-0.104492	
0.00566	-0.10498	
0.00567	-0.104248	
0.00568	-0.10376	
0.00569	-0.104004	
0.0057	-0.104004	
0.00571	-0.10376	
0.00572	-0.103027	
0.00573	-0.104004	
0.00574	-0.10376	
0.00575	-0.103516	
0.00576	-0.102539	
0.00577	-0.103027	
0.00578	-0.103027	
0.00579	-0.103027	
0.0058	-0.102539	
0.00581	-0.102539	
0.00582	-0.102783	
0.00583	-0.101318	
0.00584	-0.101807	
0.00585	-0.102295	
0.00586	-0.102295	
0.00587	-0.102051	
0.00588	-0.101318	
0.00589	-0.10083	
0.0059	-0.100586	
0.00591	-0.101074	
0.00592	-0.10083	
0.00593	-0.101318	
0.00594	-0.101074	
0.00595	-0.101318	
0.00596	-0.100586	
0.00597	-0.100586	
0.00598	-0.100586	
0.00599	-0.100098	
0.006	-0.101074	
0.00601	-0.0996094	
0.00602	-0.0996094	
0.00603	-0.0996094	
0.00604	-0.0996094	
0.00605	-0.0991211	
0.00606	-0.098877	
0.00607	-0.0996094	
0.00608	-0.0993652	
0.00609	-0.0991211	
0.0061	-0.0983887	
0.00611	-0.0991211	
0.00612	-0.0991211	
0.00613	-0.0986328	
0.00614	-0.0983887	
0.00615	-0.0983887	
0.00616	-0.0983887	
0.00617	-0.097168	
0.00618	-0.0981445	
0.00619	-0.0979004	
0.0062	-0.0976562	
0.00621	-0.0979004	
0.00622	-0.0974121	
0.00623	-0.0976562	
0.00624	-0.0969238	
0.00625	-0.0969238	
0.00626	-0.0966797	
0.00627	-0.0969238	
0.00628	-0.0969238	
0.00629	-0.0969238	
0.0063	-0.097168	
0.00631	-0.0964355	
0.00632	-0.0969238	
0.00633	-0.0969238	
0.00634	-0.0974121	
0.00635	-0.0961914	
0.00636	-0.0964355	
0.00637	-0.0966797	
0.00638	-0.0966797	
0.00639	-0.0961914	
0.0064	-0.0959473	
0.00641	-0.0969238	
0.00642	-0.0964355	
0.00643	-0.0957031	
0.00644	-0.095459	
0.00645	-0.0959473	
0.00646	-0.0964355	
0.00647	-0.0957031	
0.00648	-0.0961914	
0.00649	-0.0961914	
0.0065	-0.0959473	
0.00651	-0.0949707	
0.00652	-0.0957031	
0.00653	-0.0957031	
0.00654	-0.0959473	
0.00655	-0.0959473	
0.00656	-0.0952148	
0.00657	-0.0952148	
0.00658	-0.0947266	
0.00659	-0.0952148	
0.0066	-0.0952148	
0.00661	-0.095459	
0.00662	-0.0957031	
0.00663	-0.0957031	
0.00664	-0.0952148	
0.00665	-0.0949707	
0.00666	-0.0952148	
0.00667	-0.0957031	
0.00668	-0.0964355	
0.00669	-0.095459	
0.0067	-0.0952148	
0.00671	-0.095459	
0.00672	-0.0949707	
0.00673	-0.0949707	
0.00674	-0.0952148	
0.00675	-0.0964355	
0.00676	-0.0952148	
0.00677	-0.0949707	
0.00678	-0.0952148	
0.00679	-0.095459	
0.0068	-0.0952148	
0.00681	-0.0952148	
0.00682	-0.095459	
0.00683	-0.095459	
0.00684	-0.0952148	
0.00685	-0.0947266	
0.00686	-0.0957031	
0.00687	-0.0952148	
0.00688	-0.095459	
0.00689	-0.0959473	
0.0069	-0.095459	
0.00691	-0.0959473	
0.00692	-0.095459	
0.00693	-0.095459	
0.00694	-0.0952148	
0.00695	-0.095459	
0.00696	-0.095459	
0.00697	-0.095459	
0.00698	-0.095459	
0.00699	-0.0952148	
0.007	-0.0961914	
0.00701	-0.0959473	
0.00702	-0.0964355	
0.00703	-0.0959473	
0.00704	-0.0961914	
0.00705	-0.0969238	
0.00706	-0.0964355	
0.00707	-0.0959473	
0.00708	-0.0966797	
0.00709	-0.0974121	
0.0071	-0.0966797	
0.00711	-0.0969238	
0.00712	-0.0969238	
0.00713	-0.0969238	
0.00714	-0.0969238	
0.00715	-0.097168	
0.00716	-0.0981445	
0.00717	-0.0974121	
0.00718	-0.0976562	
0.00719	-0.097168	
0.0072	-0.0979004	
0.00721	-0.0983887	
0.00722	-0.0979004	
0.00723	-0.0981445	
0.00724	-0.0979004	
0.00725	-0.0974121	
0.00726	-0.0974121	
0.00727	-0.0981445	
0.00728	-0.0979004	
0.00729	-0.0981445	
0.0073	-0.098877	
0.00731	-0.098877	
0.00732	-0.0986328	
0.00733	-0.0986328	
0.00734	-0.0998535	
0.00735	-0.0993652	
0.00736	-0.0998535	
0.00737	-0.0993652	
0.00738	-0.0998535	
0.00739	-0.0998535	
0.0074	-0.0993652	
0.00741	-0.100098	
0.00742	-0.100586	
0.00743	-0.101074	
0.00744	-0.100586	
0.00745	-0.100342	
0.00746	-0.100586	
0.00747	-0.10083	
0.00748	-0.10083	
0.00749	-0.101074	
0.0075	-0.102051	
0.00751	-0.101318	
0.00752	-0.101562	
0.00753	-0.101562	
0.00754	-0.101562	
0.00755	-0.102539	
0.00756	-0.102295	
0.00757	-0.102783	
0.00758	-0.102539	
0.00759	-0.102783	
0.0076	-0.102051	
0.00761	-0.102539	
0.00762	-0.102295	
0.00763	-0.103027	
0.00764	-0.103271	
0.00765	-0.103271	
0.00766	-0.103271	
0.00767	-0.102539	
0.00768	-0.103516	
0.00769	-0.10376	
0.0077	-0.10376	
0.00771	-0.10376	
0.00772	-0.104492	
0.00773	-0.104004	
0.00774	-0.103271	
0.00775	-0.104736	
0.00776	-0.10498	
0.00777	-0.105469	
0.00778	-0.104736	
0.00779	-0.10498	
0.0078	-0.104736	
0.00781	-0.105225	
0.00782	-0.10498	
0.00783	-0.105225	
0.00784	-0.105957	
0.00785	-0.105957	
0.00786	-0.105469	
0.00787	-0.105957	
0.00788	-0.105713	
0.00789	-0.106201	
0.0079	-0.105957	
0.00791	-0.106934	
0.00792	-0.106201	
0.00793	-0.106689	
0.00794	-0.106201	
0.00795	-0.106689	
0.00796	-0.106689	
0.00797	-0.106934	
0.00798	-0.107178	
0.00799	-0.106689	
0.008	-0.107178	
0.00801	-0.106689	
0.00802	-0.107422	
0.00803	-0.106934	
0.00804	-0.107178	
0.00805	-0.107422	
0.00806	-0.10791	
0.00807	-0.107422	
0.00808	-0.106934	
0.00809	-0.10791	
0.0081	-0.10791	
0.00811	-0.108154	
0.00812	-0.107422	
0.00813	-0.108154	
0.00814	-0.108398	
0.00815	-0.107422	
0.00816	-0.107666	
0.00817	-0.10791	
0.00818	-0.108643	
0.00819	-0.108398	
0.0082	-0.108154	
0.00821	-0.108398	
0.00822	-0.108643	
0.00823	-0.108887	
0.00824	-0.108154	
0.00825	-0.109375	
0.00826	-0.108643	
0.00827	-0.108887	
0.00828	-0.108398	
0.00829	-0.108398	
0.0083	-0.109131	
0.00831	-0.108887	
0.00832	-0.109131	
0.00833	-0.108643	
0.00834	-0.108887	
0.00835	-0.108398	
0.00836	-0.109131	
0.00837	-0.108643	
0.00838	-0.108643	
0.00839	-0.108643	
0.0084	-0.108887	
0.00841	-0.108643	
0.00842	-0.10791	
0.00843	-0.109375	
0.00844	-0.109131	
0.00845	-0.108887	
0.00846	-0.109131	
0.00847	-0.108398	
0.00848	-0.108398	
0.00849	-0.107666	
0.0085	-0.108154	
0.00851	-0.108398	
0.00852	-0.109375	
0.00853	-0.108154	
0.00854	-0.108154	
0.00855	-0.10791	
0.00856	-0.108154	
0.00857	-0.108154	
0.00858	-0.10791	
0.00859	-0.109131	
0.0086	-0.108398	
0.00861	-0.108398	
0.00862	-0.107666	
0.00863	-0.107422	
0.00864	-0.107666	
0.00865	-0.10791	
0.00866	-0.10791	
0.00867	-0.107666	
0.00868	-0.107422	
0.00869	-0.107178	
0.0087	-0.107178	
0.00871	-0.106934	
0.00872	-0.106934	
0.00873	-0.107178	
0.00874	-0.106689	
0.00875	-0.106445	
0.00876	-0.105713	
0.00877	-0.106934	
0.00878	-0.106689	
0.00879	-0.106445	
0.0088	-0.106689	
0.00881	-0.106689	
0.00882	-0.106689	
0.00883	-0.105469	
0.00884	-0.105225	
0.00885	-0.105713	
0.00886	-0.105957	
0.00887	-0.105713	
0.00888	-0.105469	
0.00889	-0.105225	
0.0089	-0.10498	
0.00891	-0.105225	
0.00892	-0.104248	
0.00893	-0.105957	
0.00894	-0.105225	
0.00895	-0.104736	
0.00896	-0.104492	
0.00897	-0.104492	
0.00898	-0.104248	
0.00899	-0.104492	
0.009	-0.10498	
0.00901	-0.104004	
0.00902	-0.104004	
0.00903	-0.10376	
0.00904	-0.103516	
0.00905	-0.103027	
0.00906	-0.103027	
0.00907	-0.103516	
0.00908	-0.102539	
0.00909	-0.102783	
0.0091	-0.102051	
0.00911	-0.103027	
0.00912	-0.102783	
0.00913	-0.102295	
0.00914	-0.102783	
0.00915	-0.102539	
0.00916	-0.102295	
0.00917	-0.101074	
0.00918	-0.101807	
0.00919	-0.101807	
0.0092	-0.101807	
0.00921	-0.101318	
0.00922	-0.10083	
0.00923	-0.101074	
0.00924	-0.100586	
0.00925	-0.100586	
0.00926	-0.100586	
0.00927	-0.101074	
0.00928	-0.100342	
0.00929	-0.100586	
0.0093	-0.100342	
0.00931	-0.0998535	
0.00932	-0.0998535	
0.00933	-0.0998535	
0.00934	-0.100098	
0.00935	-0.0996094	
0.00936	-0.0996094	
0.00937	-0.0993652	
0.00938	-0.0991211	
0.00939	-0.0991211	
0.0094	-0.098877	
0.00941	-0.0998535	
0.00942	-0.0986328	
0.00943	-0.0981445	
0.00944	-0.0983887	
0.00945	-0.0981445	
0.00946	-0.0981445	
0.00947	-0.0979004	
0.00948	-0.0981445	
0.00949	-0.0981445	
0.0095	-0.0979004	
0.00951	-0.0966797	
0.00952	-0.097168	
0.00953	-0.0976562	
0.00954	-0.0976562	
0.00955	-0.097168	
0.00956	-0.097168	
0.00957	-0.097168	
0.00958	-0.0961914	
0.00959	-0.0966797	
0.0096	-0.0966797	
0.00961	-0.0969238	
0.00962	-0.0966797	
0.00963	-0.0961914	
0.00964	-0.0959473	
0.00965	-0.0957031	
0.00966	-0.0961914	
0.00967	-0.0961914	
0.00968	-0.0964355	
0.00969	-0.0959473	
0.0097	-0.0959473	
0.00971	-0.095459	
0.00972	-0.0952148	
0.00973	-0.095459	
0.00974	-0.095459	
0.00975	-0.0959473	
0.00976	-0.0949707	
0.00977	-0.0949707	
0.00978	-0.0947266	
0.00979	-0.0952148	
0.0098	-0.0949707	
0.00981	-0.0947266	
0.00982	-0.0952148	
0.00983	-0.095459	
0.00984	-0.0947266	
0.00985	-0.09375	
0.00986	-0.0944824	
0.00987	-0.0944824	
0.00988	-0.0944824	
0.00989	-0.0944824	
0.0099	-0.0942383	
0.00991	-0.0949707	
0.00992	-0.0939941	
0.00993	-0.0944824	
0.00994	-0.0942383	
0.00995	-0.0947266	
0.00996	-0.0939941	
0.00997	-0.0939941	
0.00998	-0.0939941	
0.00999	-0.0935059