Time - Plot 0	Amplitude - Plot 0	Time - Plot 1	Amplitude - Plot 1	
0	-0.0634766	0	-0.124512	
1	-0.114746	1	-0.419922	
2	-0.153809	2	-0.717773	
3	-0.180664	3	-1.01563	
4	-0.202637	4	-1.27197	
5	-0.20752	5	-1.5332	
6	-0.202637	6	-1.75049	
7	-0.187988	7	-1.93604	
8	-0.161133	8	-2.11182	
9	-0.12207	9	-2.24365	
10	-0.078125	10	-2.34131	
11	-0.0292969	11	-2.39746	
12	0.0195312	12	-2.41943	
13	0.0708008	13	-2.39746	
14	0.109863	14	-2.34131	
15	0.148926	15	-2.24609	
16	0.170898	16	-2.13135	
17	0.185547	17	-1.95801	
18	0.180664	18	-1.76758	
19	0.175781	19	-1.54541	
20	0.153809	20	-1.30615	
21	0.119629	21	-1.02783	
22	0.0805664	22	-0.754395	
23	0.0317383	23	-0.45166	
24	-0.0146484	24	-0.153809	
25	-0.0610352	25	0.161133	
26	-0.102539	26	0.456543	
27	-0.144043	27	0.756836	
28	-0.168457	28	1.05225	
29	-0.185547	29	1.30859	
30	-0.183105	30	1.56982	
31	-0.183105	31	1.78955	
32	-0.15625	32	1.9751	
33	-0.131836	33	2.15088	
34	-0.0952148	34	2.28271	
35	-0.0439453	35	2.37793	
36	0	36	2.43652	
37	0.0512695	37	2.4585	
38	0.100098	38	2.43652	
39	0.141602	39	2.38037	
40	0.17334	40	2.28516	
41	0.195312	41	2.16797	
42	0.209961	42	1.99707	
43	0.20752	43	1.8042	
44	0.195312	44	1.57959	
45	0.170898	45	1.34521	
46	0.134277	46	1.06445	
47	0.0927734	47	0.788574	
48	0.0366211	48	0.490723	
49	-0.012207	49	0.192871	
50	-0.0610352	50	-0.124512	
51	-0.107422	51	-0.41748	
52	-0.153809	52	-0.720215	
53	-0.180664	53	-1.01318	
54	-0.200195	54	-1.27197	
55	-0.20752	55	-1.53076	
56	-0.202637	56	-1.75049	
57	-0.183105	57	-1.93604	
58	-0.163574	58	-2.10938	
59	-0.12207	59	-2.24121	
60	-0.0732422	60	-2.33887	
61	-0.0268555	61	-2.39746	
62	0.0219727	62	-2.41699	
63	0.0708008	63	-2.39746	
64	0.112305	64	-2.34131	
65	0.151367	65	-2.24365	
66	0.170898	66	-2.12891	
67	0.183105	67	-1.95801	
68	0.183105	68	-1.76758	
69	0.170898	69	-1.54297	
70	0.153809	70	-1.30615	
71	0.12207	71	-1.02539	
72	0.0805664	72	-0.751953	
73	0.0317383	73	-0.45166	
74	-0.00976562	74	-0.15625	
75	-0.0585937	75	0.161133	
76	-0.102539	76	0.456543	
77	-0.13916	77	0.756836	
78	-0.163574	78	1.05225	
79	-0.183105	79	1.31104	
80	-0.19043	80	1.56982	
81	-0.180664	81	1.78955	
82	-0.163574	82	1.97754	
83	-0.134277	83	2.146	
84	-0.0927734	84	2.28271	
85	-0.0488281	85	2.37793	
86	0.00488281	86	2.43652	
87	0.0512695	87	2.45605	
88	0.0976562	88	2.43896	
89	0.136719	89	2.38281	
90	0.175781	90	2.28516	
91	0.200195	91	2.16797	
92	0.20752	92	1.99707	
93	0.20752	93	1.8042	
94	0.195312	94	1.57959	
95	0.168457	95	1.34277	
96	0.131836	96	1.06445	
97	0.0878906	97	0.788574	
98	0.0415039	98	0.490723	
99	-0.00732422	99	0.192871	
100	-0.0610352	100	-0.124512	
101	-0.109863	101	-0.41748	
102	-0.151367	102	-0.717773	
103	-0.180664	103	-1.01563	
104	-0.202637	104	-1.27197	
105	-0.212402	105	-1.53076	
106	-0.202637	106	-1.74805	
107	-0.187988	107	-1.93604	
108	-0.158691	108	-2.11182	
109	-0.12207	109	-2.24365	
110	-0.078125	110	-2.34131	
111	-0.0268555	111	-2.3999	
112	0.0244141	112	-2.41943	
113	0.065918	113	-2.39746	
114	0.114746	114	-2.34131	
115	0.148926	115	-2.24365	
116	0.17334	116	-2.12891	
117	0.185547	117	-1.95801	
118	0.19043	118	-1.76758	
119	0.175781	119	-1.54053	
120	0.153809	120	-1.30371	
121	0.124512	121	-1.02539	
122	0.0805664	122	-0.749512	
123	0.0341797	123	-0.45166	
124	-0.00976562	124	-0.15625	
125	-0.0610352	125	0.161133	
126	-0.10498	126	0.456543	
127	-0.141602	127	0.754395	
128	-0.166016	128	1.05225	
129	-0.187988	129	1.31104	
130	-0.187988	130	1.56982	
131	-0.187988	131	1.78711	
132	-0.163574	132	1.9751	
133	-0.131836	133	2.14844	
134	-0.0927734	134	2.28271	
135	-0.0463867	135	2.37793	
136	0.00244141	136	2.43896	
137	0.0512695	137	2.45605	
138	0.100098	138	2.43896	
139	0.141602	139	2.38037	
140	0.17334	140	2.2876	
141	0.197754	141	2.16797	
142	0.212402	142	1.99707	
143	0.209961	143	1.8042	
144	0.195312	144	1.57959	
145	0.170898	145	1.34277	
146	0.134277	146	1.06201	
147	0.0878906	147	0.788574	
148	0.0439453	148	0.488281	
149	-0.012207	149	0.192871	
150	-0.0585937	150	-0.124512	
151	-0.112305	151	-0.41748	
152	-0.151367	152	-0.717773	
153	-0.183105	153	-1.01074	
154	-0.205078	154	-1.27197	
155	-0.20752	155	-1.53076	
156	-0.202637	156	-1.75049	
157	-0.180664	157	-1.93604	
158	-0.15625	158	-2.10938	
159	-0.124512	159	-2.24121	
160	-0.0756836	160	-2.34131	
161	-0.0292969	161	-2.39746	
162	0.0219727	162	-2.41699	
163	0.0708008	163	-2.3999	
164	0.112305	164	-2.33887	
165	0.146484	165	-2.24609	
166	0.168457	166	-2.12891	
167	0.183105	167	-1.95557	
168	0.187988	168	-1.76758	
169	0.175781	169	-1.54297	
170	0.15625	170	-1.30615	
171	0.124512	171	-1.02539	
172	0.0830078	172	-0.751953	
173	0.0317383	173	-0.45166	
174	-0.012207	174	-0.153809	
175	-0.0585937	175	0.163574	
176	-0.100098	176	0.456543	
177	-0.13916	177	0.756836	
178	-0.168457	178	1.05225	
179	-0.185547	179	1.31104	
180	-0.187988	180	1.56982	
181	-0.180664	181	1.78955	
182	-0.161133	182	1.9751	
183	-0.129395	183	2.14844	
184	-0.0927734	184	2.28271	
185	-0.0463867	185	2.38037	
186	0	186	2.43652	
187	0.0512695	187	2.4585	
188	0.102539	188	2.43652	
189	0.141602	189	2.38037	
190	0.178223	190	2.28516	
191	0.200195	191	2.17041	
192	0.209961	192	1.99707	
193	0.20752	193	1.8042	
194	0.192871	194	1.58203	
195	0.170898	195	1.34521	
196	0.134277	196	1.06445	
197	0.0830078	197	0.788574	
198	0.0415039	198	0.488281	
199	-0.00976562	199	0.192871	
200	-0.0610352	200	-0.124512	
201	-0.109863	201	-0.419922	
202	-0.148926	202	-0.720215	
203	-0.178223	203	-1.01318	
204	-0.205078	204	-1.27197	
205	-0.209961	205	-1.5332	
206	-0.205078	206	-1.75293	
207	-0.19043	207	-1.93604	
208	-0.15625	208	-2.10938	
209	-0.12207	209	-2.24365	
210	-0.078125	210	-2.33887	
211	-0.0292969	211	-2.39746	
212	0.0244141	212	-2.41455	
213	0.0708008	213	-2.39746	
214	0.109863	214	-2.33887	
215	0.148926	215	-2.24609	
216	0.170898	216	-2.12891	
217	0.183105	217	-1.95801	
218	0.187988	218	-1.76514	
219	0.175781	219	-1.54297	
220	0.148926	220	-1.30371	
221	0.126953	221	-1.02295	
222	0.0830078	222	-0.751953	
223	0.0390625	223	-0.449219	
224	-0.012207	224	-0.15625	
225	-0.0610352	225	0.163574	
226	-0.102539	226	0.456543	
227	-0.136719	227	0.756836	
228	-0.168457	228	1.05225	
229	-0.187988	229	1.31104	
230	-0.187988	230	1.56982	
231	-0.178223	231	1.78955	
232	-0.161133	232	1.9751	
233	-0.131836	233	2.15088	
234	-0.090332	234	2.28271	
235	-0.0439453	235	2.37793	
236	0.00244141	236	2.43652	
237	0.0512695	237	2.4585	
238	0.100098	238	2.43896	
239	0.144043	239	2.38037	
240	0.17334	240	2.28516	
241	0.197754	241	2.16797	
242	0.212402	242	1.99707	
243	0.209961	243	1.8042	
244	0.192871	244	1.57715	
245	0.170898	245	1.34277	
246	0.134277	246	1.06445	
247	0.090332	247	0.791016	
248	0.0366211	248	0.48584	
249	-0.012207	249	0.192871	
