Time - Plot 0	Amplitude - Plot 0	Time - Plot 1	Amplitude - Plot 1	Time - Plot 2	Amplitude - Plot 2	
0	1.18652	0	-0.268555	0	-0.3125	
1	1.15723	1	-0.195312	1	-0.209961	
2	1.12793	2	-0.107422	2	-0.107422	
3	1.08887	3	-0.0341797	3	-0.00488281	
4	1.0498	4	0.0537109	4	0.078125	
5	1.01074	5	0.131836	5	0.151367	
6	0.961914	6	0.214844	6	0.224609	
7	0.908203	7	0.292969	7	0.292969	
8	0.854492	8	0.375977	8	0.341797	
9	0.786133	9	0.449219	9	0.371094	
10	0.727539	10	0.527344	10	0.405273	
11	0.65918	11	0.600586	11	0.405273	
12	0.581055	12	0.668945	12	0.390625	
13	0.512695	13	0.732422	13	0.375977	
14	0.43457	14	0.800781	14	0.341797	
15	0.356445	15	0.864258	15	0.292969	
16	0.273437	16	0.917969	16	0.239258	
17	0.195312	17	0.97168	17	0.161133	
18	0.112305	18	1.02051	18	0.078125	
19	0.0292969	19	1.06445	19	-0.0146484	
20	-0.0585937	20	1.09863	20	-0.117187	
21	-0.136719	21	1.1377	21	-0.224609	
22	-0.224609	22	1.16699	22	-0.322266	
23	-0.302734	23	1.18652	23	-0.439453	
24	-0.385742	24	1.21094	24	-0.556641	
25	-0.463867	25	1.23047	25	-0.649414	
26	-0.541992	26	1.23535	26	-0.751953	
27	-0.615234	27	1.23535	27	-0.854492	
28	-0.683594	28	1.23535	28	-0.947266	
29	-0.756836	29	1.22559	29	-1.03516	
30	-0.825195	30	1.21582	30	-1.10352	
31	-0.883789	31	1.19629	31	-1.15723	
32	-0.942383	32	1.16699	32	-1.20117	
33	-0.996094	33	1.1377	33	-1.22559	
34	-1.04492	34	1.09863	34	-1.24512	
35	-1.08887	35	1.06445	35	-1.25488	
36	-1.12793	36	1.02539	36	-1.23047	
37	-1.16699	37	0.976562	37	-1.21094	
38	-1.19629	38	0.922852	38	-1.17188	
39	-1.21582	39	0.869141	39	-1.11816	
40	-1.23535	40	0.805664	40	-1.0498	
41	-1.25488	41	0.74707	41	-0.966797	
42	-1.26465	42	0.673828	42	-0.888672	
43	-1.26465	43	0.600586	43	-0.795898	
44	-1.26465	44	0.532227	44	-0.678711	
45	-1.25488	45	0.458984	45	-0.585937	
46	-1.24023	46	0.380859	46	-0.478516	
47	-1.22559	47	0.297852	47	-0.366211	
48	-1.19629	48	0.224609	48	-0.253906	
49	-1.16699	49	0.136719	49	-0.151367	
50	-1.12793	50	0.0634766	50	-0.0537109	
51	-1.08887	51	-0.0244141	51	0.0390625	
52	-1.0498	52	-0.102539	52	0.131836	
53	-1.00098	53	-0.185547	53	0.200195	
54	-0.942383	54	-0.268555	54	0.273437	
55	-0.888672	55	-0.34668	55	0.317383	
56	-0.825195	56	-0.419922	56	0.366211	
57	-0.766602	57	-0.50293	57	0.390625	
58	-0.698242	58	-0.571289	58	0.395508	
59	-0.615234	59	-0.639648	59	0.395508	
60	-0.546875	60	-0.703125	60	0.385742	
61	-0.46875	61	-0.771484	61	0.351562	
62	-0.390625	62	-0.830078	62	0.3125	
63	-0.307617	63	-0.888672	63	0.249023	
64	-0.229492	64	-0.942383	64	0.180664	
65	-0.146484	65	-0.991211	65	0.112305	
66	-0.0683594	66	-1.03027	66	0.0195312	
67	0.0195312	67	-1.06934	67	-0.078125	
68	0.0976562	68	-1.1084	68	-0.185547	
69	0.185547	69	-1.1377	69	-0.27832	
70	0.268555	70	-1.15723	70	-0.385742	
71	0.351562	71	-1.17676	71	-0.488281	
72	0.429687	72	-1.19629	72	-0.595703	
73	0.507812	73	-1.20605	73	-0.688477	
74	0.581055	74	-1.20605	74	-0.786133	
75	0.649414	75	-1.20605	75	-0.883789	
76	0.717773	76	-1.19141	76	-0.957031	
77	0.786133	77	-1.18164	77	-1.02051	
78	0.844727	78	-1.16211	78	-1.07422	
79	0.90332	79	-1.1377	79	-1.12793	
80	0.961914	80	-1.1084	80	-1.15723	
81	1.01074	81	-1.06934	81	-1.16699	
82	1.0498	82	-1.03027	82	-1.17188	
83	1.08887	83	-0.991211	83	-1.16211	
84	1.12793	84	-0.942383	84	-1.14258	
85	1.15723	85	-0.888672	85	-1.09863	
86	1.17676	86	-0.834961	86	-1.04492	
87	1.19629	87	-0.771484	87	-0.976562	
88	1.21582	88	-0.712891	88	-0.90332	
89	1.22559	89	-0.644531	89	-0.825195	
90	1.22559	90	-0.571289	90	-0.732422	
91	1.22559	91	-0.50293	91	-0.625	
92	1.21582	92	-0.424805	92	-0.537109	
93	1.20605	93	-0.351562	93	-0.424805	
94	1.18652	94	-0.263672	94	-0.317383	
95	1.15723	95	-0.19043	95	-0.205078	
96	1.12793	96	-0.102539	96	-0.107422	
97	1.08887	97	-0.0292969	97	-0.00488281	
98	1.0498	98	0.0537109	98	0.0830078	
99	1.01074	99	0.131836	99	0.161133	
100	0.961914	100	0.214844	100	0.219727	
101	0.908203	101	0.292969	101	0.292969	
102	0.849609	102	0.380859	102	0.336914	
103	0.786133	103	0.458984	103	0.371094	
104	0.727539	104	0.532227	104	0.400391	
105	0.65918	105	0.600586	105	0.410156	
106	0.581055	106	0.668945	106	0.395508	
107	0.512695	107	0.737305	107	0.375977	
108	0.43457	108	0.800781	108	0.341797	
109	0.356445	109	0.859375	109	0.292969	
110	0.268555	110	0.922852	110	0.234375	
111	0.19043	111	0.976562	111	0.15625	
112	0.107422	112	1.02539	112	0.078125	
113	0.0292969	113	1.06445	113	-0.00976562	
114	-0.0585937	114	1.10352	114	-0.117187	
115	-0.136719	115	1.1377	115	-0.214844	
116	-0.224609	116	1.17188	116	-0.327148	
117	-0.302734	117	1.19141	117	-0.444336	
118	-0.390625	118	1.20605	118	-0.551758	
119	-0.46875	119	1.22559	119	-0.649414	
120	-0.546875	120	1.23535	120	-0.751953	
121	-0.615234	121	1.23535	121	-0.859375	
122	-0.688477	122	1.23535	122	-0.947266	
123	-0.756836	123	1.23047	123	-1.03027	
124	-0.825195	124	1.21582	124	-1.09863	
125	-0.883789	125	1.19629	125	-1.15234	
126	-0.942383	126	1.16699	126	-1.20605	
127	-0.996094	127	1.14258	127	-1.23047	
128	-1.0498	128	1.09863	128	-1.24512	
129	-1.08887	129	1.06445	129	-1.25488	
130	-1.12793	130	1.02539	130	-1.23047	
131	-1.16699	131	0.976562	131	-1.21582	
132	-1.19629	132	0.922852	132	-1.17188	
133	-1.21582	133	0.864258	133	-1.11328	
134	-1.23535	134	0.800781	134	-1.04492	
135	-1.25488	135	0.742187	135	-0.97168	
136	-1.26465	136	0.678711	136	-0.888672	
137	-1.26465	137	0.605469	137	-0.795898	
138	-1.26465	138	0.537109	138	-0.683594	
139	-1.25488	139	0.458984	139	-0.585937	
140	-1.24023	140	0.380859	140	-0.483398	
141	-1.2207	141	0.297852	141	-0.361328	
142	-1.19629	142	0.224609	142	-0.258789	
143	-1.16699	143	0.136719	143	-0.15625	
144	-1.12793	144	0.0585937	144	-0.0439453	
145	-1.08887	145	-0.0244141	145	0.0488281	
146	-1.0498	146	-0.0976562	146	0.131836	
147	-1.00098	147	-0.19043	147	0.205078	
148	-0.942383	148	-0.263672	148	0.268555	
149	-0.883789	149	-0.34668	149	0.327148	
150	-0.825195	150	-0.424805	150	0.366211	
151	-0.761719	151	-0.50293	151	0.390625	
152	-0.693359	152	-0.571289	152	0.405273	
153	-0.615234	153	-0.639648	153	0.400391	
154	-0.551758	154	-0.703125	154	0.375977	
155	-0.46875	155	-0.771484	155	0.351562	
156	-0.390625	156	-0.830078	156	0.307617	
157	-0.302734	157	-0.888672	157	0.249023	
158	-0.229492	158	-0.942383	158	0.185547	
159	-0.141602	159	-0.991211	159	0.107422	
160	-0.0634766	160	-1.03027	160	0.0244141	
161	0.0244141	161	-1.06445	161	-0.078125	
162	0.0976562	162	-1.1084	162	-0.170898	
163	0.19043	163	-1.1377	163	-0.288086	
164	0.268555	164	-1.15723	164	-0.385742	
165	0.351562	165	-1.17676	165	-0.493164	
166	0.429687	166	-1.19629	166	-0.59082	
167	0.507812	167	-1.20605	167	-0.693359	
168	0.581055	168	-1.20605	168	-0.786133	
169	0.654297	169	-1.20605	169	-0.874023	
170	0.717773	170	-1.19629	170	-0.957031	
171	0.786133	171	-1.17676	171	-1.03027	
172	0.844727	172	-1.16211	172	-1.0791	
173	0.90332	173	-1.1377	173	-1.12305	
174	0.961914	174	-1.1084	174	-1.15723	
175	1.01074	175	-1.06934	175	-1.16699	
176	1.0498	176	-1.03027	176	-1.17188	
177	1.08887	177	-0.996094	177	-1.15723	
178	1.12793	178	-0.942383	178	-1.13281	
179	1.15723	179	-0.888672	179	-1.09863	
180	1.18164	180	-0.830078	180	-1.04004	
181	1.19629	181	-0.766602	181	-0.976562	
182	1.21582	182	-0.708008	182	-0.898437	
183	1.22559	183	-0.644531	183	-0.825195	
184	1.22559	184	-0.571289	184	-0.717773	
185	1.22559	185	-0.50293	185	-0.620117	
186	1.2207	186	-0.424805	186	-0.527344	
187	1.20117	187	-0.34668	187	-0.415039	
188	1.18164	188	-0.263672	188	-0.317383	
189	1.15723	189	-0.19043	189	-0.209961	
190	1.12793	190	-0.102539	190	-0.102539	
191	1.08887	191	-0.0292969	191	-0.0146484	
192	1.0498	192	0.0585937	192	0.0732422	
193	1.01074	193	0.136719	193	0.166016	
194	0.961914	194	0.219727	194	0.234375	
195	0.90332	195	0.292969	195	0.297852	
196	0.849609	196	0.380859	196	0.34668	
197	0.786133	197	0.458984	197	0.371094	
198	0.722656	198	0.532227	198	0.395508	
199	0.65918	199	0.600586	199	0.405273	
200	0.581055	200	0.673828	200	0.405273	
201	0.512695	201	0.742187	201	0.375977	
202	0.429687	202	0.805664	202	0.34668	
203	0.356445	203	0.864258	203	0.292969	
204	0.268555	204	0.917969	204	0.229492	
205	0.19043	205	0.976562	205	0.15625	
206	0.102539	206	1.02539	206	0.078125	
207	0.0244141	207	1.06445	207	-0.0195312	
208	-0.0634766	208	1.10352	208	-0.117187	
209	-0.136719	209	1.14258	209	-0.229492	
210	-0.224609	210	1.16699	210	-0.332031	
211	-0.302734	211	1.19141	211	-0.444336	
212	-0.390625	212	1.21094	212	-0.551758	
213	-0.46875	213	1.22559	213	-0.65918	
214	-0.546875	214	1.24023	214	-0.756836	
215	-0.615234	215	1.23535	215	-0.859375	
216	-0.693359	216	1.23535	216	-0.947266	
217	-0.756836	217	1.22559	217	-1.03027	
218	-0.825195	218	1.21094	218	-1.09375	
219	-0.883789	219	1.19141	219	-1.15234	
220	-0.942383	220	1.17188	220	-1.20605	
221	-1.00098	221	1.14258	221	-1.22559	
222	-1.0498	222	1.09863	222	-1.24023	
223	-1.08887	223	1.06445	223	-1.25488	
224	-1.12793	224	1.02051	224	-1.23535	
225	-1.16699	225	0.976562	225	-1.21582	
226	-1.19629	226	0.917969	226	-1.17676	
227	-1.2207	227	0.864258	227	-1.1084	
228	-1.23535	228	0.800781	228	-1.0498	
229	-1.25488	229	0.737305	229	-0.961914	
230	-1.26465	230	0.673828	230	-0.883789	
231	-1.26465	231	0.600586	231	-0.795898	
232	-1.26465	232	0.532227	232	-0.688477	
233	-1.25488	233	0.458984	233	-0.585937	
234	-1.24023	234	0.380859	234	-0.46875	
235	-1.2207	235	0.292969	235	-0.361328	
236	-1.19629	236	0.219727	236	-0.263672	
237	-1.16699	237	0.131836	237	-0.15625	
238	-1.12793	238	0.0585937	238	-0.0439453	
239	-1.08887	239	-0.0292969	239	0.0488281	
240	-1.0498	240	-0.102539	240	0.141602	
241	-1.00098	241	-0.19043	241	0.205078	
242	-0.942383	242	-0.263672	242	0.27832	
243	-0.883789	243	-0.34668	243	0.332031	
244	-0.820312	244	-0.424805	244	0.366211	
245	-0.756836	245	-0.50293	245	0.390625	
246	-0.693359	246	-0.571289	246	0.405273	
247	-0.615234	247	-0.644531	247	0.400391	
248	-0.546875	248	-0.708008	248	0.380859	
249	-0.46875	249	-0.771484	249	0.361328	
250	-0.390625	250	-0.830078	250	0.302734	
251	-0.302734	251	-0.888672	251	0.249023	
252	-0.224609	252	-0.942383	252	0.185547	
253	-0.141602	253	-0.991211	253	0.107422	
254	-0.0634766	254	-1.03027	254	0.0146484	
255	0.0292969	255	-1.06934	255	-0.078125	
256	0.102539	256	-1.1084	256	-0.175781	
257	0.185547	257	-1.1377	257	-0.273437	
258	0.268555	258	-1.16211	258	-0.385742	
259	0.351562	259	-1.17676	259	-0.498047	
260	0.429687	260	-1.19629	260	-0.595703	
261	0.507812	261	-1.20117	261	-0.698242	
262	0.581055	262	-1.20117	262	-0.791016	
263	0.654297	263	-1.20117	263	-0.878906	
264	0.722656	264	-1.19141	264	-0.952148	
265	0.786133	265	-1.17676	265	-1.02051	
266	0.849609	266	-1.16211	266	-1.0791	
267	0.90332	267	-1.1377	267	-1.11816	
268	0.961914	268	-1.1084	268	-1.14746	
269	1.01074	269	-1.06934	269	-1.17188	
270	1.0498	270	-1.03027	270	-1.17676	
271	1.08887	271	-0.991211	271	-1.15723	
272	1.12793	272	-0.942383	272	-1.13281	
273	1.15723	273	-0.888672	273	-1.09863	
274	1.18164	274	-0.830078	274	-1.03516	
275	1.20117	275	-0.771484	275	-0.97168	
276	1.21582	276	-0.703125	276	-0.898437	
277	1.22559	277	-0.639648	277	-0.81543	
278	1.22559	278	-0.571289	278	-0.722656	
279	1.22559	279	-0.50293	279	-0.620117	
280	1.21582	280	-0.424805	280	-0.522461	
281	1.20117	281	-0.34668	281	-0.415039	
282	1.18164	282	-0.263672	282	-0.307617	
283	1.15723	283	-0.19043	283	-0.200195	
284	1.12793	284	-0.102539	284	-0.107422	
285	1.08887	285	-0.0244141	285	-0.00488281	
286	1.0498	286	0.0634766	286	0.0830078	
287	1.01074	287	0.136719	287	0.170898	
288	0.961914	288	0.219727	288	0.229492	
289	0.90332	289	0.297852	289	0.297852	
290	0.844727	290	0.380859	290	0.341797	
291	0.786133	291	0.458984	291	0.380859	
292	0.717773	292	0.532227	292	0.400391	
293	0.654297	293	0.605469	293	0.400391	
294	0.581055	294	0.673828	294	0.395508	
295	0.512695	295	0.742187	295	0.375977	
296	0.43457	296	0.800781	296	0.336914	
297	0.356445	297	0.864258	297	0.283203	
298	0.268555	298	0.922852	298	0.229492	
299	0.19043	299	0.976562	299	0.151367	
300	0.102539	300	1.02539	300	0.0732422	
301	0.0244141	301	1.06445	301	-0.0244141	
302	-0.0634766	302	1.10352	302	-0.12207	
303	-0.141602	303	1.14258	303	-0.234375	
304	-0.229492	304	1.17188	304	-0.332031	
305	-0.302734	305	1.19629	305	-0.449219	
306	-0.390625	306	1.21582	306	-0.556641	
307	-0.473633	307	1.22559	307	-0.65918	
308	-0.546875	308	1.23535	308	-0.766602	
309	-0.615234	309	1.23535	309	-0.864258	
310	-0.693359	310	1.23535	310	-0.947266	
311	-0.761719	311	1.23047	311	-1.04004	
312	-0.825195	312	1.21094	312	-1.09863	
313	-0.888672	313	1.19141	313	-1.16211	
314	-0.942383	314	1.16699	314	-1.20117	
315	-1.00098	315	1.1377	315	-1.23047	
316	-1.0498	316	1.09863	316	-1.24512	
317	-1.08887	317	1.06445	317	-1.25977	
318	-1.12793	318	1.02539	318	-1.23535	
319	-1.16699	319	0.976562	319	-1.21582	
320	-1.19629	320	0.917969	320	-1.17188	
321	-1.2207	321	0.859375	321	-1.11816	
322	-1.24023	322	0.800781	322	-1.0498	
323	-1.25488	323	0.737305	323	-0.966797	
324	-1.26465	324	0.673828	324	-0.893555	
325	-1.26465	325	0.600586	325	-0.786133	
326	-1.26465	326	0.532227	326	-0.673828	
327	-1.25488	327	0.454102	327	-0.576172	
328	-1.23535	328	0.380859	328	-0.46875	
329	-1.2207	329	0.297852	329	-0.356445	
330	-1.19629	330	0.214844	330	-0.253906	
331	-1.16699	331	0.131836	331	-0.141602	
332	-1.12793	332	0.0537109	332	-0.0439453	
333	-1.08887	333	-0.0292969	333	0.0488281	
334	-1.0498	334	-0.107422	334	0.136719	
335	-1.00098	335	-0.19043	335	0.209961	
336	-0.942383	336	-0.263672	336	0.273437	
337	-0.883789	337	-0.34668	337	0.327148	
338	-0.825195	338	-0.424805	338	0.361328	
339	-0.756836	339	-0.50293	339	0.385742	
340	-0.688477	340	-0.571289	340	0.395508	
341	-0.615234	341	-0.644531	341	0.395508	
342	-0.546875	342	-0.712891	342	0.385742	
343	-0.46875	343	-0.771484	343	0.351562	
344	-0.390625	344	-0.834961	344	0.307617	
345	-0.302734	345	-0.893555	345	0.253906	
346	-0.224609	346	-0.942383	346	0.180664	
347	-0.136719	347	-0.991211	347	0.107422	
348	-0.0585937	348	-1.03027	348	0.00488281	
349	0.0292969	349	-1.06934	349	-0.078125	
350	0.107422	350	-1.1084	350	-0.180664	
351	0.19043	351	-1.1377	351	-0.27832	
352	0.268555	352	-1.16211	352	-0.390625	
353	0.351562	353	-1.18164	353	-0.50293	
354	0.429687	354	-1.19629	354	-0.595703	
355	0.512695	355	-1.20605	355	-0.693359	
356	0.581055	356	-1.20117	356	-0.791016	
357	0.65918	357	-1.20605	357	-0.888672	
358	0.722656	358	-1.19629	358	-0.952148	
359	0.786133	359	-1.17676	359	-1.02539	
360	0.849609	360	-1.15723	360	-1.08887	
361	0.908203	361	-1.1377	361	-1.12305	
362	0.961914	362	-1.1084	362	-1.15234	
363	1.01074	363	-1.06934	363	-1.16699	
364	1.0498	364	-1.03027	364	-1.17676	
365	1.08887	365	-0.991211	365	-1.15234	
366	1.12793	366	-0.942383	366	-1.12305	
367	1.15723	367	-0.888672	367	-1.09863	
368	1.18652	368	-0.830078	368	-1.04004	
369	1.20117	369	-0.771484	369	-0.97168	
370	1.21582	370	-0.703125	370	-0.898437	
371	1.22559	371	-0.639648	371	-0.81543	
372	1.22559	372	-0.571289	372	-0.717773	
373	1.22559	373	-0.498047	373	-0.610352	
374	1.21582	374	-0.424805	374	-0.517578	
