0.0000	0.0029
0.1695	-0.0772
0.3390	-0.0862
0.5085	-0.0915
0.6780	-0.0952
0.8475	-0.0982
1.0169	-0.1008
1.1864	-0.1030
1.3559	-0.1049
1.5254	-0.1067
1.6949	-0.1084
1.8644	-0.1099
2.0339	-0.1114
2.2034	-0.1128
2.3729	-0.1142
2.5424	-0.1155
2.7119	-0.1167
2.8814	-0.1180
3.0508	-0.1192
3.2203	-0.1204
3.3898	-0.1215
3.5593	-0.1225
3.7288	-0.1236
3.8983	-0.1245
4.0678	-0.1256
4.2373	-0.1266
4.4068	-0.1276
4.5763	-0.1286
4.7458	-0.1296
4.9153	-0.1306
5.0847	-0.1315
5.2542	-0.1325
5.4237	-0.1334
5.5932	-0.1344
5.7627	-0.1358
5.9322	-0.1367
6.1017	-0.1378
6.2712	-0.1387
6.4407	-0.1398
6.6102	-0.1409
6.7797	-0.1419
6.9492	-0.1430
7.1186	-0.1441
7.2881	-0.1451
7.4576	-0.1462
7.6271	-0.1474
7.7966	-0.1484
7.9661	-0.1492
8.1356	-0.1504
8.3051	-0.1514
8.4746	-0.1525
8.6441	-0.1536
8.8136	-0.1546
8.9831	-0.1556
9.1525	-0.1567
9.3220	-0.1578
9.4915	-0.1590
9.6610	-0.1602
9.8305	-0.1613
10.0000	-0.1624
