0.0000	0.1009
0.1695	0.0737
0.3390	0.0704
0.5085	0.0686
0.6780	0.0671
0.8475	0.0659
1.0169	0.0647
1.1864	0.0639
1.3559	0.0630
1.5254	0.0622
1.6949	0.0614
1.8644	0.0607
2.0339	0.0602
2.2034	0.0595
2.3729	0.0590
2.5424	0.0584
2.7119	0.0579
2.8814	0.0572
3.0508	0.0568
3.2203	0.0563
3.3898	0.0559
3.5593	0.0554
3.7288	0.0550
3.8983	0.0545
4.0678	0.0541
4.2373	0.0534
4.4068	0.0531
4.5763	0.0526
4.7458	0.0522
4.9153	0.0518
5.0847	0.0514
5.2542	0.0509
5.4237	0.0506
5.5932	0.0502
5.7627	0.0499
5.9322	0.0495
6.1017	0.0492
6.2712	0.0488
6.4407	0.0483
6.6102	0.0480
6.7797	0.0478
6.9492	0.0474
7.1186	0.0469
7.2881	0.0468
7.4576	0.0462
7.6271	0.0460
7.7966	0.0456
7.9661	0.0451
8.1356	0.0447
8.3051	0.0444
8.4746	0.0439
8.6441	0.0437
8.8136	0.0433
8.9831	0.0428
9.1525	0.0425
9.3220	0.0420
9.4915	0.0418
9.6610	0.0412
9.8305	0.0407
10.0000	0.0433
