0.0000	0.0002
0.1695	-0.0006
0.3390	-0.0007
0.5085	-0.0007
0.6780	-0.0007
0.8475	-0.0007
1.0169	-0.0007
1.1864	-0.0008
1.3559	-0.0008
1.5254	-0.0008
1.6949	-0.0008
1.8644	-0.0008
2.0339	-0.0008
2.2034	-0.0009
2.3729	-0.0009
2.5424	-0.0009
2.7119	-0.0010
2.8814	-0.0010
3.0508	-0.0010
3.2203	-0.0010
3.3898	-0.0010
3.5593	-0.0010
3.7288	-0.0010
3.8983	-0.0010
4.0678	-0.0010
4.2373	-0.0010
4.4068	-0.0010
4.5763	-0.0010
4.7458	-0.0010
4.9153	-0.0010
5.0847	-0.0010
5.2542	-0.0011
5.4237	-0.0010
5.5932	-0.0011
5.7627	-0.0011
5.9322	-0.0011
6.1017	-0.0011
6.2712	-0.0012
6.4407	-0.0011
6.6102	-0.0012
6.7797	-0.0011
6.9492	-0.0012
7.1186	-0.0012
7.2881	-0.0012
7.4576	-0.0012
7.6271	-0.0013
7.7966	-0.0013
7.9661	-0.0013
8.1356	-0.0013
8.3051	-0.0013
8.4746	-0.0013
8.6441	-0.0013
8.8136	-0.0013
8.9831	-0.0013
9.1525	-0.0013
9.3220	-0.0013
9.4915	-0.0014
9.6610	-0.0014
9.8305	-0.0014
10.0000	-0.0014
