0.0000	0.0004
0.1695	-0.0077
0.3390	-0.0086
0.5085	-0.0092
0.6780	-0.0095
0.8475	-0.0098
1.0169	-0.0100
1.1864	-0.0103
1.3559	-0.0105
1.5254	-0.0107
1.6949	-0.0108
1.8644	-0.0110
2.0339	-0.0112
2.2034	-0.0113
2.3729	-0.0115
2.5424	-0.0115
2.7119	-0.0117
2.8814	-0.0118
3.0508	-0.0119
3.2203	-0.0120
3.3898	-0.0122
3.5593	-0.0123
3.7288	-0.0124
3.8983	-0.0131
4.0678	-0.0125
4.2373	-0.0127
4.4068	-0.0128
4.5763	-0.0129
4.7458	-0.0129
4.9153	-0.0129
5.0847	-0.0130
5.2542	-0.0131
5.4237	-0.0132
5.5932	-0.0133
5.7627	-0.0134
5.9322	-0.0137
6.1017	-0.0139
6.2712	-0.0139
6.4407	-0.0141
6.6102	-0.0142
6.7797	-0.0142
6.9492	-0.0144
7.1186	-0.0144
7.2881	-0.0145
7.4576	-0.0147
7.6271	-0.0147
7.7966	-0.0149
7.9661	-0.0149
8.1356	-0.0151
8.3051	-0.0152
8.4746	-0.0152
8.6441	-0.0153
8.8136	-0.0155
8.9831	-0.0156
9.1525	-0.0157
9.3220	-0.0158
9.4915	-0.0159
9.6610	-0.0160
9.8305	-0.0161
10.0000	-0.0163
