0.0000	0.0264
0.1695	-0.7803
0.3390	-0.8691
0.5085	-0.9215
0.6780	-0.9585
0.8475	-0.9886
1.0169	-1.0120
1.1864	-1.0352
1.3559	-1.0547
1.5254	-1.0742
1.6949	-1.0889
1.8644	-1.1076
2.0339	-1.1229
2.2034	-1.1372
2.3729	-1.1496
2.5424	-1.1622
2.7119	-1.1767
2.8814	-1.1881
3.0508	-1.2012
3.2203	-1.2128
3.3898	-1.2246
3.5593	-1.2354
3.7288	-1.2451
3.8983	-1.2574
4.0678	-1.2695
4.2373	-1.2793
4.4068	-1.2895
4.5763	-1.3020
4.7458	-1.3135
4.9153	-1.3232
5.0847	-1.3331
5.2542	-1.3453
5.4237	-1.3573
5.5932	-1.3672
5.7627	-1.3770
5.9322	-1.3892
6.1017	-1.4011
6.2712	-1.4111
6.4407	-1.4210
6.6102	-1.4317
6.7797	-1.4450
6.9492	-1.4551
7.1186	-1.4652
7.2881	-1.4771
7.4576	-1.4886
7.6271	-1.4990
7.7966	-1.5089
7.9661	-1.5187
8.1356	-1.5313
8.3051	-1.5417
8.4746	-1.5527
8.6441	-1.5625
8.8136	-1.5735
8.9831	-1.5864
9.1525	-1.5967
9.3220	-1.6086
9.4915	-1.6208
9.6610	-1.6314
9.8305	-1.6440
10.0000	-1.6552
