0.00988	0.03110
0.01422	0.03990
0.01820	0.05286
0.02219	0.06787
0.02649	0.08044
0.03050	0.08835
0.03483	0.09272
0.03885	0.09686
0.04286	0.10592
0.04716	0.12109
0.05117	0.12578
0.05547	0.13878
0.05943	0.15415
0.06375	0.16925
0.06775	0.17933
0.07174	0.18927
0.07602	0.19976
0.08004	0.20509
0.08437	0.21258
0.08837	0.21943
0.09237	0.23194
0.09664	0.24923
0.10057	0.26537
0.10498	0.26789
0.10894	0.28490
0.11321	0.30330
0.11718	0.31566
0.12117	0.32349
0.12549	0.33195
0.12948	0.34287
0.13376	0.35929
0.13769	0.37867
0.14197	0.39882
0.14593	0.41386
0.14991	0.42421
0.15420	0.43595
0.15817	0.44981
0.16241	0.47262
0.16633	0.49575
0.17025	0.51655
0.17451	0.53592
0.17847	0.54991
0.18277	0.56827
0.18669	0.58904
0.19088	0.62030
0.19475	0.64966
0.19863	0.67653
0.20281	0.70318
0.20674	0.72585
0.21094	0.75337
0.21479	0.78470
0.21866	0.82346
0.22276	0.86620
0.22656	0.90452
0.23068	0.94331
0.23449	0.97941
0.23858	1.02291
0.24234	1.07022
0.24608	1.12360
0.25006	1.18419
0.25374	1.24252
0.25776	1.30485
0.26144	1.36163
0.26538	1.42875
0.26897	1.50015
0.27252	1.57961
0.27633	1.66969
0.27984	1.75553
0.28362	1.84762
0.28709	1.93709
0.29055	2.03473
0.29419	2.14946
0.29750	2.26560
0.30103	2.39657
0.30427	2.52103
0.30775	2.65794
0.31097	2.79097
0.31411	2.93459
0.31740	3.10022
0.32041	3.26464
0.32363	3.45050
0.32656	3.62607
0.32946	3.80630
0.33253	4.00939
0.33530	4.20768
0.33823	4.43614
0.34088	4.65882
0.34369	4.90482
0.34624	5.13798
0.34881	5.38113
0.35143	5.65793
0.35383	5.91487
0.35639	6.20111
0.35870	6.47651
0.36113	6.78592
0.36332	7.08438
0.36545	7.39294
0.36771	7.72785
0.36977	8.04520
0.37198	8.39727
0.37396	8.73016
0.37589	9.07236
0.37790	9.45289
0.37972	9.81131
0.38166	10.20417
0.38342	10.57343
0.38528	10.97792
0.38697	11.36077
0.38863	11.75588
0.39035	12.18594
0.39192	12.59248
0.39358	13.03336
0.39509	13.44372
0.39658	13.86373
0.39815	14.32139
0.39957	14.75151
0.40106	15.22534
0.40241	15.66805
0.40385	16.15189
0.40518	16.60141
0.40647	17.05600
0.40782	17.55278
0.40905	18.01487
0.41036	18.51933
0.41156	18.98890
0.41274	19.46460
0.41398	19.98199
0.41511	20.46893
0.41629	20.99569
0.41738	21.48510
0.41853	22.01630
0.41958	22.51061
0.42062	23.00719
0.42173	23.54726
0.42272	24.05229
0.42378	24.60132
0.42474	25.11329
0.42578	25.67042
0.42671	26.18730
0.42764	26.70346
0.42862	27.26263
0.42952	27.78683
0.43047	28.35559
0.43133	28.88301
0.43219	29.41430
0.43309	29.98811
0.43392	30.51987
0.43482	31.10226
0.43562	31.64031
0.43648	32.22194
0.43727	32.76426
0.43803	33.30357
0.43885	33.89293
0.43960	34.43903
0.44042	35.02926
0.44115	35.57994
0.44189	36.13916
0.44267	36.73494
0.44338	37.29036
0.44413	37.89127
0.44481	38.44939
0.44555	39.05376
0.44623	39.61234
0.44690	40.17526
0.44760	40.78169
0.44825	41.34921
0.44895	41.96726
0.44958	42.53372
0.45025	43.14712
0.45088	43.71721
0.45149	44.28492
0.45214	44.90157
0.45274	45.47700
0.45338	46.09683
0.45396	46.67307
0.45454	47.25620
0.45517	47.87646
0.45574	48.45154
0.45635	49.07774
0.45691	49.66051
0.45750	50.28955
0.45804	50.87036
0.45857	51.45548
0.45916	52.08681
0.45968	52.66946
0.46026	53.30678
0.46078	53.89261
0.46129	54.48224
0.46184	55.11683
0.46235	55.70803
0.46288	56.34237
0.46338	56.93321
0.46391	57.56871
0.46440	58.16186
0.46488	58.76272
0.46540	59.40374
0.46587	59.99836
0.46637	60.64033
0.46683	61.23555
0.46730	61.83107
0.46779	62.47557
0.46825	63.07472
0.46873	63.72122
0.46917	64.32183
0.46964	64.97374
0.47008	65.57262
0.47052	66.17394
0.47098	66.82271
0.47142	67.42543
0.47188	68.07694
0.47230	68.67944
0.47274	69.33068
0.47315	69.93522
0.47357	70.54576
0.47401	71.19773
0.47441	71.80397
0.47484	72.45884
0.47524	73.06684
0.47564	73.67582
0.47606	74.33096
0.47646	74.93981
0.47687	75.59494
0.47725	76.20516
0.47767	76.86871
0.47805	77.47931
0.47842	78.09048
0.47882	78.74970
0.47920	79.36251
0.47959	80.01998
0.47996	80.63316
0.48032	81.24795
0.48070	81.90767
0.48106	82.52665
0.48144	83.18880
0.48180	83.80475
0.48218	84.46612
0.48252	85.08284
0.48287	85.70238
0.48324	86.36626
0.48358	86.98357
0.48394	87.64977
0.48428	88.26594
0.48464	88.93876
0.48497	89.55584
0.48531	90.17364
0.48566	90.84203
0.48598	91.46188
0.48634	92.12994
0.48665	92.75029
0.48697	93.37014
0.48731	94.03692
0.48763	94.66684
0.48798	95.33531
0.48829	95.95544
0.48862	96.62686
0.48893	97.25262
0.48924	97.87397
0.48957	98.54348
0.48987	99.16889
0.49020	99.84108
0.49050	100.46482
0.49079	101.09651
0.49111	101.76936
0.49141	102.39285
0.49172	103.06563
0.49202	103.69150
0.49234	104.36568
0.49262	104.99148
0.49291	105.61989
0.49321	106.29305
0.49349	106.91762
0.49380	107.59978
0.49409	108.22922
0.49437	108.85757
0.49466	109.53340
0.49494	110.16437
0.49524	110.84050
0.49550	111.46725
0.49579	112.14346
0.49606	112.77349
0.49635	113.40820
0.49663	114.08652
0.49689	114.71951
0.49718	115.39466
0.49744	116.02430
0.49772	116.70367
0.49798	117.33401
0.49825	117.96337
0.49852	118.64495
0.49878	119.27724
0.49906	119.96492
0.49931	120.59630
0.49956	121.22863
0.49983	121.90990
0.50008	122.54298
0.50034	123.22176
0.50060	123.85391
0.50087	124.53554
0.50110	125.17006
0.50135	125.81151