-0.00057	1.78801
0.00375	1.79675
0.00772	1.81046
0.01173	1.82541
0.01598	1.84594
0.01992	1.86481
0.02419	1.88032
0.02817	1.89098
0.03216	1.90047
0.03644	1.91582
0.04039	1.93467
0.04464	1.95763
0.04856	1.98008
0.05283	1.99956
0.05681	2.01393
0.06072	2.03744
0.06495	2.05814
0.06889	2.07418
0.07316	2.09184
0.07708	2.11439
0.08096	2.14337
0.08519	2.16514
0.08907	2.19017
0.09331	2.22388
0.09715	2.25815
0.10130	2.29277
0.10517	2.32093
0.10904	2.34921
0.11317	2.39254
0.11700	2.42856
0.12114	2.46565
0.12498	2.49994
0.12912	2.54329
0.13289	2.59030
0.13662	2.64067
0.14067	2.69253
0.14437	2.74795
0.14839	2.80741
0.15210	2.86075
0.15581	2.91560
0.15977	2.98100
0.16341	3.04757
0.16732	3.12921
0.17089	3.20654
0.17473	3.29126
0.17830	3.37086
0.18741	2.51497
0.19453	2.04256
0.19791	2.15124
0.20154	2.26888
0.20486	2.38176
0.20819	2.50637
0.21170	2.64603
0.21488	2.78483
0.21827	2.94137
0.22136	3.09198
0.22469	3.25728
0.22776	3.41477
0.23079	3.57860
0.23398	3.76560
0.23688	3.95193
0.23998	4.16130
0.24280	4.35905
0.24580	4.57741
0.24856	4.78364
0.25126	4.99694
0.25412	5.24050
0.25671	5.47645
0.25944	5.73852
0.26195	5.98671
0.26444	6.24123
0.26706	6.51964
0.26945	6.78644
0.27197	7.08394
0.27425	7.37291
0.27664	7.68743
0.27884	7.98792
0.28100	8.29278
0.28330	8.62458
0.28539	8.94014
0.28762	9.29394
0.28961	9.62750
0.29158	9.96482
0.29366	10.33811
0.29552	10.68998
0.29752	11.07990
0.29933	11.44316
0.30126	11.83846
0.30303	12.21074
0.30475	12.59768
0.30656	13.01612
0.30819	13.40898
0.30997	13.83608
0.31156	14.23417
0.31325	14.67196
0.31479	15.08594
0.31629	15.50437
0.31787	15.96180
0.31932	16.38946
0.32087	16.85571
0.32229	17.28919
0.32367	17.72640
0.32513	18.20558
0.32646	18.65548
0.32786	19.14517
0.32914	19.60273
0.33051	20.09503
0.33176	20.55666
0.33299	21.02617
0.33430	21.53171
0.33548	22.00789
0.33672	22.52297
0.33786	23.00120
0.33900	23.48376
0.34020	24.00539
0.34131	24.49255
0.34248	25.02411
0.34354	25.52090
0.34467	26.06101
0.34570	26.56209
0.34672	27.06389
0.34781	27.60567
0.34880	28.11034
0.34985	28.66080
0.35080	29.17571
0.35175	29.69323
0.35275	30.24863
0.35368	30.77172
0.35467	31.33020
0.35557	31.85227
0.35653	32.41820
0.35740	32.94683
0.35826	33.47570
0.35918	34.04694
0.36004	34.57729
0.36093	35.15293
0.36174	35.69153
0.36262	36.27575
0.36343	36.81422
0.36423	37.35458
0.36507	37.93601
0.36585	38.48106
0.36666	39.07286
0.36741	39.61954
0.36816	40.16942
0.36895	40.75943
0.36969	41.30973
0.37048	41.91282
0.37118	42.46674
0.37195	43.06657
0.37264	43.62392
0.37332	44.17617
0.37406	44.77812
0.37474	45.33553
0.37546	45.94183
0.37615	46.50617
0.37680	47.07591
0.37749	47.68598
0.37814	48.25101
0.37883	48.86101
0.37945	49.42921
0.38014	50.04290
0.38076	50.61447
0.38137	51.18578
0.38201	51.80310
0.38261	52.37802
0.38326	53.00257
0.38385	53.57557
0.38448	54.19640
0.38506	54.77516
0.38563	55.35177
0.38623	55.97598
0.38679	56.55617
0.38740	57.17913
0.38795	57.76322
0.38852	58.35109
0.38910	58.97757
0.38964	59.55925
0.39022	60.18951
0.39075	60.77444
0.39132	61.40694
0.39183	61.99424
0.39235	62.58232
0.39290	63.21818
0.39341	63.80439
0.39396	64.44421
0.39447	65.03397
0.39496	65.62600
0.39550	66.26054
0.39598	66.85449
0.39651	67.49344
0.39700	68.08725
0.39750	68.72835
0.39798	69.32240
0.39846	69.92293
0.39896	70.56369
0.39943	71.15905
0.39992	71.80327
0.40037	72.40315
0.40083	73.00135
0.40132	73.64645
0.40176	74.24350
0.40224	74.88950
0.40269	75.49107
0.40316	76.14534
0.40360	76.74577
0.40402	77.34926
0.40448	77.99735
0.40492	78.59670
0.40537	79.24721
0.40580	79.84971
0.40625	80.50210
0.40666	81.10831
0.40708	81.71945
0.40752	82.37064
0.40792	82.97490
0.40836	83.62752
0.40876	84.23327
0.40917	84.84371
0.40959	85.49876
0.40999	86.10783
0.41040	86.76531
0.41079	87.36964
0.41122	88.03186
0.41160	88.64319
0.41199	89.25333
0.41240	89.91057
0.41278	90.51919
0.41319	91.17793
0.41356	91.78986
0.41393	92.40003
0.41433	93.05952
0.41470	93.67780
0.41509	94.33751
0.41546	94.95047
0.41585	95.61098
0.41621	96.22595
0.41657	96.84462
0.41694	97.50714
0.41730	98.12065
0.41768	98.78292
0.41802	99.39741
0.41840	100.06861
0.41875	100.68398
0.41909	101.30156
0.41946	101.96650
0.41980	102.58237
0.42016	103.24769
0.42050	103.86543
0.42084	104.48286
0.42119	105.15035
0.42153	105.77700
0.42188	106.44218
0.42221	107.06036
0.42256	107.72606
0.42289	108.34857
0.42321	108.96968
0.42356	109.63843
0.42388	110.26054
0.42422	110.92833
0.42453	111.54891
0.42485	112.17558
0.42519	112.84465
0.42551	113.46819
0.42584	114.13825
0.42616	114.76075
0.42648	115.43191
0.42680	116.05206
0.42710	116.67723
0.42742	117.34948
0.42773	117.96996
0.42805	118.64882
0.42835	119.27479
0.42866	119.89835
0.42897	120.57210
0.42927	121.19868
0.42958	121.87309
0.42988	122.49590
0.43019	123.16761
0.43049	123.79357
0.43078	124.42633
0.43109	125.10070
0.43137	125.72956
0.43167	126.40314
0.43196	127.02805
0.43226	127.70410
0.43254	128.33143
0.43283	128.95684
0.43312	129.63462
0.43340	130.26524
0.43370	130.94809
0.43398	131.57444
0.43426	132.20078
0.43455	132.87872
0.43482	133.50992
0.43512	134.18619
0.43538	134.81457
0.43567	135.49369
0.43594	136.12201
0.43621	136.75875