Time - Plot 0	Amplitude - Plot 0	Time - Plot 1	Amplitude - Plot 1	
0	0.00244141	0	0	
1	0.00244141	1	0	
2	0.00244141	2	0	
3	0.00244141	3	0	
4	0.00244141	4	0	
5	0.00244141	5	0	
6	0.00244141	6	0	
7	0.00244141	7	0	
8	0.00244141	8	0	
9	0.00244141	9	0	
10	0.00244141	10	0	
11	0.00244141	11	0	
12	0.00244141	12	0	
13	0.00244141	13	0	
14	0.00244141	14	0	
15	0.00244141	15	0	
16	0.00244141	16	0	
17	0.00244141	17	0	
18	0.00244141	18	0	
19	0.00244141	19	0	
20	0.00244141	20	0	
21	0.00244141	21	0	
22	0.00244141	22	0	
23	0.00244141	23	0	
24	0.00244141	24	0	
25	0.00244141	25	0	
26	0.00244141	26	0	
27	0.00244141	27	0	
28	0.00244141	28	0	
29	0.00244141	29	0	
30	0.00244141	30	0	
31	0.00244141	31	0	
32	0.00244141	32	0	
33	0.00244141	33	0	
34	0.00244141	34	0	
35	0.00244141	35	0	
36	0.00244141	36	0	
37	0.00244141	37	0	
38	0.00244141	38	0.00244141	
39	0.00244141	39	0	
40	0.00244141	40	0	
41	0.00244141	41	0	
42	0.00244141	42	0	
43	0.00244141	43	0	
44	0.00244141	44	0	
45	0.00244141	45	0.00244141	
46	0.00244141	46	0	
47	0.00244141	47	0	
48	0.00244141	48	0	
49	0.00244141	49	0	
50	0.00244141	50	0	
51	0.00244141	51	0	
52	0.00244141	52	0	
53	0.00244141	53	0	
54	0.00244141	54	0	
55	0.00244141	55	0	
56	0.00244141	56	0	
57	0.00244141	57	0	
58	0.00244141	58	0	
59	0.00244141	59	0	
60	0.00244141	60	0	
61	0.00244141	61	0	
62	0.00244141	62	0	
63	0.00244141	63	0	
64	0.00244141	64	0	
65	0.00244141	65	0	
66	0.00244141	66	0	
67	0.00244141	67	0	
68	0.00244141	68	0	
69	0.00244141	69	0	
70	0.00244141	70	0	
71	0.00244141	71	0	
72	0.00244141	72	0.00244141	
73	0.00244141	73	0	
74	0.00244141	74	0	
75	0.00244141	75	0	
76	0.00244141	76	0	
77	0.00244141	77	0	
78	0.00244141	78	0	
79	0.00244141	79	0	
80	0.00244141	80	0	
81	0.00244141	81	0	
82	0.00244141	82	0	
83	0.00244141	83	0	
84	0.00244141	84	0	
85	0.00244141	85	0	
86	0.00244141	86	0	
87	0.00244141	87	0	
88	0.00244141	88	0	
89	0.00244141	89	0	
90	0.00244141	90	0	
91	0.00244141	91	0	
92	0.00244141	92	0	
93	0.00244141	93	0	
94	0.00244141	94	0	
95	0.00244141	95	0	
96	0.00244141	96	0	
97	0.00244141	97	0	
98	0.00244141	98	0	
99	0.00244141	99	0	
100	0.00244141	100	0	
101	0.00244141	101	0	
102	0.00244141	102	0	
103	0.00244141	103	0	
104	0.00244141	104	0	
105	0.00244141	105	0	
106	0.00244141	106	0	
107	0.00244141	107	0	
108	0.00244141	108	0	
109	0.00244141	109	0	
110	0.00244141	110	0	
111	0.00244141	111	0	
112	0.00244141	112	0	
113	0.00244141	113	0	
114	0.00244141	114	0	
115	0.00244141	115	0	
116	0.00244141	116	0	
117	0.00244141	117	0	
118	0.00244141	118	0	
119	0.00244141	119	0	
120	0.00244141	120	0	
121	0.00244141	121	0	
122	0.00244141	122	0	
123	0.00244141	123	0	
124	0.00244141	124	0	
125	0.00244141	125	0	
126	0.00244141	126	0	
127	0.00244141	127	0	
128	0.00244141	128	0	
129	0.00244141	129	0	
130	0.00244141	130	0	
131	0.00244141	131	0	
132	0.00244141	132	0	
133	0.00244141	133	0	
134	0.00244141	134	0	
135	0.00244141	135	0	
136	0.00244141	136	0	
137	0.00244141	137	0	
138	0.00244141	138	0	
139	0.00244141	139	0	
140	0.00244141	140	0	
141	0.00244141	141	0	
142	0.00244141	142	0	
143	0.00244141	143	0	
144	0.00244141	144	0	
145	0.00244141	145	0	
146	0.00244141	146	0.00244141	
147	0.00244141	147	0	
148	0.00244141	148	0	
149	0.00244141	149	0	
150	0.00244141	150	0.00244141	
151	0.00244141	151	0	
152	0.00244141	152	0	
153	0.00244141	153	0	
154	0.00244141	154	0	
155	0.00244141	155	0	
156	0.00244141	156	0	
157	0.00244141	157	0	
158	0.00244141	158	0	
159	0.00244141	159	0	
160	0.00244141	160	0	
161	0.00244141	161	0	
162	0.00244141	162	0	
163	0.00244141	163	0	
164	0.00244141	164	0	
165	0.00244141	165	0	
166	0.00244141	166	0	
167	0.00244141	167	0	
168	0.00244141	168	0	
169	0.00244141	169	0	
170	0.00244141	170	0	
171	0.00244141	171	0	
172	0.00244141	172	0	
173	0.00244141	173	0	
174	0.00244141	174	0	
175	0.00244141	175	0	
176	0.00244141	176	0	
177	0.00244141	177	0	
178	0.00244141	178	0	
179	0.00244141	179	0	
180	0.00244141	180	0	
181	0.00244141	181	0	
182	0.00244141	182	0	
183	0.00244141	183	0	
184	0.00244141	184	0	
185	0.00244141	185	0	
186	0.00244141	186	0	
187	0.00244141	187	0	
188	0.00244141	188	0	
189	0.00244141	189	0	
190	0.00244141	190	0	
191	0.00244141	191	0	
192	0.00244141	192	0	
193	0.00244141	193	0	
194	0.00244141	194	0	
195	0.00244141	195	0	
196	0.00244141	196	0	
197	0.00244141	197	0	
198	0.00244141	198	0	
199	0.00244141	199	0	
200	0.00244141	200	0	
201	0.00244141	201	0	
202	0.00244141	202	0	
203	0.00244141	203	0	
204	0.00244141	204	0	
205	0.00244141	205	0	
206	0.00244141	206	0	
207	0.00244141	207	0	
208	0.00244141	208	0	
209	0.00244141	209	0	
210	0.00244141	210	0	
211	0.00244141	211	0	
212	0.00244141	212	0	
213	0.00244141	213	0	
214	0.00244141	214	0	
215	0.00244141	215	0	
216	0.00244141	216	0	
217	0.00244141	217	0.00244141	
218	0.00244141	218	0	
219	0.00244141	219	0	
220	0.00244141	220	0	
221	0.00244141	221	0	
222	0.00244141	222	0	
223	0.00244141	223	0	
224	0.00244141	224	0	
225	0.00244141	225	0	
226	0.00244141	226	0	
227	0.00244141	227	0	
228	0.00244141	228	0	
229	0.00244141	229	0	
230	0.00244141	230	0	
231	0.00244141	231	0	
232	0.00244141	232	0	
233	0.00244141	233	0	
234	0.00244141	234	0	
235	0.00244141	235	0	
236	0.00244141	236	0	
237	0.00244141	237	0	
238	0.00244141	238	0	
239	0.00244141	239	0	
240	0.00244141	240	0	
241	0.00244141	241	0	
242	0.00244141	242	0	
243	0.00244141	243	0	
244	0.00244141	244	0	
245	0.00244141	245	0	
246	0.00244141	246	0	
247	0.00244141	247	0	
248	0.00244141	248	0	
249	0.00244141	249	0	
250	0.00244141	250	0	
251	0.00244141	251	0	
252	0.00244141	252	0	
253	0.00244141	253	0	
254	0.00244141	254	0	
255	0.00244141	255	0	
256	0.00244141	256	0	
257	0.00244141	257	0	
258	0.00244141	258	0	
259	0.00244141	259	0	
260	0.00244141	260	0	
261	0.00244141	261	0	
262	0.00244141	262	0	
263	0.00244141	263	0	
264	0.00244141	264	0	
265	0.00244141	265	0	
266	0.00244141	266	0	
267	0.00244141	267	0	
268	0.00244141	268	0	
269	0.00244141	269	0	
270	0.00244141	270	0	
271	0.00244141	271	0	
272	0.00244141	272	0	
273	0.00244141	273	0	
274	0.00244141	274	0	
275	0.00244141	275	0	
276	0.00244141	276	0	
277	0.00244141	277	0	
278	0.00244141	278	0	
279	0.00244141	279	0	
280	0.00244141	280	0	
281	0.00244141	281	0	
282	0.00244141	282	0	
283	0.00244141	283	0	
284	0.00244141	284	0	
285	0.00244141	285	0	
286	0.00244141	286	0	
287	0.00244141	287	0	
288	0.00244141	288	0	
289	0.00244141	289	0	
290	0.00244141	290	0	
291	0.00244141	291	0	
292	0.00244141	292	0	
293	0.00244141	293	0	
294	0.00244141	294	0	
295	0.00244141	295	0	
296	0.00244141	296	0	
297	0.00244141	297	0	
298	0.00244141	298	0	
299	0.00244141	299	0	
300	0.00244141	300	0	
301	0.00244141	301	0	
302	0.00244141	302	0	
303	0.00244141	303	0	
304	0.00244141	304	0	
305	0.00244141	305	0	
306	0.00244141	306	0	
307	0.00244141	307	0	
308	0.00244141	308	0	
309	0.00244141	309	0	
310	0.00244141	310	0	
311	0.00244141	311	0	
312	0.00244141	312	0	
313	0.00244141	313	0	
314	0.00244141	314	0	
315	0.00244141	315	0	
316	0.00244141	316	0	
317	0.00244141	317	0	
318	0.00244141	318	0	
319	0.00244141	319	0	
320	0.00244141	320	0	
321	0.00244141	321	0	
322	0.00244141	322	0	
323	0.00244141	323	0	
324	0.00244141	324	0	
325	0.00244141	325	0	
326	0.00244141	326	0	
327	0.00244141	327	0	
328	0.00244141	328	0	
329	0.00244141	329	0	
330	0.00244141	330	0	
331	0.00244141	331	0	
332	0.00244141	332	0	
333	0.00244141	333	0.00244141	
334	0.00244141	334	0	
335	0.00244141	335	0	
336	0.00244141	336	0	
337	0.00244141	337	0	
338	0.00244141	338	0	
339	0.00244141	339	0	
340	0.00244141	340	0	
341	0.00244141	341	0	
342	0.00244141	342	0	
343	0.00244141	343	0	
344	0.00244141	344	0	
345	0.00244141	345	0	
346	0.00244141	346	0	
347	0.00244141	347	0	
348	0.00244141	348	0	
349	0.00244141	349	0	
350	0.00244141	350	0	
351	0.00244141	351	0	
352	0.00244141	352	0	
353	0.00244141	353	0	
354	0.00244141	354	0	
355	0.00244141	355	0	
356	0.00244141	356	0	
357	0.00244141	357	0	
358	0.00244141	358	0	
359	0.00244141	359	0	
360	0.00244141	360	0	
361	0.00244141	361	0.00244141	
362	0.00244141	362	0	
363	0.00244141	363	0	
364	0.00244141	364	0	
365	0.00244141	365	0	
366	0.00244141	366	0	
367	0.00244141	367	0	
368	0.00244141	368	0	
369	0.00244141	369	0	
370	0.00244141	370	0	
371	0.00244141	371	0	
372	0.00244141	372	0	
373	0.00244141	373	0	
374	0.00244141	374	0	
375	0.00244141	375	0	
376	0.00244141	376	0	
377	0.00244141	377	0	
378	0.00244141	378	0	
379	0.00244141	379	0	
380	0.00244141	380	0	
381	0.00244141	381	0	
382	0.00244141	382	0.00244141	
383	0.00244141	383	0	
384	0.00244141	384	0	
385	0.00244141	385	0	
386	0.00244141	386	0	
387	0.00244141	387	0	
388	0.00244141	388	0	
389	0.00244141	389	0	
390	0.00244141	390	0	
391	0.00244141	391	0	
392	0.00244141	392	0	
393	0.00244141	393	0	
394	0.00244141	394	0	
395	0.00244141	395	0	
396	0.00244141	396	0	
397	0.00244141	397	0	
398	0.00244141	398	0	
399	0.00244141	399	0	
400	0.00244141	400	0	
401	0.00244141	401	0	
402	0.00244141	402	0	
403	0.00244141	403	0	
404	0.00244141	404	0	
405	0.00244141	405	0	
406	0.00244141	406	0	
407	0.00244141	407	0	
408	0.00244141	408	0	
409	0.00244141	409	0	
410	0.00244141	410	0	
411	0.00244141	411	0	
412	0.00244141	412	0	
413	0.00244141	413	0	
414	0.00244141	414	0	
415	0.00244141	415	0	
416	0.00244141	416	0	
417	0.00244141	417	0	
418	0.00244141	418	0	
419	0.00244141	419	0	
420	0.00244141	420	0	
421	0.00244141	421	0	
422	0.00244141	422	0	
423	0.00244141	423	0	
424	0.00244141	424	0	
425	0.00244141	425	0	
426	0.00244141	426	0	
427	0.00244141	427	0	
428	0.00244141	428	0	
429	0.00244141	429	0	
430	0.00244141	430	0	
431	0.00244141	431	0	
432	0.00244141	432	0	
433	0.00244141	433	0	
434	0.00244141	434	0	
435	0.00244141	435	0	
436	0.00244141	436	0	
437	0.00244141	437	0	
438	0.00244141	438	0	
439	0.00244141	439	0	
440	0.00244141	440	0	
441	0.00244141	441	0	
442	0.00244141	442	0	
443	0.00244141	443	0	
444	0.00244141	444	0	
445	0.00244141	445	0	
446	0.00244141	446	0	
447	0.00244141	447	0	
448	0.00244141	448	0	
449	0.00244141	449	0	
450	0.00244141	450	0	
451	0.00244141	451	0	
452	0.00244141	452	0	
453	0.00244141	453	0	
454	0.00244141	454	0	
455	0.00244141	455	0	
456	0.00244141	456	0	
457	0.00244141	457	0	
458	0.00244141	458	0	
459	0.00244141	459	0	
460	0.00244141	460	0.00244141	
461	0.00244141	461	0	
462	0.00244141	462	0	
463	0.00244141	463	0	
464	0.00244141	464	0	
465	0.00244141	465	0	
466	0.00244141	466	0	
467	0.00244141	467	0	
468	0.00244141	468	0	
469	0.00244141	469	0	
470	0.00244141	470	0	
471	0.00244141	471	0	
472	0.00244141	472	0	
473	0.00244141	473	0	
474	0.00244141	474	0	
475	0.00244141	475	0	
476	0.00244141	476	0	
477	0.00244141	477	0	
478	0.00244141	478	0	
479	0.00244141	479	0	
480	0.00244141	480	0	
481	0.00244141	481	0	
482	0.00244141	482	0	
483	0.00244141	483	0	
484	0.00244141	484	0	
485	0.00244141	485	0	
486	0.00244141	486	0	
487	0.00244141	487	0	
488	0.00244141	488	0	
489	0.00244141	489	0	
490	0.00244141	490	0	
491	0.00244141	491	0	
492	0.00244141	492	0	
493	0.00244141	493	0	
494	0.00244141	494	0	
495	0.00244141	495	0	
496	0.00244141	496	0	
497	0.00244141	497	0	
498	0.00244141	498	0	
499	0.00244141	499	0	
500	0.00244141	500	0	
501	0.00244141	501	0	
502	0.00244141	502	0	
503	0.00244141	503	0	
504	0.00244141	504	0	
505	0.00244141	505	0	
506	0.00244141	506	0	
507	0.00244141	507	0	
508	0.00244141	508	0.00244141	
509	0.00244141	509	0	
510	0.00244141	510	0	
511	0.00244141	511	0	
512	0.00244141	512	0	
513	0.00244141	513	0	
514	0.00244141	514	0	
515	0.00244141	515	0	
516	0.00244141	516	0	
517	0.00244141	517	0	
518	0.00244141	518	0	
519	0.00244141	519	0	
520	0.00244141	520	0	
521	0.00244141	521	0	
522	0.00244141	522	0	
523	0.00244141	523	0	
524	0.00244141	524	0	
525	0.00244141	525	0	
526	0.00244141	526	0	
527	0.00244141	527	0	
528	0.00244141	528	0	
529	0.00244141	529	0	
530	0.00244141	530	0	
531	0.00244141	531	0	
532	0.00244141	532	0	
533	0.00244141	533	0	
534	0.00244141	534	0	
535	0.00244141	535	0	
536	0.00244141	536	0	
537	0.00244141	537	0	
538	0.00244141	538	0	
539	0.00244141	539	0	
540	0.00244141	540	0	
541	0.00244141	541	0	
542	0.00244141	542	0	
543	0.00244141	543	0	
544	0.00244141	544	0	
545	0.00244141	545	0	
546	0.00244141	546	0	
547	0.00244141	547	0	
548	0.00244141	548	0	
549	0.00244141	549	0	
550	0.00244141	550	0	
551	0.00244141	551	0	
552	0.00244141	552	0	
553	0.00244141	553	0	
554	0.00244141	554	0	
555	0.00244141	555	0	
556	0.00244141	556	0	
557	0.00244141	557	0	
558	0.00244141	558	0	
559	0.00244141	559	0	
560	0.00244141	560	0	
561	0.00244141	561	0	
562	0.00244141	562	0	
563	0.00244141	563	0	
564	0.00244141	564	0	
565	0.00244141	565	0	
566	0.00244141	566	0	
567	0.00244141	567	0	
568	0.00244141	568	0	
569	0.00244141	569	0	
570	0.00244141	570	0	
571	0.00244141	571	0	
572	0.00244141	572	0	
573	0.00244141	573	0	
574	0.00244141	574	0	
575	0.00244141	575	0	
576	0.00244141	576	0	
577	0.00244141	577	0	
578	0.00244141	578	0	
579	0.00244141	579	0	
580	0.00244141	580	0	
581	0.00244141	581	0	
582	0.00244141	582	0	
583	0.00244141	583	0	
584	0.00244141	584	0	
585	0.00244141	585	0	
586	0.00244141	586	0	
587	0.00244141	587	0	
588	0.00244141	588	0	
589	0.00244141	589	0	
590	0.00244141	590	0	
591	0.00244141	591	0	
592	0.00244141	592	0	
593	0.00244141	593	0	
594	0.00244141	594	0	
595	0.00244141	595	0	
596	0.00244141	596	0	
597	0.00244141	597	0	
598	0.00244141	598	0	
599	0.00244141	599	0	
600	0.00244141	600	0	
601	0.00244141	601	0	
602	0.00244141	602	0	
603	0.00244141	603	0	
604	0.00244141	604	0	
605	0.00244141	605	0	
606	0.00244141	606	0	
607	0.00244141	607	0.00244141	
608	0.00244141	608	0	
609	0.00244141	609	0	
610	0.00244141	610	0	
611	0.00244141	611	0	
612	0.00244141	612	0	
613	0.00244141	613	0	
614	0.00244141	614	0	
615	0.00244141	615	0	
616	0.00244141	616	0	
617	0.00244141	617	0	
618	0.00244141	618	0	
619	0.00244141	619	0	
620	0.00244141	620	0	
621	0.00244141	621	0	
622	0.00244141	622	0	
623	0.00244141	623	0	
624	0.00244141	624	0	
625	0.00244141	625	0	
626	0.00244141	626	0	
627	0.00244141	627	0	
628	0.00244141	628	0	
629	0.00244141	629	0	
630	0.00244141	630	0	
631	0.00244141	631	0	
632	0.00244141	632	0	
633	0.00244141	633	0	
634	0.00244141	634	0	
635	0.00244141	635	0	
636	0.00244141	636	0	
637	0.00244141	637	0	
638	0.00244141	638	0	
639	0.00244141	639	0	
640	0.00244141	640	0	
641	0.00244141	641	0	
642	0.00244141	642	0	
643	0.00244141	643	0	
644	0.00244141	644	0	
645	0.00244141	645	0	
646	0.00244141	646	0	
647	0.00244141	647	0	
648	0.00244141	648	0	
649	0.00244141	649	0	
650	0.00244141	650	0	
651	0.00244141	651	0	
652	0.00244141	652	0	
653	0.00244141	653	0.00244141	
654	0.00244141	654	0	
655	0.00244141	655	0	
656	0.00244141	656	0	
657	0.00244141	657	0	
658	0.00244141	658	0	
659	0.00244141	659	0	
660	0.00244141	660	0	
661	0.00244141	661	0	
662	0.00244141	662	0	
663	0.00244141	663	0	
664	0.00244141	664	0	
665	0.00244141	665	0	
666	0.00244141	666	0	
667	0.00244141	667	0	
668	0.00244141	668	0	
669	0.00244141	669	0	
670	0.00244141	670	0	
671	0.00244141	671	0	
672	0.00244141	672	0	
673	0.00244141	673	0	
674	0.00244141	674	0	
675	0.00244141	675	0	
676	0.00244141	676	0	
677	0.00244141	677	0	
678	0.00244141	678	0	
679	0.00244141	679	0	
680	0.00244141	680	0	
681	0.00244141	681	0	
682	0.00244141	682	0	
683	0.00244141	683	0	
684	0.00244141	684	0	
685	0.00244141	685	0	
686	0.00244141	686	0	
687	0.00244141	687	0	
688	0.00244141	688	0	
689	0.00244141	689	0	
690	0.00244141	690	0	
691	0.00244141	691	0	
692	0.00244141	692	0	
693	0.00244141	693	0	
694	0.00244141	694	0	
695	0.00244141	695	0	
696	0.00244141	696	0	
697	0.00244141	697	0	
698	0.00244141	698	0	
699	0.00244141	699	0	
700	0.00244141	700	0	
701	0.00244141	701	0	
702	0.00244141	702	0	
703	0.00244141	703	0	
704	0.00244141	704	0	
705	0.00244141	705	0	
706	0.00244141	706	0	
707	0.00244141	707	0	
708	0.00244141	708	0	
709	0.00244141	709	0	
710	0.00244141	710	0	
711	0.00244141	711	0	
712	0.00244141	712	0	
713	0.00244141	713	0	
714	0.00244141	714	0	
715	0.00244141	715	0	
716	0.00244141	716	0	
717	0.00244141	717	0	
718	0.00244141	718	0	
719	0.00244141	719	0	
720	0.00244141	720	0	
721	0.00244141	721	0	
722	0.00244141	722	0	
723	0.00244141	723	0	
724	0.00244141	724	0	
725	0.00244141	725	0	
726	0.00244141	726	0	
727	0.00244141	727	0	
728	0.00244141	728	0	
729	0.00244141	729	0	
730	0.00244141	730	0	
731	0.00244141	731	0	
732	0.00244141	732	0	
733	0.00244141	733	0	
734	0.00244141	734	0	
735	0.00244141	735	0	
736	0.00244141	736	0	
737	0.00244141	737	0	
738	0.00244141	738	0	
739	0.00244141	739	0	
740	0.00244141	740	0	
741	0.00244141	741	0	
742	0.00244141	742	0	
743	0.00244141	743	0	
744	0.00244141	744	0	
745	0.00244141	745	0	
746	0.00244141	746	0	
747	0.00244141	747	0	
748	0.00244141	748	0	
749	0.00244141	749	0	
750	0.00244141	750	0	
751	0.00244141	751	0	
752	0.00244141	752	0	
753	0.00244141	753	0	
754	0.00244141	754	0	
755	0.00244141	755	0	
756	0.00244141	756	0.00244141	
757	0.00244141	757	0	
758	0.00244141	758	0	
759	0.00244141	759	0	
760	0.00244141	760	0	
761	0.00244141	761	0	
762	0.00244141	762	0	
763	0.00244141	763	0	
764	0.00244141	764	0	
765	0.00244141	765	0	
766	0.00244141	766	0	
767	0.00244141	767	0	
768	0.00244141	768	0	
769	0.00244141	769	0	
770	0.00244141	770	0	
771	0.00244141	771	0	
772	0.00244141	772	0	
773	0.00244141	773	0	
774	0.00244141	774	0	
775	0.00244141	775	0	
776	0.00244141	776	0	
777	0.00244141	777	0	
778	0.00244141	778	0	
779	0.00244141	779	0	
780	0.00244141	780	0	
781	0.00244141	781	0	
782	0.00244141	782	0	
783	0.00244141	783	0	
784	0.00244141	784	0.00244141	
785	0.00244141	785	0	
786	0.00244141	786	0	
787	0.00244141	787	0	
788	0.00244141	788	0	
789	0.00244141	789	0	
790	0.00244141	790	0	
791	0.00244141	791	0	
792	0.00244141	792	0	
793	0.00244141	793	0	
794	0.00244141	794	0	
795	0.00244141	795	0	
796	0.00244141	796	0	
797	0.00244141	797	0	
798	0.00244141	798	0	
799	0.00244141	799	0	
800	0.00244141	800	0	
801	0.00244141	801	0	
802	0.00244141	802	0	
803	0.00244141	803	0	
804	0.00244141	804	0	
805	0.00244141	805	0	
806	0.00244141	806	0	
807	0.00244141	807	0	
808	0.00244141	808	0	
809	0.00244141	809	0	
810	0.00244141	810	0	
811	0.00244141	811	0	
812	0.00244141	812	0	
813	0.00244141	813	0	
814	0.00244141	814	0	
815	0.00244141	815	0	
816	0.00244141	816	0	
817	0.00244141	817	0	
818	0.00244141	818	0	
819	0.00244141	819	0	
820	0.00244141	820	0	
821	0.00244141	821	0	
822	0.00244141	822	0	
823	0.00244141	823	0	
824	0.00244141	824	0	
825	0.00244141	825	0	
826	0.00244141	826	0	
827	0.00244141	827	0	
828	0.00244141	828	0	
829	0.00244141	829	0	
830	0.00244141	830	0	
831	0.00244141	831	0	
832	0.00244141	832	0	
833	0.00244141	833	0	
834	0.00244141	834	0	
835	0.00244141	835	0	
836	0.00244141	836	0	
837	0.00244141	837	0	
838	0.00244141	838	0	
839	0.00244141	839	0	
840	0.00244141	840	0	
841	0.00244141	841	0	
842	0.00244141	842	0	
843	0.00244141	843	0	
844	0.00244141	844	0	
845	4.99756	845	4.17969	
846	4.99756	846	4.17969	
847	4.99756	847	4.17969	
848	4.99756	848	4.17725	
849	4.99756	849	4.17725	
850	4.99756	850	4.17725	
851	4.99756	851	4.17725	
852	4.99756	852	4.17725	
853	4.99756	853	4.17725	
854	4.99756	854	4.17725	
855	4.99756	855	4.17725	
856	4.99756	856	4.17725	
857	4.99756	857	4.17725	
858	4.99756	858	4.17725	
859	4.99756	859	4.17725	
860	4.99756	860	4.18213	
861	4.99756	861	4.1748	
862	4.99756	862	4.17725	
863	4.99756	863	4.18457	
864	4.99756	864	4.17725	
865	4.99756	865	4.17725	
866	4.99756	866	4.17725	
867	4.99756	867	4.17725	
868	4.99756	868	4.17725	
869	4.99756	869	4.17725	
870	4.99756	870	4.17725	
871	4.99756	871	4.17725	
872	4.99756	872	4.17725	
873	4.99756	873	4.1748	
874	4.99756	874	4.17725	
875	4.99756	875	4.17725	
876	4.99756	876	4.17725	
877	4.99756	877	4.17725	
878	4.99756	878	4.17725	
879	4.99756	879	4.17725	
880	4.99756	880	4.17725	
881	4.99756	881	4.17725	
882	4.99756	882	4.17725	
883	4.99756	883	4.17725	
884	4.99756	884	4.17725	
885	4.99756	885	4.17725	
886	4.99756	886	4.17725	
887	4.99756	887	4.17725	
888	4.99756	888	4.17725	
889	4.99756	889	4.1748	
890	4.99756	890	4.17725	
891	4.99756	891	4.17725	
892	4.99756	892	4.17725	
893	4.99756	893	4.17725	
894	4.99756	894	4.17725	
895	4.99756	895	4.17725	
896	4.99756	896	4.17725	
897	4.99756	897	4.17725	
898	4.99756	898	4.1748	
899	4.99756	899	4.17725	
900	4.99756	900	4.17725	
901	4.99756	901	4.17725	
902	4.99756	902	4.17725	
903	4.99756	903	4.17725	
904	4.99756	904	4.17725	
905	4.99756	905	4.17725	
906	4.99756	906	4.17725	
907	4.99756	907	4.17725	
908	4.99756	908	4.17725	
909	4.99756	909	4.1748	
910	4.99756	910	4.17725	
911	4.99756	911	4.17725	
912	4.99756	912	4.17725	
913	4.99756	913	4.17725	
914	4.99756	914	4.17725	
915	4.99756	915	4.17725	
916	4.99756	916	4.17725	
917	4.99756	917	4.17725	
918	4.99756	918	4.17725	
919	4.99756	919	4.17725	
920	4.99756	920	4.17725	
921	4.99756	921	4.17725	
922	4.99756	922	4.17725	
923	4.99756	923	4.17725	
924	4.99756	924	4.17725	
925	4.99756	925	4.17725	
926	4.99756	926	4.17725	
927	4.99756	927	4.17725	
928	4.99756	928	4.17725	
929	4.99756	929	4.17725	
930	4.99756	930	4.17725	
931	4.99756	931	4.17725	
932	4.99756	932	4.17725	
933	4.99756	933	4.1748	
934	4.99756	934	4.17725	
935	4.99756	935	4.17725	
936	4.99756	936	4.17725	
937	4.99756	937	4.17725	
938	4.99756	938	4.17725	
939	4.99756	939	4.17725	
940	4.99756	940	4.17725	
941	4.99756	941	4.17725	
942	4.99756	942	4.17725	
943	4.99756	943	4.17725	
944	4.99756	944	4.17725	
945	4.99756	945	4.17725	
946	4.99756	946	4.17725	
947	4.99756	947	4.17725	
948	4.99756	948	4.17725	
949	4.99756	949	4.17725	
950	4.99756	950	4.17725	
951	4.99756	951	4.17725	
952	4.99756	952	4.17725	
953	4.99756	953	4.17725	
954	4.99756	954	4.17725	
955	4.99756	955	4.17725	
956	4.99756	956	4.17725	
957	4.99756	957	4.1748	
958	4.99756	958	4.17725	
959	4.99756	959	4.17725	
960	4.99756	960	4.17725	
961	4.99756	961	4.17725	
962	4.99756	962	4.17725	
963	4.99756	963	4.17725	
964	4.99756	964	4.17725	
965	4.99756	965	4.17725	
966	4.99756	966	4.17725	
967	4.99756	967	4.17725	
968	4.99756	968	4.18701	
969	4.99756	969	4.17725	
970	4.99756	970	4.17725	
971	4.99756	971	4.17725	
972	4.99756	972	0.00244141	
973	4.99756	973	0.00244141	
974	4.99756	974	0.00244141	
975	4.99756	975	0.00244141	
976	4.99756	976	0.00244141	
977	4.99756	977	0.00244141	
978	4.99756	978	0.00244141	
979	4.99756	979	0.00244141	
980	4.99756	980	0.00244141	
981	4.99756	981	0.00244141	
982	4.99756	982	0.00244141	
983	4.99756	983	0.00244141	
984	4.99756	984	0.00244141	
985	4.99756	985	0.00244141	
986	4.99756	986	0.00244141	
987	4.99756	987	0.00244141	
988	4.99756	988	0.00244141	
989	4.99756	989	0.00244141	
990	4.99756	990	0.00244141	
991	4.99756	991	0.00244141	
992	4.99756	992	0.00244141	
993	4.99756	993	0.00244141	
994	4.99756	994	0.00244141	
995	4.99756	995	0.00244141	
996	4.99756	996	0.00244141	
997	4.99756	997	0.00244141	
998	4.99756	998	0.00244141	
999	4.99756	999	0.00244141	
1000	4.99756	1000	0.00244141	
1001	4.99756	1001	0.00244141	
1002	4.99756	1002	0.00244141	
1003	4.99756	1003	0.00244141	
1004	4.99756	1004	0.00244141	
1005	4.99756	1005	0.00244141	
1006	4.99756	1006	0.00244141	
1007	4.99756	1007	0.00244141	
1008	4.99756	1008	0.00244141	
1009	4.99756	1009	0.00244141	
1010	4.99756	1010	0.00244141	
1011	4.99756	1011	0.00244141	
1012	4.99756	1012	0.00244141	
1013	4.99756	1013	0.00244141	
1014	4.99756	1014	0.00244141	
1015	4.99756	1015	0.00244141	
1016	4.99756	1016	0.00244141	
1017	4.99756	1017	0.00244141	
1018	4.99756	1018	0.00244141	
1019	4.99756	1019	0.00244141	
1020	4.99756	1020	0.00244141	
1021	4.99756	1021	0.00244141	
1022	4.99756	1022	0.00244141	
1023	4.99756	1023	0.00244141	
1024	4.99756	1024	0.00244141	
1025	4.99756	1025	0.00244141	
1026	4.99756	1026	0.00244141	
1027	4.99756	1027	0.00244141	
1028	4.99756	1028	0.00244141	
1029	4.99756	1029	0.00244141	
1030	4.99756	1030	0.00244141	
1031	4.99756	1031	0.00244141	
1032	4.99756	1032	0.00244141	
1033	4.99756	1033	0.00244141	
1034	4.99756	1034	0.00244141	
1035	4.99756	1035	0.00244141	
1036	4.99756	1036	0.00244141	
1037	4.99756	1037	0.00244141	
1038	4.99756	1038	0.00244141	
1039	4.99756	1039	0.00244141	
1040	4.99756	1040	0.00244141	
1041	4.99756	1041	0.00244141	
1042	4.99756	1042	0.00244141	
1043	4.99756	1043	0.00244141	
1044	4.99756	1044	0.00244141	
1045	4.99756	1045	0.00244141	
1046	4.99756	1046	0.00244141	
1047	4.99756	1047	0.00244141	
1048	4.99756	1048	0.00244141	
1049	4.99756	1049	0.00244141	
1050	4.99756	1050	0.00244141	
1051	4.99756	1051	0.00244141	
1052	4.99756	1052	0.00244141	
1053	4.99756	1053	0.00244141	
1054	4.99756	1054	0.00244141	
1055	4.99756	1055	0.00244141	
1056	4.99756	1056	0.00244141	
1057	4.99756	1057	0.00244141	
1058	4.99756	1058	0.00244141	
1059	4.99756	1059	0.00244141	
1060	4.99756	1060	0.00244141	
1061	4.99756	1061	0.00244141	
1062	4.99756	1062	0.00244141	
1063	4.99756	1063	0.00244141	
1064	4.99756	1064	0.00244141	
1065	4.99756	1065	0.00244141	
1066	4.99756	1066	0.00244141	
1067	4.99756	1067	0.00244141	
1068	4.99756	1068	0.00244141	
1069	4.99756	1069	0.00244141	
1070	4.99756	1070	0.00244141	
1071	4.99756	1071	0.00244141	
1072	4.99756	1072	0.00244141	
1073	4.99756	1073	0.00244141	
1074	4.99756	1074	0.00244141	
1075	4.99756	1075	0.00244141	
1076	4.99756	1076	0.00244141	
1077	4.99756	1077	0.00244141	
1078	4.99756	1078	0.00244141	
1079	4.99756	1079	0.00244141	
1080	4.99756	1080	0.00244141	
1081	4.99756	1081	0.00244141	
1082	4.99756	1082	0.00244141	
1083	4.99756	1083	0.00244141	
1084	4.99756	1084	0.00244141	
1085	4.99756	1085	0.00244141	
1086	4.99756	1086	0.00244141	
1087	4.99756	1087	0.00244141	
1088	4.99756	1088	0.00244141	
1089	4.99756	1089	0.00244141	
1090	4.99756	1090	0.00244141	
1091	4.99756	1091	0.00244141	
1092	4.99756	1092	0.00244141	
1093	4.99756	1093	0.00244141	
1094	4.99756	1094	0.00244141	
1095	4.99756	1095	0.00244141	
1096	4.99756	1096	0.00244141	
1097	4.99756	1097	0.00244141	
1098	4.99756	1098	0.00244141	
1099	4.99756	1099	0.00244141	
1100	4.99756	1100	0.00244141	
1101	4.99756	1101	0.00244141	
1102	4.99756	1102	0.00244141	
1103	4.99756	1103	0.00244141	
1104	4.99756	1104	0.00244141	
1105	4.99756	1105	0.00244141	
1106	4.99756	1106	0.00244141	
1107	4.99756	1107	0.00244141	
1108	4.99756	1108	0.00244141	
1109	4.99756	1109	0.00244141	
1110	4.99756	1110	0.00244141	
1111	4.99756	1111	0.00244141	
1112	4.99756	1112	0.00244141	
1113	4.99756	1113	0.00244141	
1114	4.99756	1114	0.00244141	
1115	4.99756	1115	0.00244141	
1116	4.99756	1116	0.00244141	
1117	4.99756	1117	0.00244141	
1118	4.99756	1118	0.00244141	
1119	4.99756	1119	0.00244141	
1120	4.99756	1120	0.00244141	
1121	4.99756	1121	0.00244141	
1122	4.99756	1122	0.00244141	
1123	4.99756	1123	0.00244141	
1124	4.99756	1124	0.00244141	
1125	4.99756	1125	0.00244141	
1126	4.99756	1126	0.00244141	
1127	4.99756	1127	0.00244141	
1128	4.99756	1128	0.00244141	
1129	4.99756	1129	0.00244141	
1130	4.99756	1130	0.00244141	
1131	4.99756	1131	0.00244141	
1132	4.99756	1132	0.00244141	
1133	4.99756	1133	0.00244141	
1134	4.99756	1134	0.00244141	
1135	4.99756	1135	0.00244141	
1136	4.99756	1136	0.00244141	
1137	4.99756	1137	0.00244141	
1138	4.99756	1138	0.00244141	
1139	4.99756	1139	0.00244141	
1140	4.99756	1140	0.00244141	
1141	4.99756	1141	0.00244141	
1142	4.99756	1142	0.00244141	
1143	4.99756	1143	0.00244141	
1144	4.99756	1144	0.00244141	
1145	4.99756	1145	0.00244141	
1146	4.99756	1146	0.00244141	
1147	4.99756	1147	0.00244141	
1148	4.99756	1148	0.00244141	
1149	4.99756	1149	0.00244141	
1150	4.99756	1150	0.00244141	
1151	4.99756	1151	0.00244141	
1152	4.99756	1152	0.00244141	
1153	4.99756	1153	0.00244141	
1154	4.99756	1154	0.00244141	
1155	4.99756	1155	0.00244141	
1156	4.99756	1156	0.00244141	
1157	4.99756	1157	0.00244141	
1158	4.99756	1158	0.00244141	
1159	4.99756	1159	0.00244141	
1160	4.99756	1160	0.00244141	
1161	4.99756	1161	0.00244141	
1162	4.99756	1162	0.00244141	
1163	4.99756	1163	0.00244141	
1164	4.99756	1164	0.00244141	
1165	4.99756	1165	0.00244141	
1166	4.99756	1166	0.00244141	
1167	4.99756	1167	0.00244141	
1168	4.99756	1168	0.00244141	
1169	4.99756	1169	0.00244141	
1170	4.99756	1170	0.00244141	
1171	4.99756	1171	0.00244141	
1172	4.99756	1172	0.00244141	
1173	4.99756	1173	0.00244141	
1174	4.99756	1174	0.00244141	
1175	4.99756	1175	0.00244141	
1176	4.99756	1176	0.00244141	
1177	4.99756	1177	0.00244141	
1178	4.99756	1178	0.00244141	
1179	4.99756	1179	0.00244141	
1180	4.99756	1180	0.00244141	
1181	4.99756	1181	0.00244141	
1182	4.99756	1182	0.00244141	
1183	4.99756	1183	0.00244141	
1184	4.99756	1184	0.00244141	
1185	4.99756	1185	0.00244141	
1186	4.99756	1186	0.00244141	
1187	4.99756	1187	0.00244141	
1188	4.99756	1188	0.00244141	
1189	4.99756	1189	0.00244141	
1190	4.99756	1190	0.00244141	
1191	4.99756	1191	0.00244141	
1192	4.99756	1192	0.00244141	
1193	4.99756	1193	0.00244141	
1194	4.99756	1194	0.00244141	
1195	4.99756	1195	0.00244141	
1196	4.99756	1196	0.00244141	
1197	4.99756	1197	0.00244141	
1198	4.99756	1198	0.00244141	
1199	4.99756	1199	0.00244141	
1200	4.99756	1200	0.00244141	
1201	4.99756	1201	0.00244141	
1202	4.99756	1202	0.00244141	
1203	4.99756	1203	0.00244141	
1204	4.99756	1204	0.00244141	
1205	4.99756	1205	0.00244141	
1206	4.99756	1206	0.00244141	
1207	4.99756	1207	0.00244141	
1208	4.99756	1208	0.00244141	
1209	4.99756	1209	0.00244141	
1210	4.99756	1210	0.00244141	
1211	4.99756	1211	0.00244141	
1212	4.99756	1212	0.00244141	
1213	4.99756	1213	0.00244141	
1214	4.99756	1214	0.00244141	
1215	4.99756	1215	0.00244141	
1216	4.99756	1216	0.00244141	
1217	4.99756	1217	0.00244141	
1218	4.99756	1218	0.00244141	
1219	4.99756	1219	0.00244141	
1220	4.99756	1220	0.00244141	
1221	4.99756	1221	0.00244141	
1222	4.99756	1222	0.00244141	
1223	4.99756	1223	0.00244141	
1224	4.99756	1224	0.00244141	
1225	4.99756	1225	0.00244141	
1226	4.99756	1226	0.00244141	
1227	4.99756	1227	0.00244141	
1228	4.99756	1228	0.00244141	
1229	4.99756	1229	0.00244141	
1230	4.99756	1230	0.00244141	
1231	4.99756	1231	0.00244141	
1232	4.99756	1232	0.00244141	
1233	4.99756	1233	0.00244141	
1234	4.99756	1234	0.00244141	
1235	4.99756	1235	0.00244141	
1236	4.99756	1236	0.00244141	
1237	4.99756	1237	0.00244141	
1238	4.99756	1238	0.00244141	
1239	4.99756	1239	0.00244141	
1240	4.99756	1240	0.00244141	
1241	4.99756	1241	0.00244141	
1242	4.99756	1242	0.00244141	
1243	4.99756	1243	0.00244141	
1244	4.99756	1244	0.00244141	
1245	4.99756	1245	0.00244141	
1246	4.99756	1246	0.00244141	
1247	4.99756	1247	0.00244141	
1248	4.99756	1248	0.00244141	
1249	4.99756	1249	0.00244141	
1250	4.99756	1250	0.00244141	
1251	4.99756	1251	0.00244141	
1252	4.99756	1252	0.00244141	
1253	4.99756	1253	0.00244141	
1254	4.99756	1254	0.00244141	
1255	4.99756	1255	0.00244141	
1256	4.99756	1256	0.00244141	
1257	4.99756	1257	0.00244141	
1258	4.99756	1258	0.00244141	
1259	4.99756	1259	0.00244141	
1260	4.99756	1260	0.00244141	
1261	4.99756	1261	0.00244141	
1262	4.99756	1262	0.00244141	
1263	4.99756	1263	0.00244141	
1264	4.99756	1264	0.00244141	
1265	4.99756	1265	0.00244141	
1266	4.99756	1266	0.00244141	
1267	4.99756	1267	0.00244141	
1268	4.99756	1268	0.00244141	
1269	4.99756	1269	0.00244141	
1270	4.99756	1270	0.00244141	
1271	4.99756	1271	0.00244141	
1272	4.99756	1272	0.00244141	
1273	4.99756	1273	0.00244141	
1274	4.99756	1274	0.00244141	
1275	4.99756	1275	0.00244141	
1276	4.99756	1276	0.00244141	
1277	4.99756	1277	0.00244141	
1278	4.99756	1278	0.00244141	
1279	4.99756	1279	0.00244141	
1280	4.99756	1280	0.00244141	
1281	4.99756	1281	0.00244141	
1282	4.99756	1282	0.00244141	
1283	4.99756	1283	0.00244141	
1284	4.99756	1284	0.00244141	
1285	4.99756	1285	0.00244141	
1286	4.99756	1286	0.00244141	
1287	4.99756	1287	0.00244141	
1288	4.99756	1288	0.00244141	
1289	4.99756	1289	0.00244141	
1290	4.99756	1290	0.00244141	
1291	4.99756	1291	0.00244141	
1292	4.99756	1292	0.00244141	
1293	4.99756	1293	0.00244141	
1294	4.99756	1294	0.00244141	
1295	4.99756	1295	0.00244141	
1296	4.99756	1296	0.00244141	
1297	4.99756	1297	0.00244141	
1298	4.99756	1298	0.00244141	
1299	4.99756	1299	0.00244141	
1300	4.99756	1300	0.00244141	
1301	4.99756	1301	0.00244141	
1302	4.99756	1302	0.00244141	
1303	4.99756	1303	0.00244141	
1304	4.99756	1304	0.00244141	
1305	4.99756	1305	0.00244141	
1306	4.99756	1306	0.00244141	
1307	4.99756	1307	0.00244141	
1308	4.99756	1308	0.00244141	
1309	4.99756	1309	0.00244141	
1310	4.99756	1310	0.00244141	
1311	4.99756	1311	0.00244141	
1312	4.99756	1312	0.00244141	
1313	4.99756	1313	0.00244141	
1314	4.99756	1314	0.00244141	
1315	4.99756	1315	0.00244141	
1316	4.99756	1316	0.00244141	
1317	4.99756	1317	0.00244141	
1318	4.99756	1318	0.00244141	
1319	4.99756	1319	0.00244141	
1320	4.99756	1320	0.00244141	
1321	4.99756	1321	0.00244141	
1322	4.99756	1322	0.00244141	
1323	4.99756	1323	0.00244141	
1324	4.99756	1324	0.00244141	
1325	4.99756	1325	0.00244141	
1326	4.99756	1326	0.00244141	
1327	4.99756	1327	0.00244141	
1328	4.99756	1328	0.00244141	
1329	4.99756	1329	0.00244141	
1330	0.00244141	1330	0	
1331	0.00244141	1331	0	
1332	0.00244141	1332	0	
1333	0.00244141	1333	0	
1334	0.00244141	1334	0	
1335	0.00244141	1335	0	
1336	0.00244141	1336	0	
1337	0.00244141	1337	0	
1338	0.00244141	1338	0	
1339	0.00244141	1339	0	
1340	0.00244141	1340	0	
1341	0.00244141	1341	0	
1342	0.00244141	1342	0	
1343	0.00244141	1343	0	
1344	0.00244141	1344	0	
1345	0.00244141	1345	0	
1346	0.00244141	1346	0	
1347	0.00244141	1347	0	
1348	0.00244141	1348	0	
1349	0.00244141	1349	0	
1350	0.00244141	1350	0	
1351	0.00244141	1351	0	
1352	0.00244141	1352	0	
1353	0.00244141	1353	0	
1354	0.00244141	1354	0	
1355	0.00244141	1355	0	
1356	0.00244141	1356	0	
1357	0.00244141	1357	0	
1358	0.00244141	1358	0	
1359	0.00244141	1359	0	
1360	0.00244141	1360	0	
1361	0.00244141	1361	0	
1362	0.00244141	1362	0	
1363	0.00244141	1363	0	
1364	0.00244141	1364	0	
1365	0.00244141	1365	0	
1366	0.00244141	1366	0	
1367	0.00244141	1367	0	
1368	0.00244141	1368	0	
1369	0.00244141	1369	0	
1370	0.00244141	1370	0	
1371	0.00244141	1371	0	
1372	0.00244141	1372	0	
1373	0.00244141	1373	0	
1374	0.00244141	1374	0	
1375	0.00244141	1375	0	
1376	0.00244141	1376	0	
1377	0.00244141	1377	0	
1378	0.00244141	1378	0	
1379	0.00244141	1379	0	
1380	0.00244141	1380	0	
1381	0.00244141	1381	0	
1382	0.00244141	1382	0	
1383	0.00244141	1383	0	
1384	0.00244141	1384	0	
1385	0.00244141	1385	0	
1386	0.00244141	1386	0	
1387	0.00244141	1387	0	
1388	0.00244141	1388	0	
1389	0.00244141	1389	0	
1390	0.00244141	1390	0	
1391	0.00244141	1391	0	
1392	0.00244141	1392	0	
1393	0.00244141	1393	0	
1394	0.00244141	1394	0	
1395	0.00244141	1395	0	
1396	0.00244141	1396	0	
1397	0.00244141	1397	0	
1398	0.00244141	1398	0	
1399	0.00244141	1399	0	
1400	0.00244141	1400	0	
1401	0.00244141	1401	0	
1402	0.00244141	1402	0	
1403	0.00244141	1403	0	
1404	0.00244141	1404	0	
1405	0.00244141	1405	0	
1406	0.00244141	1406	0	
1407	0.00244141	1407	0	
1408	0.00244141	1408	0	
1409	0.00244141	1409	0	
1410	0.00244141	1410	0	
1411	0.00244141	1411	0	
1412	0.00244141	1412	0	
1413	0.00244141	1413	0	
1414	0.00244141	1414	0	
1415	0.00244141	1415	0	
1416	0.00244141	1416	0	
1417	0.00244141	1417	0	
1418	0.00244141	1418	0	
1419	0.00244141	1419	0	
1420	0.00244141	1420	0	
1421	0.00244141	1421	0	
1422	0.00244141	1422	0	
1423	0.00244141	1423	0	
1424	0.00244141	1424	0	
1425	0.00244141	1425	0	
1426	0.00244141	1426	0	
1427	0.00244141	1427	0	
1428	0.00244141	1428	0	
1429	0.00244141	1429	0	
1430	0.00244141	1430	0	
1431	0.00244141	1431	0	
1432	0.00244141	1432	0	
1433	0.00244141	1433	0	
1434	0.00244141	1434	0	
1435	0.00244141	1435	0	
1436	0.00244141	1436	0	
1437	0.00244141	1437	0	
1438	0.00244141	1438	0	
1439	0.00244141	1439	0	
1440	0.00244141	1440	0	
1441	0.00244141	1441	0	
1442	0.00244141	1442	0	
1443	0.00244141	1443	0	
1444	0.00244141	1444	0	
1445	0.00244141	1445	0	
1446	0.00244141	1446	0	
1447	0.00244141	1447	0	
1448	0.00244141	1448	0	
1449	0.00244141	1449	0	
1450	0.00244141	1450	0	
1451	0.00244141	1451	0	
1452	0.00244141	1452	0	
1453	0.00244141	1453	0	
1454	0.00244141	1454	0	
1455	0.00244141	1455	0	
1456	0.00244141	1456	0	
1457	0.00244141	1457	0	
1458	0.00244141	1458	0	
1459	0.00244141	1459	0	
1460	0.00244141	1460	0	
1461	0.00244141	1461	0	
1462	0.00244141	1462	0	
1463	0.00244141	1463	0	
1464	0.00244141	1464	0	
1465	0.00244141	1465	0	
1466	0.00244141	1466	0	
1467	0.00244141	1467	0	
1468	0.00244141	1468	0	
1469	0.00244141	1469	0	
1470	0.00244141	1470	0	
1471	0.00244141	1471	0	
1472	0.00244141	1472	0	
1473	0.00244141	1473	0	
1474	0.00244141	1474	0	
1475	0.00244141	1475	0	
1476	0.00244141	1476	0	
1477	0.00244141	1477	0	
1478	0.00244141	1478	0	
1479	0.00244141	1479	0	
1480	0.00244141	1480	0	
1481	0.00244141	1481	0	
1482	0.00244141	1482	0	
1483	0.00244141	1483	0	
1484	0.00244141	1484	0	
1485	0.00244141	1485	0	
1486	0.00244141	1486	0	
1487	0.00244141	1487	0	
1488	0.00244141	1488	0	
1489	0.00244141	1489	0	
1490	0.00244141	1490	0	
1491	0.00244141	1491	0	
1492	0.00244141	1492	0	
1493	0.00244141	1493	0	
1494	0.00244141	1494	0	
1495	0.00244141	1495	0	
1496	0.00244141	1496	0	
1497	0.00244141	1497	0	
1498	0.00244141	1498	0	
1499	0.00244141	1499	0	
1500	0.00244141	1500	0	
1501	0.00244141	1501	0	
1502	0.00244141	1502	0	
1503	0.00244141	1503	0	
1504	0.00244141	1504	0	
1505	0.00244141	1505	0	
1506	0.00244141	1506	0	
1507	0.00244141	1507	0	
1508	0.00244141	1508	0	
1509	0.00244141	1509	0	
1510	0.00244141	1510	0	
1511	0.00244141	1511	0	
1512	0.00244141	1512	0	
1513	0.00244141	1513	0	
1514	0.00244141	1514	0	
1515	0.00244141	1515	0	
1516	0.00244141	1516	0	
1517	0.00244141	1517	0	
1518	0.00244141	1518	0	
1519	0.00244141	1519	0	
1520	0.00244141	1520	0	
1521	0.00244141	1521	0	
1522	0.00244141	1522	0	
1523	0.00244141	1523	0	
1524	0.00244141	1524	0	
1525	0.00244141	1525	0	
1526	0.00244141	1526	0	
1527	0.00244141	1527	0	
1528	0.00244141	1528	0	
1529	0.00244141	1529	0	
1530	0.00244141	1530	0	
1531	0.00244141	1531	0	
1532	0.00244141	1532	0	
1533	0.00244141	1533	0	
1534	0.00244141	1534	0	
1535	0.00244141	1535	0	
1536	0.00244141	1536	0	
1537	0.00244141	1537	0	
1538	0.00244141	1538	0	
1539	0.00244141	1539	0	
1540	0.00244141	1540	0	
1541	0.00244141	1541	0	
1542	0.00244141	1542	0	
1543	0.00244141	1543	0	
1544	0.00244141	1544	0	
1545	0.00244141	1545	0	
1546	0.00244141	1546	0	
1547	0.00244141	1547	0	
1548	0.00244141	1548	0	
1549	0.00244141	1549	0	
1550	0.00244141	1550	0	
1551	0.00244141	1551	0	
1552	0.00244141	1552	0	
1553	0.00244141	1553	0	
1554	0.00244141	1554	0	
1555	0.00244141	1555	0	
1556	0.00244141	1556	0.00244141	
1557	0.00244141	1557	0	
1558	0.00244141	1558	0	
1559	0.00244141	1559	0	
1560	0.00244141	1560	0	
1561	0.00244141	1561	0	
1562	0.00244141	1562	0	
1563	0.00244141	1563	0	
1564	0.00244141	1564	0	
1565	0.00244141	1565	0	
1566	0.00244141	1566	0	
1567	0.00244141	1567	0	
1568	0.00244141	1568	0	
1569	0.00244141	1569	0	
1570	0.00244141	1570	0	
1571	0.00244141	1571	0	
1572	0.00244141	1572	0	
1573	0.00244141	1573	0	
1574	0.00244141	1574	0	
1575	0.00244141	1575	0	
1576	0.00244141	1576	0	
1577	0.00244141	1577	0	
1578	0.00244141	1578	0	
1579	0.00244141	1579	0	
1580	0.00244141	1580	0	
1581	0.00244141	1581	0	
1582	0.00244141	1582	0	
1583	0.00244141	1583	0	
1584	0.00244141	1584	0	
1585	0.00244141	1585	0	
1586	0.00244141	1586	0	
1587	0.00244141	1587	0	
1588	0.00244141	1588	0	
1589	0.00244141	1589	0	
1590	0.00244141	1590	0	
1591	0.00244141	1591	0	
1592	0.00244141	1592	0	
1593	0.00244141	1593	0	
1594	0.00244141	1594	0	
1595	0.00244141	1595	0	
1596	0.00244141	1596	0	
1597	0.00244141	1597	0	
1598	0.00244141	1598	0	
1599	0.00244141	1599	0	
1600	0.00244141	1600	0	
1601	0.00244141	1601	0	
1602	0.00244141	1602	0	
1603	0.00244141	1603	0	
1604	0.00244141	1604	0	
1605	0.00244141	1605	0	
1606	0.00244141	1606	0.00244141	
1607	0.00244141	1607	0	
1608	0.00244141	1608	0	
1609	0.00244141	1609	0	
1610	0.00244141	1610	0	
1611	0.00244141	1611	0	
1612	0.00244141	1612	0	
1613	0.00244141	1613	0	
1614	0.00244141	1614	0	
1615	0.00244141	1615	0	
1616	0.00244141	1616	0	
1617	0.00244141	1617	0	
1618	0.00244141	1618	0	
1619	0.00244141	1619	0	
1620	0.00244141	1620	0	
1621	0.00244141	1621	0	
1622	0.00244141	1622	0	
1623	0.00244141	1623	0	
1624	0.00244141	1624	0	
1625	0.00244141	1625	0	
1626	0.00244141	1626	0	
1627	0.00244141	1627	0	
1628	0.00244141	1628	0	
1629	0.00244141	1629	0	
1630	0.00244141	1630	0	
1631	0.00244141	1631	0	
1632	0.00244141	1632	0	
1633	0.00244141	1633	0	
1634	0.00244141	1634	0	
1635	0.00244141	1635	0	
1636	0.00244141	1636	0	
1637	0.00244141	1637	0	
1638	0.00244141	1638	0	
1639	0.00244141	1639	0	
1640	0.00244141	1640	0	
1641	0.00244141	1641	0	
1642	0.00244141	1642	0	
1643	0.00244141	1643	0	
1644	0.00244141	1644	0	
1645	0.00244141	1645	0	
1646	0.00244141	1646	0	
1647	0.00244141	1647	0	
1648	0.00244141	1648	0	
1649	0.00244141	1649	0	
1650	0.00244141	1650	0	
1651	0.00244141	1651	0	
1652	0.00244141	1652	0	
1653	0.00244141	1653	0	
1654	0.00244141	1654	0	
1655	0.00244141	1655	0	
1656	0.00244141	1656	0	
1657	0.00244141	1657	0	
1658	0.00244141	1658	0	
1659	0.00244141	1659	0	
1660	0.00244141	1660	0	
1661	0.00244141	1661	0	
1662	0.00244141	1662	0	
1663	0.00244141	1663	0	
1664	0.00244141	1664	0	
1665	0.00244141	1665	0	
1666	0.00244141	1666	0	
1667	0.00244141	1667	0	
1668	0.00244141	1668	0	
1669	0.00244141	1669	0	
1670	0.00244141	1670	0	
1671	0.00244141	1671	0	
1672	0.00244141	1672	0	
1673	0.00244141	1673	0	
1674	0.00244141	1674	0	
1675	0.00244141	1675	0	
1676	0.00244141	1676	0	
1677	0.00244141	1677	0	
1678	0.00244141	1678	0	
1679	0.00244141	1679	0	
1680	0.00244141	1680	0	
1681	0.00244141	1681	0	
1682	0.00244141	1682	0	
1683	0.00244141	1683	0	
1684	0.00244141	1684	0	
1685	0.00244141	1685	0	
1686	0.00244141	1686	0	
1687	0.00244141	1687	0.00244141	
1688	0.00244141	1688	0	
1689	0.00244141	1689	0	
1690	0.00244141	1690	0	
1691	0.00244141	1691	0	
1692	0.00244141	1692	0	
1693	0.00244141	1693	0	
1694	0.00244141	1694	0	
1695	0.00244141	1695	0	
1696	0.00244141	1696	0	
1697	0.00244141	1697	0	
1698	0.00244141	1698	0	
1699	0.00244141	1699	0	
1700	0.00244141	1700	0	
1701	0.00244141	1701	0	
1702	0.00244141	1702	0	
1703	0.00244141	1703	0	
1704	0.00244141	1704	0	
1705	0.00244141	1705	0	
1706	0.00244141	1706	0	
1707	0.00244141	1707	0	
1708	0.00244141	1708	0	
1709	0.00244141	1709	0	
1710	0.00244141	1710	0	
1711	0.00244141	1711	0	
1712	0.00244141	1712	0	
1713	0.00244141	1713	0	
1714	0.00244141	1714	0	
1715	0.00244141	1715	0	
1716	0.00244141	1716	0	
1717	0.00244141	1717	0	
1718	0.00244141	1718	0	
1719	0.00244141	1719	0	
1720	0.00244141	1720	0	
1721	0.00244141	1721	0	
1722	0.00244141	1722	0	
1723	0.00244141	1723	0	
1724	0.00244141	1724	0	
1725	0.00244141	1725	0	
1726	0.00244141	1726	0	
1727	0.00244141	1727	0	
1728	0.00244141	1728	0	
1729	0.00244141	1729	0	
1730	0.00244141	1730	0	
1731	0.00244141	1731	0	
1732	0.00244141	1732	0	
1733	0.00244141	1733	0	
1734	0.00244141	1734	0	
1735	0.00244141	1735	0	
1736	0.00244141	1736	0	
1737	0.00244141	1737	0	
1738	0.00244141	1738	0	
1739	0.00244141	1739	0	
1740	0.00244141	1740	0	
1741	0.00244141	1741	0	
1742	0.00244141	1742	0	
1743	0.00244141	1743	0	
1744	0.00244141	1744	0	
1745	0.00244141	1745	0	
1746	0.00244141	1746	0	
1747	0.00244141	1747	0	
1748	0.00244141	1748	0	
1749	0.00244141	1749	0	
1750	0.00244141	1750	0	
1751	0.00244141	1751	0	
1752	0.00244141	1752	0	
1753	0.00244141	1753	0	
1754	0.00244141	1754	0	
1755	0.00244141	1755	0	
1756	0.00244141	1756	0	
1757	0.00244141	1757	0	
1758	0.00244141	1758	0	
1759	0.00244141	1759	0	
1760	0.00244141	1760	0	
1761	0.00244141	1761	0	
1762	0.00244141	1762	0	
1763	0.00244141	1763	0	
1764	0.00244141	1764	0	
1765	0.00244141	1765	0	
1766	0.00244141	1766	0	
1767	0.00244141	1767	0	
1768	0.00244141	1768	0	
1769	0.00244141	1769	0	
1770	0.00244141	1770	0	
1771	0.00244141	1771	0	
1772	0.00244141	1772	0	
1773	0.00244141	1773	0	
1774	0.00244141	1774	0	
1775	0.00244141	1775	0	
1776	0.00244141	1776	0	
1777	0.00244141	1777	0	
1778	0.00244141	1778	0	
1779	0.00244141	1779	0	
1780	0.00244141	1780	0	
1781	0.00244141	1781	0	
1782	0.00244141	1782	0	
1783	0.00244141	1783	0	
1784	0.00244141	1784	0	
1785	0.00244141	1785	0	
1786	0.00244141	1786	0	
1787	0.00244141	1787	0	
1788	0.00244141	1788	0	
1789	0.00244141	1789	0	
1790	0.00244141	1790	0	
1791	0.00244141	1791	0	
1792	0.00244141	1792	0	
1793	0.00244141	1793	0	
1794	0.00244141	1794	0	
1795	0.00244141	1795	0	
1796	0.00244141	1796	0	
1797	0.00244141	1797	0	
1798	0.00244141	1798	0	
1799	0.00244141	1799	0	
1800	0.00244141	1800	0	
1801	0.00244141	1801	0	
1802	0.00244141	1802	0	
1803	0.00244141	1803	0	
1804	0.00244141	1804	0	
1805	0.00244141	1805	0	
1806	0.00244141	1806	0	
1807	0.00244141	1807	0	
1808	0.00244141	1808	0	
1809	0.00244141	1809	0	
1810	0.00244141	1810	0	
1811	0.00244141	1811	0	
1812	0.00244141	1812	0	
1813	0.00244141	1813	0	
1814	0.00244141	1814	0	
1815	0.00244141	1815	0	
1816	0.00244141	1816	0	
1817	0.00244141	1817	0	
1818	0.00244141	1818	0	
1819	0.00244141	1819	0	
1820	0.00244141	1820	0	
1821	0.00244141	1821	0	
1822	0.00244141	1822	0	
1823	0.00244141	1823	0	
1824	0.00244141	1824	0	
1825	0.00244141	1825	0	
1826	0.00244141	1826	0	
1827	0.00244141	1827	0	
1828	0.00244141	1828	0	
1829	0.00244141	1829	0	
1830	0.00244141	1830	0	
1831	0.00244141	1831	0	
1832	0.00244141	1832	0	
1833	0.00244141	1833	0	
1834	0.00244141	1834	0	
1835	0.00244141	1835	0	
1836	0.00244141	1836	0	
1837	0.00244141	1837	0	
1838	0.00244141	1838	0	
1839	0.00244141	1839	0	
1840	0.00244141	1840	0	
1841	0.00244141	1841	0	
1842	0.00244141	1842	0	
1843	0.00244141	1843	0	
1844	0.00244141	1844	0	
1845	0.00244141	1845	0	
1846	0.00244141	1846	0	
1847	0.00244141	1847	0	
1848	0.00244141	1848	0	
1849	0.00244141	1849	0	
1850	0.00244141	1850	0	
1851	0.00244141	1851	0	
1852	0.00244141	1852	0	
1853	0.00244141	1853	0	
1854	0.00244141	1854	0	
1855	0.00244141	1855	0	
1856	0.00244141	1856	0	
1857	0.00244141	1857	0	
1858	0.00244141	1858	0	
1859	0.00244141	1859	0	
1860	0.00244141	1860	0	
1861	0.00244141	1861	0	
1862	0.00244141	1862	0	
1863	0.00244141	1863	0	
1864	0.00244141	1864	0	
1865	0.00244141	1865	0	
1866	0.00244141	1866	0	
1867	0.00244141	1867	0	
1868	0.00244141	1868	0	
1869	0.00244141	1869	0	
1870	0.00244141	1870	0	
1871	0.00244141	1871	0	
1872	0.00244141	1872	0	
1873	0.00244141	1873	0	
1874	0.00244141	1874	0	
1875	0.00244141	1875	0	
1876	0.00244141	1876	0	
1877	0.00244141	1877	0	
1878	0.00244141	1878	0	
1879	0.00244141	1879	0	
1880	0.00244141	1880	0	
1881	0.00244141	1881	0	
1882	0.00244141	1882	0	
1883	0.00244141	1883	0	
1884	0.00244141	1884	0	
1885	0.00244141	1885	0	
1886	0.00244141	1886	0	
1887	0.00244141	1887	0	
1888	0.00244141	1888	0	
1889	0.00244141	1889	0	
1890	0.00244141	1890	0	
1891	0.00244141	1891	0	
1892	0.00244141	1892	0	
1893	0.00244141	1893	0	
1894	0.00244141	1894	0	
1895	0.00244141	1895	0	
1896	0.00244141	1896	0	
1897	0.00244141	1897	0	
1898	0.00244141	1898	0	
1899	0.00244141	1899	0	
1900	0.00244141	1900	0	
1901	0.00244141	1901	0	
1902	0.00244141	1902	0	
1903	0.00244141	1903	0	
1904	0.00244141	1904	0	
1905	0.00244141	1905	0	
1906	0.00244141	1906	0	
1907	0.00244141	1907	0	
1908	0.00244141	1908	0	
1909	0.00244141	1909	0	
1910	0.00244141	1910	0	
1911	0.00244141	1911	0	
1912	0.00244141	1912	0	
1913	0.00244141	1913	0	
1914	0.00244141	1914	0	
1915	0.00244141	1915	0	
1916	0.00244141	1916	0	
1917	0.00244141	1917	0	
1918	0.00244141	1918	0	
1919	0.00244141	1919	0	
1920	0.00244141	1920	0	
1921	0.00244141	1921	0	
1922	0.00244141	1922	0	
1923	0.00244141	1923	0	
1924	0.00244141	1924	0	
1925	0.00244141	1925	0	
1926	0.00244141	1926	0	
1927	0.00244141	1927	0	
1928	0.00244141	1928	0	
1929	0.00244141	1929	0	
1930	0.00244141	1930	0	
1931	0.00244141	1931	0	
1932	0.00244141	1932	0	
1933	0.00244141	1933	0	
1934	0.00244141	1934	0	
1935	0.00244141	1935	0	
1936	0.00244141	1936	0	
1937	0.00244141	1937	0	
1938	0.00244141	1938	0	
1939	0.00244141	1939	0	
1940	0.00244141	1940	0	
1941	0.00244141	1941	0	
1942	0.00244141	1942	0	
1943	0.00244141	1943	0	
1944	0.00244141	1944	0	
1945	0.00244141	1945	0	
1946	0.00244141	1946	0	
1947	0.00244141	1947	0	
1948	0.00244141	1948	0	
1949	0.00244141	1949	0	
1950	0.00244141	1950	0	
1951	0.00244141	1951	0	
1952	0.00244141	1952	0	
1953	0.00244141	1953	0	
1954	0.00244141	1954	0	
1955	0.00244141	1955	0	
1956	0.00244141	1956	0	
1957	0.00244141	1957	0	
1958	0.00244141	1958	0	
1959	0.00244141	1959	0	
1960	0.00244141	1960	0	
1961	0.00244141	1961	0	
1962	0.00244141	1962	0	
1963	0.00244141	1963	0	
1964	0.00244141	1964	0	
1965	0.00244141	1965	0	
1966	0.00244141	1966	0	
1967	0.00244141	1967	0	
1968	0.00244141	1968	0	
1969	0.00244141	1969	0	
1970	0.00244141	1970	0	
1971	0.00244141	1971	0	
1972	0.00244141	1972	0	
1973	0.00244141	1973	0	
1974	0.00244141	1974	0	
1975	0.00244141	1975	0	
1976	0.00244141	1976	0	
1977	0.00244141	1977	0	
1978	0.00244141	1978	0	
1979	0.00244141	1979	0	
1980	0.00244141	1980	0	
1981	0.00244141	1981	0	
1982	0.00244141	1982	0	
1983	0.00244141	1983	0	
1984	0.00244141	1984	0	
1985	0.00244141	1985	0	
1986	0.00244141	1986	0	
1987	0.00244141	1987	0	
1988	0.00244141	1988	0	
1989	0.00244141	1989	0	
1990	0.00244141	1990	0	
1991	0.00244141	1991	0	
1992	0.00244141	1992	0	
1993	0.00244141	1993	0	
1994	0.00244141	1994	0	
1995	0.00244141	1995	0	
1996	0.00244141	1996	0	
1997	0.00244141	1997	0	
1998	0.00244141	1998	0	
1999	0.00244141	1999	0	
