Time - Plot 0	Amplitude - Plot 0	Time - Plot 1	Amplitude - Plot 1	
0	4.99756	0	0.00244141	
1	4.99756	1	0.00244141	
2	4.99756	2	0.00244141	
3	4.99756	3	0.00244141	
4	4.99756	4	0.00244141	
5	4.99756	5	0.00244141	
6	4.99756	6	0.00244141	
7	4.99756	7	0.00244141	
8	4.99756	8	0.00244141	
9	4.99756	9	0.00244141	
10	4.99756	10	0.00244141	
11	4.99756	11	0.00244141	
12	4.99756	12	0.00244141	
13	4.99756	13	0.00244141	
14	4.99756	14	0.00244141	
15	4.99756	15	0.00244141	
16	4.99756	16	0.00244141	
17	4.99756	17	0.00244141	
18	4.99756	18	0.00244141	
19	4.99756	19	0.00244141	
20	4.99756	20	0.00244141	
21	4.99756	21	0.00244141	
22	4.99756	22	0.00244141	
23	4.99756	23	0.00244141	
24	4.99756	24	0.00244141	
25	4.99756	25	0.00244141	
26	4.99756	26	0.00244141	
27	4.99756	27	0.00244141	
28	4.99756	28	0.00244141	
29	4.99756	29	0.00244141	
30	4.99756	30	0.00244141	
31	4.99756	31	0.00244141	
32	4.99756	32	0.00244141	
33	4.99756	33	0.00244141	
34	4.99756	34	0.00244141	
35	4.99756	35	0.00244141	
36	4.99756	36	0.00244141	
37	4.99756	37	0.00244141	
38	4.99756	38	0.00244141	
39	4.99756	39	0.00244141	
40	4.99756	40	0.00244141	
41	4.99756	41	0.00244141	
42	4.99756	42	0.00244141	
43	4.99756	43	0.00244141	
44	4.99756	44	0.00244141	
45	4.99756	45	0.00244141	
46	4.99756	46	0.00244141	
47	4.99756	47	0.00244141	
48	4.99756	48	0.00244141	
49	4.99756	49	0.00244141	
50	4.99756	50	0.00244141	
51	4.99756	51	0.00244141	
52	4.99756	52	0.00244141	
53	4.99756	53	0.00244141	
54	4.99756	54	0.00244141	
55	4.99756	55	0.00244141	
56	4.99756	56	0.00244141	
57	4.99756	57	0.00244141	
58	4.99756	58	0.00244141	
59	4.99756	59	0.00244141	
60	4.99756	60	0.00244141	
61	4.99756	61	0.00244141	
62	4.99756	62	0.00244141	
63	4.99756	63	0.00244141	
64	4.99756	64	0.00244141	
65	4.99756	65	0.00244141	
66	4.99756	66	0.00244141	
67	4.99756	67	0.00244141	
68	4.99756	68	0.00244141	
69	4.99756	69	0.00244141	
70	4.99756	70	0.00244141	
71	4.99756	71	0.00244141	
72	4.99756	72	0.00244141	
73	4.99756	73	0.00244141	
74	4.99756	74	0.00244141	
75	4.99756	75	0.00244141	
76	4.99756	76	0.00244141	
77	4.99756	77	0.00244141	
78	4.99756	78	0.00244141	
79	4.99756	79	0.00244141	
80	4.99756	80	0.00244141	
81	4.99756	81	0.00244141	
82	4.99756	82	0.00244141	
83	4.99756	83	0.00244141	
84	4.99756	84	0.00244141	
85	4.99756	85	0.00244141	
86	4.99756	86	0.00244141	
87	4.99756	87	0.00244141	
88	4.99756	88	0.00244141	
89	4.99756	89	0.00244141	
90	4.99756	90	0.00244141	
91	4.99756	91	0.00244141	
92	4.99756	92	0.00244141	
93	4.99756	93	0.00244141	
94	4.99756	94	0.00244141	
95	4.99756	95	0.00244141	
96	4.99756	96	0.00244141	
97	4.99756	97	0.00244141	
98	4.99756	98	0.00244141	
99	4.99756	99	0.00244141	
100	4.99756	100	0.00244141	
101	4.99756	101	0.00244141	
102	4.99756	102	0.00244141	
103	4.99756	103	0.00244141	
104	4.99756	104	0.00244141	
105	4.99756	105	0.00244141	
106	4.99756	106	0.00244141	
107	4.99756	107	0.00244141	
108	4.99756	108	0.00244141	
109	4.99756	109	0.00244141	
110	4.99756	110	0.00244141	
111	4.99756	111	0.00244141	
112	4.99756	112	0.00244141	
113	4.99756	113	0.00244141	
114	4.99756	114	0.00244141	
115	4.99756	115	0.00244141	
116	4.99756	116	0.00244141	
117	4.99756	117	0.00244141	
118	4.99756	118	0.00244141	
119	4.99756	119	0.00244141	
120	4.99756	120	0.00244141	
121	4.99756	121	0.00244141	
122	4.99756	122	0.00244141	
123	4.99756	123	0.00244141	
124	4.99756	124	0.00244141	
125	4.99756	125	0.00244141	
126	4.99756	126	0.00244141	
127	4.99756	127	0.00244141	
128	4.99756	128	0.00244141	
129	4.99756	129	0.00244141	
130	4.99756	130	0.00244141	
131	4.99756	131	0.00244141	
132	4.99756	132	0.00244141	
133	4.99756	133	0.00244141	
134	4.99756	134	0.00244141	
135	4.99756	135	0.00244141	
136	4.99756	136	0.00244141	
137	4.99756	137	0.00244141	
138	4.99756	138	0.00244141	
139	4.99756	139	0.00244141	
140	4.99756	140	0.00244141	
141	4.99756	141	0.00244141	
142	4.99756	142	0.00244141	
143	4.99756	143	0.00244141	
144	4.99756	144	0.00244141	
145	4.99756	145	0.00244141	
146	4.99756	146	0.00244141	
147	4.99756	147	0.00244141	
148	4.99756	148	0.00244141	
149	4.99756	149	0.00244141	
150	4.99756	150	0.00244141	
151	4.99756	151	0.00244141	
152	4.99756	152	0.00244141	
153	4.99756	153	0.00244141	
154	4.99756	154	0.00244141	
155	4.99756	155	0.00244141	
156	4.99756	156	0.00244141	
157	4.99756	157	0.00244141	
158	4.99756	158	0.00244141	
159	4.99756	159	0.00244141	
160	4.99756	160	0.00244141	
161	4.99756	161	0.00244141	
162	4.99756	162	0.00244141	
163	4.99756	163	0.00244141	
164	4.99756	164	0.00244141	
165	4.99756	165	0.00244141	
166	4.99756	166	0.00244141	
167	4.99756	167	0.00244141	
168	4.99756	168	0.00244141	
169	4.99756	169	0.00244141	
170	4.99756	170	0.00244141	
171	4.99756	171	0.00244141	
172	4.99756	172	0.00244141	
173	4.99756	173	0.00244141	
174	4.99756	174	0.00244141	
175	4.99756	175	0.00244141	
176	4.99756	176	0.00244141	
177	4.99756	177	0.00244141	
178	4.99756	178	0.00244141	
179	4.99756	179	0.00244141	
180	4.99756	180	0.00244141	
181	4.99756	181	0.00244141	
182	4.99756	182	0.00244141	
183	4.99756	183	0.00244141	
184	4.99756	184	0.00244141	
185	4.99756	185	0.00244141	
186	4.99756	186	0.00244141	
187	4.99756	187	0.00244141	
188	4.99756	188	0.00244141	
189	4.99756	189	0.00244141	
190	4.99756	190	0.00244141	
191	4.99756	191	0.00244141	
192	4.99756	192	0.00244141	
193	4.99756	193	0.00244141	
194	4.99756	194	0.00244141	
195	4.99756	195	0.00244141	
196	4.99756	196	0.00244141	
197	4.99756	197	0.00244141	
198	4.99756	198	0.00244141	
199	4.99756	199	0.00244141	
200	4.99756	200	0.00244141	
201	4.99756	201	0.00244141	
202	4.99756	202	0.00244141	
203	4.99756	203	0.00244141	
204	4.99756	204	0.00244141	
205	4.99756	205	0.00244141	
206	4.99756	206	0.00244141	
207	4.99756	207	0.00244141	
208	4.99756	208	0.00244141	
209	4.99756	209	0.00244141	
210	4.99756	210	0.00244141	
211	4.99756	211	0.00244141	
212	4.99756	212	0.00244141	
213	4.99756	213	0.00244141	
214	4.99756	214	0.00244141	
215	4.99756	215	0.00244141	
216	4.99756	216	0.00244141	
217	4.99756	217	0.00244141	
218	4.99756	218	0.00244141	
219	4.99756	219	0.00244141	
220	4.99756	220	0.00244141	
221	4.99756	221	0.00244141	
222	4.99756	222	0.00244141	
223	4.99756	223	0.00244141	
224	4.99756	224	0.00244141	
225	4.99756	225	0.00244141	
226	4.99756	226	0.00244141	
227	4.99756	227	0.00244141	
228	4.99756	228	0.00244141	
229	4.99756	229	0.00244141	
230	4.99756	230	0.00244141	
231	4.99756	231	0.00244141	
232	4.99756	232	0.00244141	
233	4.99756	233	0.00244141	
234	4.99756	234	0.00244141	
235	4.99756	235	0.00244141	
236	4.99756	236	0.00244141	
237	4.99756	237	0.00244141	
238	4.99756	238	0.00244141	
239	4.99756	239	0.00244141	
240	4.99756	240	0.00244141	
241	4.99756	241	0.00244141	
242	4.99756	242	0.00244141	
243	4.99756	243	0.00244141	
244	4.99756	244	0.00244141	
245	4.99756	245	0.00244141	
246	4.99756	246	0.00244141	
247	4.99756	247	0.00244141	
248	4.99756	248	0.00244141	
249	4.99756	249	0.00244141	
250	4.99756	250	0.00244141	
251	4.99756	251	0.00244141	
252	4.99756	252	0.00244141	
253	4.99756	253	0.00244141	
254	4.99756	254	0.00244141	
255	4.99756	255	0.00244141	
256	4.99756	256	0.00244141	
257	4.99756	257	0.00244141	
258	4.99756	258	0.00244141	
259	4.99756	259	0.00244141	
260	4.99756	260	0.00244141	
261	4.99756	261	0.00244141	
262	4.99756	262	0.00244141	
263	4.99756	263	0.00244141	
264	4.99756	264	0.00244141	
265	4.99756	265	0.00244141	
266	4.99756	266	0.00244141	
267	4.99756	267	0.00244141	
268	4.99756	268	0.00244141	
269	4.99756	269	0.00244141	
270	4.99756	270	0.00244141	
271	4.99756	271	0.00244141	
272	4.99756	272	0.00244141	
273	4.99756	273	0.00244141	
274	4.99756	274	0.00244141	
275	4.99756	275	0.00244141	
276	4.99756	276	0.00244141	
277	4.99756	277	0.00244141	
278	4.99756	278	0.00244141	
279	4.99756	279	0.00244141	
280	4.99756	280	0.00244141	
281	4.99756	281	0.00244141	
282	4.99756	282	0.00244141	
283	4.99756	283	0.00244141	
284	4.99756	284	0.00244141	
285	4.99756	285	0.00244141	
286	4.99756	286	0.00244141	
287	4.99756	287	0.00244141	
288	4.99756	288	0.00244141	
289	4.99756	289	0.00244141	
290	4.99756	290	0.00244141	
291	4.99756	291	0.00244141	
292	4.99756	292	0.00244141	
293	4.99756	293	0.00244141	
294	4.99756	294	0.00244141	
295	4.99756	295	0.00244141	
296	4.99756	296	0.00244141	
297	4.99756	297	0.00244141	
298	4.99756	298	0.00244141	
299	4.99756	299	0.00244141	
300	4.99756	300	0.00244141	
301	4.99756	301	0.00244141	
302	4.99756	302	0.00244141	
303	4.99756	303	0.00244141	
304	4.99756	304	0.00244141	
305	4.99756	305	0.00244141	
306	4.99756	306	0.00244141	
307	4.99756	307	0.00244141	
308	4.99756	308	0.00244141	
309	4.99756	309	0.00244141	
310	4.99756	310	0.00244141	
311	4.99756	311	0.00244141	
312	4.99756	312	0.00244141	
313	4.99756	313	0.00244141	
314	4.99756	314	0.00244141	
315	4.99756	315	0.00244141	
316	4.99756	316	0.00244141	
317	4.99756	317	0.00244141	
318	4.99756	318	0.00244141	
319	4.99756	319	0.00244141	
320	4.99756	320	0.00244141	
321	4.99756	321	0.00244141	
322	4.99756	322	0.00244141	
323	4.99756	323	0.00244141	
324	4.99756	324	0.00244141	
325	4.99756	325	0.00244141	
326	4.99756	326	0.00244141	
327	4.99756	327	0.00244141	
328	4.99756	328	0.00244141	
329	4.99756	329	0.00244141	
330	4.99756	330	0.00244141	
331	4.99756	331	0.00244141	
332	4.99756	332	0.00244141	
333	4.99756	333	0.00244141	
334	4.99756	334	0.00244141	
335	4.99756	335	0.00244141	
336	4.99756	336	0.00244141	
337	4.99756	337	0.00244141	
338	4.99756	338	0.00244141	
339	4.99756	339	0.00244141	
340	4.99756	340	0.00244141	
341	4.99756	341	0.00244141	
342	4.99756	342	0.00244141	
343	4.99756	343	0.00244141	
344	4.99756	344	0.00244141	
345	4.99756	345	0.00244141	
346	4.99756	346	0.00244141	
347	4.99756	347	0.00244141	
348	4.99756	348	0.00244141	
349	4.99756	349	0.00244141	
350	4.99756	350	0.00244141	
351	4.99756	351	0.00244141	
352	4.99756	352	0.00244141	
353	4.99756	353	0.00244141	
354	4.99756	354	0.00244141	
355	4.99756	355	0.00244141	
356	4.99756	356	0.00244141	
357	4.99756	357	0.00244141	
358	4.99756	358	0.00244141	
359	4.99756	359	0.00244141	
360	4.99756	360	0.00244141	
361	4.99756	361	0.00244141	
362	4.99756	362	0.00244141	
363	4.99756	363	0.00244141	
364	4.99756	364	0.00244141	
365	4.99756	365	0.00244141	
366	4.99756	366	0.00244141	
367	4.99756	367	0.00244141	
368	4.99756	368	0.00244141	
369	4.99756	369	0.00244141	
370	4.99756	370	0.00244141	
371	4.99756	371	0.00244141	
372	4.99756	372	0.00244141	
373	4.99756	373	0.00244141	
374	4.99756	374	0.00244141	
375	4.99756	375	0.00244141	
376	4.99756	376	0.00244141	
377	4.99756	377	0.00244141	
378	4.99756	378	0.00244141	
379	4.99756	379	0.00244141	
380	4.99756	380	0.00244141	
381	4.99756	381	0.00244141	
382	4.99756	382	0.00244141	
383	4.99756	383	0.00244141	
384	4.99756	384	0.00244141	
385	4.99756	385	0.00244141	
386	4.99756	386	0.00244141	
387	4.99756	387	0.00244141	
388	4.99756	388	0.00244141	
389	4.99756	389	0.00244141	
390	4.99756	390	0.00244141	
391	4.99756	391	0.00244141	
392	4.99756	392	0.00244141	
393	4.99756	393	0.00244141	
394	4.99756	394	0.00244141	
395	4.99756	395	0.00244141	
396	4.99756	396	0.00244141	
397	4.99756	397	0.00244141	
398	4.99756	398	0.00244141	
399	4.99756	399	0.00244141	
400	4.99756	400	0.00244141	
401	4.99756	401	0.00244141	
402	4.99756	402	0.00244141	
403	4.99756	403	0.00244141	
404	4.99756	404	0.00244141	
405	4.99756	405	0.00244141	
406	4.99756	406	0.00244141	
407	4.99756	407	0.00244141	
408	4.99756	408	0.00244141	
409	4.99756	409	0.00244141	
410	4.99756	410	0.00244141	
411	4.99756	411	0.00244141	
412	4.99756	412	0.00244141	
413	4.99756	413	0.00244141	
414	4.99756	414	0.00244141	
415	4.99756	415	0.00244141	
416	4.99756	416	0.00244141	
417	4.99756	417	0.00244141	
418	4.99756	418	0.00244141	
419	4.99756	419	0.00244141	
420	4.99756	420	0.00244141	
421	4.99756	421	0.00244141	
422	4.99756	422	0.00244141	
423	4.99756	423	0.00244141	
424	4.99756	424	0.00244141	
425	4.99756	425	0.00244141	
426	4.99756	426	0.00244141	
427	4.99756	427	0.00244141	
428	4.99756	428	0.00244141	
429	4.99756	429	0.00244141	
430	4.99756	430	0.00244141	
431	4.99756	431	0.00244141	
432	4.99756	432	0.00244141	
433	4.99756	433	0.00244141	
434	4.99756	434	0.00244141	
435	4.99756	435	0.00244141	
436	4.99756	436	0.00244141	
437	4.99756	437	0.00244141	
438	4.99756	438	0.00244141	
439	4.99756	439	0.00244141	
440	4.99756	440	0.00244141	
441	4.99756	441	0.00244141	
442	4.99756	442	0.00244141	
443	4.99756	443	0.00244141	
444	4.99756	444	0.00244141	
445	4.99756	445	0.00244141	
446	4.99756	446	0.00244141	
447	4.99756	447	0.00244141	
448	4.99756	448	0.00244141	
449	4.99756	449	0.00244141	
450	4.99756	450	0.00244141	
451	4.99756	451	0.00244141	
452	4.99756	452	0.00244141	
453	4.99756	453	0.00244141	
454	4.99756	454	0.00244141	
455	4.99756	455	0.00244141	
456	4.99756	456	0.00244141	
457	4.99756	457	0.00244141	
458	4.99756	458	0.00244141	
459	4.99756	459	0.00244141	
460	4.99756	460	0.00244141	
461	4.99756	461	0.00244141	
462	4.99756	462	0.00244141	
463	4.99756	463	0.00244141	
464	4.99756	464	0.00244141	
465	4.99756	465	0.00244141	
466	4.99756	466	0.00244141	
467	4.99756	467	0.00244141	
468	4.99756	468	0.00244141	
469	4.99756	469	0.00244141	
470	4.99756	470	0.00244141	
471	4.99756	471	0.00244141	
472	4.99756	472	0.00244141	
473	4.99756	473	0.00244141	
474	4.99756	474	0.00244141	
475	4.99756	475	0.00244141	
476	4.99756	476	0.00244141	
477	4.99756	477	0.00244141	
478	4.99756	478	0.00244141	
479	4.99756	479	0.00244141	
480	4.99756	480	0.00244141	
481	4.99756	481	0.00244141	
482	4.99756	482	0.00244141	
483	4.99756	483	0.00244141	
484	4.99756	484	0.00244141	
485	4.99756	485	0.00244141	
486	4.99756	486	0.00244141	
487	4.99756	487	0.00244141	
488	4.99756	488	0.00244141	
489	4.99756	489	0.00244141	
490	4.99756	490	0.00244141	
491	4.99756	491	0.00244141	
492	4.99756	492	0.00244141	
493	4.99756	493	0.00244141	
494	4.99756	494	0.00244141	
495	4.99756	495	0.00244141	
496	4.99756	496	0.00244141	
497	4.99756	497	0.00244141	
498	4.99756	498	0.00244141	
499	4.99756	499	0.00244141	
500	4.99756	500	0.00244141	
501	4.99756	501	0.00244141	
502	4.99756	502	0.00244141	
503	4.99756	503	0.00244141	
504	4.99756	504	0.00244141	
505	4.99756	505	0.00244141	
506	4.99756	506	0.00244141	
507	4.99756	507	0.00244141	
508	4.99756	508	0.00244141	
509	4.99756	509	0.00244141	
510	4.99756	510	0.00244141	
511	4.99756	511	0.00244141	
512	4.99756	512	0.00244141	
513	4.99756	513	0.00244141	
514	4.99756	514	0.00244141	
515	4.99756	515	0.00244141	
516	4.99756	516	0.00244141	
517	4.99756	517	0.00244141	
518	4.99756	518	0.00244141	
519	4.99756	519	0.00244141	
520	4.99756	520	0.00244141	
521	4.99756	521	0.00244141	
522	4.99756	522	0.00244141	
523	4.99756	523	0.00244141	
524	4.99756	524	0.00244141	
525	4.99756	525	0.00244141	
526	4.99756	526	0.00244141	
527	4.99756	527	0.00244141	
528	4.99756	528	0.00244141	
529	4.99756	529	0.00244141	
530	4.99756	530	0.00244141	
531	4.99756	531	0.00244141	
532	4.99756	532	0.00244141	
533	4.99756	533	0.00244141	
534	4.99756	534	0.00244141	
535	4.99756	535	0.00244141	
536	4.99756	536	0.00244141	
537	4.99756	537	0.00244141	
538	4.99756	538	0.00244141	
539	4.99756	539	0.00244141	
540	4.99756	540	0.00244141	
541	4.99756	541	0.00244141	
542	4.99756	542	0.00244141	
543	4.99756	543	0.00244141	
544	4.99756	544	0.00244141	
545	4.99756	545	0.00244141	
546	4.99756	546	0.00244141	
547	4.99756	547	0.00244141	
548	4.99756	548	0.00244141	
549	4.99756	549	0.00244141	
550	4.99756	550	0.00244141	
551	4.99756	551	0.00244141	
552	4.99756	552	0.00244141	
553	4.99756	553	0.00244141	
554	4.99756	554	0.00244141	
555	4.99756	555	0.00244141	
556	4.99756	556	0.00244141	
557	4.99756	557	0.00244141	
558	4.99756	558	0.00244141	
559	4.99756	559	0.00244141	
560	4.99756	560	0.00244141	
561	4.99756	561	0.00244141	
562	4.99756	562	0.00244141	
563	4.99756	563	0.00244141	
564	4.99756	564	0.00244141	
565	4.99756	565	0.00244141	
566	4.99756	566	0.00244141	
567	4.99756	567	0.00244141	
568	4.99756	568	0.00244141	
569	4.99756	569	0.00244141	
570	4.99756	570	0.00244141	
571	4.99756	571	0.00244141	
572	4.99756	572	0.00244141	
573	4.99756	573	0.00244141	
574	4.99756	574	0.00244141	
575	4.99756	575	0.00244141	
576	4.99756	576	0.00244141	
577	4.99756	577	0.00244141	
578	4.99756	578	0.00244141	
579	4.99756	579	0.00244141	
580	4.99756	580	0.00244141	
581	4.99756	581	0.00244141	
582	4.99756	582	0.00244141	
583	4.99756	583	0.00244141	
584	4.99756	584	0.00244141	
585	4.99756	585	0.00244141	
586	4.99756	586	0.00244141	
587	4.99756	587	0.00244141	
588	4.99756	588	0.00244141	
589	4.99756	589	0.00244141	
590	4.99756	590	0.00244141	
591	4.99756	591	0.00244141	
592	4.99756	592	0.00244141	
593	4.99756	593	0.00244141	
594	4.99756	594	0.00244141	
595	4.99756	595	0.00244141	
596	4.99756	596	0.00244141	
597	4.99756	597	0.00244141	
598	4.99756	598	0.00244141	
599	4.99756	599	0.00244141	
600	4.99756	600	0.00244141	
601	4.99756	601	0.00244141	
602	4.99756	602	0.00244141	
603	4.99756	603	0.00244141	
604	4.99756	604	0.00244141	
605	4.99756	605	0.00244141	
606	4.99756	606	0.00244141	
607	4.99756	607	0.00244141	
608	4.99756	608	0.00244141	
609	4.99756	609	0.00244141	
610	4.99756	610	0.00244141	
611	4.99756	611	0.00244141	
612	4.99756	612	0.00244141	
613	4.99756	613	0.00244141	
614	4.99756	614	0.00244141	
615	4.99756	615	0.00244141	
616	4.99756	616	0.00244141	
617	4.99756	617	0.00244141	
618	4.99756	618	0.00244141	
619	4.99756	619	0.00244141	
620	4.99756	620	0.00244141	
621	4.99756	621	0.00244141	
622	4.99756	622	0.00244141	
623	4.99756	623	0.00244141	
624	4.99756	624	0.00244141	
625	4.99756	625	0.00244141	
626	4.99756	626	0.00244141	
627	4.99756	627	0.00244141	
628	4.99756	628	0.00244141	
629	4.99756	629	0.00244141	
630	4.99756	630	0.00244141	
631	4.99756	631	0.00244141	
632	4.99756	632	0.00244141	
633	4.99756	633	0.00244141	
634	4.99756	634	0.00244141	
635	4.99756	635	0.00244141	
636	4.99756	636	0.00244141	
637	4.99756	637	0.00244141	
638	4.99756	638	0.00244141	
639	4.99756	639	0.00244141	
640	4.99756	640	0.00244141	
641	4.99756	641	0.00244141	
642	4.99756	642	0.00244141	
643	4.99756	643	0.00244141	
644	4.99756	644	0.00244141	
645	4.99756	645	0.00244141	
646	4.99756	646	0.00244141	
647	4.99756	647	0.00244141	
648	4.99756	648	0.00244141	
649	4.99756	649	0.00244141	
650	4.99756	650	0.00244141	
651	4.99756	651	0.00244141	
652	4.99756	652	0.00244141	
653	4.99756	653	0.00244141	
654	4.99756	654	0.00244141	
655	4.99756	655	0.00244141	
656	4.99756	656	0.00244141	
657	4.99756	657	0.00244141	
658	0.00244141	658	0	
659	0.00244141	659	0	
660	0.00244141	660	0	
661	0.00244141	661	0	
662	0.00244141	662	0	
663	0.00244141	663	0	
664	0.00244141	664	0	
665	0.00244141	665	0	
666	0.00244141	666	0	
667	0.00244141	667	0	
668	0.00244141	668	0	
669	0.00244141	669	0	
670	0.00244141	670	0	
671	0.00244141	671	0	
672	0.00244141	672	0	
673	0.00244141	673	0	
674	0.00244141	674	0	
675	0.00244141	675	0	
676	0.00244141	676	0.00244141	
677	0.00244141	677	0	
678	0.00244141	678	0	
679	0.00244141	679	0	
680	0.00244141	680	0	
681	0.00244141	681	0	
682	0.00244141	682	0	
683	0.00244141	683	0	
684	0.00244141	684	0	
685	0.00244141	685	0	
686	0.00244141	686	0	
687	0.00244141	687	0	
688	0.00244141	688	0	
689	0.00244141	689	0	
690	0.00244141	690	0	
691	0.00244141	691	0	
692	0.00244141	692	0	
693	0.00244141	693	0	
694	0.00244141	694	0	
695	0.00244141	695	0	
696	0.00244141	696	0	
697	0.00244141	697	0	
698	0.00244141	698	0	
699	0.00244141	699	0	
700	0.00244141	700	0	
701	0.00244141	701	0	
702	0.00244141	702	0	
703	0.00244141	703	0	
704	0.00244141	704	0	
705	0.00244141	705	0	
706	0.00244141	706	0	
707	0.00244141	707	0	
708	0.00244141	708	0	
709	0.00244141	709	0	
710	0.00244141	710	0	
711	0.00244141	711	0	
712	0.00244141	712	0	
713	0.00244141	713	0	
714	0.00244141	714	0	
715	0.00244141	715	0	
716	0.00244141	716	0	
717	0.00244141	717	0	
718	0.00244141	718	0	
719	0.00244141	719	0	
720	0.00244141	720	0	
721	0.00244141	721	0	
722	0.00244141	722	0	
723	0.00244141	723	0	
724	0.00244141	724	0	
725	0.00244141	725	0	
726	0.00244141	726	0	
727	0.00244141	727	0	
728	0.00244141	728	0	
729	0.00244141	729	0	
730	0.00244141	730	0	
731	0.00244141	731	0	
732	0.00244141	732	0	
733	0.00244141	733	0	
734	0.00244141	734	0	
735	0.00244141	735	0	
736	0.00244141	736	0	
737	0.00244141	737	0	
738	0.00244141	738	0	
739	0.00244141	739	0	
740	0.00244141	740	0	
741	0.00244141	741	0	
742	0.00244141	742	0	
743	0.00244141	743	0	
744	0.00244141	744	0	
745	0.00244141	745	0	
746	0.00244141	746	0	
747	0.00244141	747	0	
748	0.00244141	748	0	
749	0.00244141	749	0	
750	0.00244141	750	0	
751	0.00244141	751	0	
752	0.00244141	752	0	
753	0.00244141	753	0	
754	0.00244141	754	0	
755	0.00244141	755	0	
756	0.00244141	756	0	
757	0.00244141	757	0	
758	0.00244141	758	0	
759	0.00244141	759	0	
760	0.00244141	760	0	
761	0.00244141	761	0	
762	0.00244141	762	0	
763	0.00244141	763	0	
764	0.00244141	764	0	
765	0.00244141	765	0	
766	0.00244141	766	0	
767	0.00244141	767	0	
768	0.00244141	768	0	
769	0.00244141	769	0	
770	0.00244141	770	0	
771	0.00244141	771	0	
772	0.00244141	772	0	
773	0.00244141	773	0	
774	0.00244141	774	0	
775	0.00244141	775	0	
776	0.00244141	776	0	
777	0.00244141	777	0	
778	0.00244141	778	0	
779	0.00244141	779	0.00244141	
780	0.00244141	780	0	
781	0.00244141	781	0	
782	0.00244141	782	0	
783	0.00244141	783	0	
784	0.00244141	784	0	
785	0.00244141	785	0	
786	0.00244141	786	0	
787	0.00244141	787	0	
788	0.00244141	788	0	
789	0.00244141	789	0	
790	0.00244141	790	0	
791	0.00244141	791	0	
792	0.00244141	792	0	
793	0.00244141	793	0	
794	0.00244141	794	0	
795	0.00244141	795	0	
796	0.00244141	796	0	
797	0.00244141	797	0	
798	0.00244141	798	0	
799	0.00244141	799	0	
800	0.00244141	800	0	
801	0.00244141	801	0	
802	0.00244141	802	0	
803	0.00244141	803	0	
804	0.00244141	804	0	
805	0.00244141	805	0	
806	0.00244141	806	0	
807	0.00244141	807	0	
808	0.00244141	808	0	
809	0.00244141	809	0	
810	0.00244141	810	0	
811	0.00244141	811	0	
812	0.00244141	812	0	
813	0.00244141	813	0	
814	0.00244141	814	0	
815	0.00244141	815	0	
816	0.00244141	816	0	
817	0.00244141	817	0	
818	0.00244141	818	0	
819	0.00244141	819	0	
820	0.00244141	820	0	
821	0.00244141	821	0	
822	0.00244141	822	0	
823	0.00244141	823	0	
824	0.00244141	824	0	
825	0.00244141	825	0	
826	0.00244141	826	0	
827	0.00244141	827	0	
828	0.00244141	828	0	
829	0.00244141	829	0	
830	0.00244141	830	0	
831	0.00244141	831	0	
832	0.00244141	832	0	
833	0.00244141	833	0	
834	0.00244141	834	0	
835	0.00244141	835	0	
836	0.00244141	836	0	
837	0.00244141	837	0	
838	0.00244141	838	0	
839	0.00244141	839	0	
840	0.00244141	840	0	
841	0.00244141	841	0	
842	0.00244141	842	0	
843	0.00244141	843	0	
844	0.00244141	844	0	
845	0.00244141	845	0	
846	0.00244141	846	0	
847	0.00244141	847	0	
848	0.00244141	848	0	
849	0.00244141	849	0	
850	0.00244141	850	0	
851	0.00244141	851	0	
852	0.00244141	852	0	
853	0.00244141	853	0	
854	0.00244141	854	0	
855	0.00244141	855	0	
856	0.00244141	856	0	
857	0.00244141	857	0	
858	0.00244141	858	0	
859	0.00244141	859	0	
860	0.00244141	860	0	
861	0.00244141	861	0	
862	0.00244141	862	0	
863	0.00244141	863	0	
864	0.00244141	864	0	
865	0.00244141	865	0	
866	0.00244141	866	0	
867	0.00244141	867	0	
868	0.00244141	868	0	
869	0.00244141	869	0	
870	0.00244141	870	0	
871	0.00244141	871	0	
872	0.00244141	872	0	
873	0.00244141	873	0	
874	0.00244141	874	0	
875	0.00244141	875	0	
876	0.00244141	876	0	
877	0.00244141	877	0	
878	0.00244141	878	0	
879	0.00244141	879	0	
880	0.00244141	880	0	
881	0.00244141	881	0	
882	0.00244141	882	0	
883	0.00244141	883	0	
884	0.00244141	884	0	
885	0.00244141	885	0	
886	0.00244141	886	0	
887	0.00244141	887	0	
888	0.00244141	888	0	
889	0.00244141	889	0	
890	0.00244141	890	0	
891	0.00244141	891	0	
892	0.00244141	892	0	
893	0.00244141	893	0	
894	0.00244141	894	0	
895	0.00244141	895	0	
896	0.00244141	896	0	
897	0.00244141	897	0	
898	0.00244141	898	0	
899	0.00244141	899	0	
900	0.00244141	900	0	
901	0.00244141	901	0	
902	0.00244141	902	0	
903	0.00244141	903	0	
904	0.00244141	904	0	
905	0.00244141	905	0	
906	0.00244141	906	0	
907	0.00244141	907	0	
908	0.00244141	908	0	
909	0.00244141	909	0	
910	0.00244141	910	0	
911	0.00244141	911	0	
912	0.00244141	912	0	
913	0.00244141	913	0	
914	0.00244141	914	0	
915	0.00244141	915	0	
916	0.00244141	916	0	
917	0.00244141	917	0	
918	0.00244141	918	0	
919	0.00244141	919	0	
920	0.00244141	920	0	
921	0.00244141	921	0	
922	0.00244141	922	0	
923	0.00244141	923	0	
924	0.00244141	924	0	
925	0.00244141	925	0	
926	0.00244141	926	0	
927	0.00244141	927	0	
928	0.00244141	928	0	
929	0.00244141	929	0	
930	0.00244141	930	0	
931	0.00244141	931	0	
932	0.00244141	932	0	
933	0.00244141	933	0.00244141	
934	0.00244141	934	0	
935	0.00244141	935	0	
936	0.00244141	936	0	
937	0.00244141	937	0	
938	0.00244141	938	0	
939	0.00244141	939	0	
940	0.00244141	940	0	
941	0.00244141	941	0	
942	0.00244141	942	0	
943	0.00244141	943	0	
944	0.00244141	944	0	
945	0.00244141	945	0	
946	0.00244141	946	0	
947	0.00244141	947	0	
948	0.00244141	948	0	
949	0.00244141	949	0	
950	0.00244141	950	0	
951	0.00244141	951	0	
952	0.00244141	952	0	
953	0.00244141	953	0	
954	0.00244141	954	0	
955	0.00244141	955	0	
956	0.00244141	956	0	
957	0.00244141	957	0	
958	0.00244141	958	0	
959	0.00244141	959	0	
960	0.00244141	960	0	
961	0.00244141	961	0.00244141	
962	0.00244141	962	0	
963	0.00244141	963	0	
964	0.00244141	964	0	
965	0.00244141	965	0	
966	0.00244141	966	0	
967	0.00244141	967	0	
968	0.00244141	968	0	
969	0.00244141	969	0	
970	0.00244141	970	0	
971	0.00244141	971	0	
972	0.00244141	972	0	
973	0.00244141	973	0	
974	0.00244141	974	0	
975	0.00244141	975	0	
976	0.00244141	976	0	
977	0.00244141	977	0	
978	0.00244141	978	0	
979	0.00244141	979	0	
980	0.00244141	980	0	
981	0.00244141	981	0	
982	0.00244141	982	0	
983	0.00244141	983	0	
984	0.00244141	984	0	
985	0.00244141	985	0	
986	0.00244141	986	0	
987	0.00244141	987	0	
988	0.00244141	988	0	
989	0.00244141	989	0	
990	0.00244141	990	0	
991	0.00244141	991	0	
992	0.00244141	992	0	
993	0.00244141	993	0	
994	0.00244141	994	0	
995	0.00244141	995	0	
996	0.00244141	996	0	
997	0.00244141	997	0	
998	0.00244141	998	0	
999	0.00244141	999	0	
1000	0.00244141	1000	0	
1001	0.00244141	1001	0	
1002	0.00244141	1002	0	
1003	0.00244141	1003	0	
1004	0.00244141	1004	0	
1005	0.00244141	1005	0	
1006	0.00244141	1006	0	
1007	0.00244141	1007	0	
1008	0.00244141	1008	0	
1009	0.00244141	1009	0.00244141	
1010	0.00244141	1010	0	
1011	0.00244141	1011	0	
1012	0.00244141	1012	0	
1013	0.00244141	1013	0	
1014	0.00244141	1014	0	
1015	0.00244141	1015	0	
1016	0.00244141	1016	0	
1017	0.00244141	1017	0	
1018	0.00244141	1018	0.00244141	
1019	0.00244141	1019	0	
1020	0.00244141	1020	0	
1021	0.00244141	1021	0	
1022	0.00244141	1022	0	
1023	0.00244141	1023	0	
1024	0.00244141	1024	0	
1025	0.00244141	1025	0	
1026	0.00244141	1026	0	
1027	0.00244141	1027	0	
1028	0.00244141	1028	0	
1029	0.00244141	1029	0	
1030	0.00244141	1030	0	
1031	0.00244141	1031	0	
1032	0.00244141	1032	0	
1033	0.00244141	1033	0	
1034	0.00244141	1034	0	
1035	0.00244141	1035	0	
1036	0.00244141	1036	0	
1037	0.00244141	1037	0	
1038	0.00244141	1038	0	
1039	0.00244141	1039	0	
1040	0.00244141	1040	0.00244141	
1041	0.00244141	1041	0	
1042	0.00244141	1042	0	
1043	0.00244141	1043	0	
1044	0.00244141	1044	0	
1045	0.00244141	1045	0	
1046	0.00244141	1046	0	
1047	0.00244141	1047	0	
1048	0.00244141	1048	0	
1049	0.00244141	1049	0	
1050	0.00244141	1050	0	
1051	0.00244141	1051	0	
1052	0.00244141	1052	0	
1053	0.00244141	1053	0	
1054	0.00244141	1054	0	
1055	0.00244141	1055	0	
1056	0.00244141	1056	0	
1057	0.00244141	1057	0	
1058	0.00244141	1058	0	
1059	0.00244141	1059	0	
1060	0.00244141	1060	0	
1061	0.00244141	1061	0	
1062	0.00244141	1062	0	
1063	0.00244141	1063	0	
1064	0.00244141	1064	0	
1065	0.00244141	1065	0	
1066	0.00244141	1066	0	
1067	0.00244141	1067	0	
1068	0.00244141	1068	0	
1069	0.00244141	1069	0	
1070	0.00244141	1070	0	
1071	0.00244141	1071	0	
1072	0.00244141	1072	0	
1073	0.00244141	1073	0	
1074	0.00244141	1074	0	
1075	0.00244141	1075	0	
1076	0.00244141	1076	0	
1077	0.00244141	1077	0	
1078	0.00244141	1078	0	
1079	0.00244141	1079	0	
1080	0.00244141	1080	0	
1081	0.00244141	1081	0	
1082	0.00244141	1082	0	
1083	0.00244141	1083	0	
1084	0.00244141	1084	0	
1085	0.00244141	1085	0	
1086	0.00244141	1086	0	
1087	0.00244141	1087	0	
1088	0.00244141	1088	0	
1089	0.00244141	1089	0	
1090	0.00244141	1090	0	
1091	0.00244141	1091	0	
1092	0.00244141	1092	0	
1093	0.00244141	1093	0	
1094	0.00244141	1094	0	
1095	0.00244141	1095	0	
1096	0.00244141	1096	0.00244141	
1097	0.00244141	1097	0	
1098	0.00244141	1098	0	
1099	0.00244141	1099	0	
1100	0.00244141	1100	0	
1101	0.00244141	1101	0	
1102	0.00244141	1102	0	
1103	0.00244141	1103	0	
1104	0.00244141	1104	0	
1105	0.00244141	1105	0	
1106	0.00244141	1106	0	
1107	0.00244141	1107	0	
1108	0.00244141	1108	0	
1109	0.00244141	1109	0	
1110	0.00244141	1110	0	
1111	0.00244141	1111	0	
1112	0.00244141	1112	0	
1113	4.99756	1113	4.17725	
1114	4.99756	1114	4.17725	
1115	4.99756	1115	4.17725	
1116	4.99756	1116	4.17725	
1117	4.99756	1117	4.17725	
1118	4.99756	1118	4.17725	
1119	4.99756	1119	4.17725	
1120	4.99756	1120	4.17725	
1121	4.99756	1121	4.17725	
1122	4.99756	1122	4.17725	
1123	4.99756	1123	4.17725	
1124	4.99756	1124	4.17969	
1125	4.99756	1125	4.17725	
1126	4.99756	1126	4.17969	
1127	4.99756	1127	4.17969	
1128	4.99756	1128	4.1748	
1129	4.99756	1129	4.17725	
1130	4.99756	1130	4.17725	
1131	4.99756	1131	4.17725	
1132	4.99756	1132	4.17725	
1133	4.99756	1133	4.17725	
1134	4.99756	1134	4.1748	
1135	4.99756	1135	4.1748	
1136	4.99756	1136	4.17725	
1137	4.99756	1137	4.17725	
1138	4.99756	1138	4.17725	
1139	4.99756	1139	4.17725	
1140	4.99756	1140	4.17725	
1141	4.99756	1141	4.1748	
1142	4.99756	1142	4.17725	
1143	4.99756	1143	4.17725	
1144	4.99756	1144	4.17725	
1145	4.99756	1145	4.17725	
1146	4.99756	1146	4.17725	
1147	4.99756	1147	4.17725	
1148	4.99756	1148	4.17725	
1149	4.99756	1149	4.17725	
1150	4.99756	1150	4.17725	
1151	4.99756	1151	4.17725	
1152	4.99756	1152	4.17725	
1153	4.99756	1153	4.17725	
1154	4.99756	1154	4.1748	
1155	4.99756	1155	4.17725	
1156	4.99756	1156	4.17725	
1157	4.99756	1157	4.17725	
1158	4.99756	1158	4.17725	
1159	4.99756	1159	4.17725	
1160	4.99756	1160	4.17725	
1161	4.99756	1161	4.17725	
1162	4.99756	1162	4.17725	
1163	4.99756	1163	4.17725	
1164	4.99756	1164	4.17725	
1165	4.99756	1165	4.17725	
1166	4.99756	1166	4.17725	
1167	4.99756	1167	4.17725	
1168	4.99756	1168	4.1748	
1169	4.99756	1169	4.17725	
1170	4.99756	1170	4.17725	
1171	4.99756	1171	4.17725	
1172	4.99756	1172	4.17725	
1173	4.99756	1173	4.17725	
1174	4.99756	1174	4.17725	
1175	4.99756	1175	4.17725	
1176	4.99756	1176	4.17725	
1177	4.99756	1177	4.17725	
1178	4.99756	1178	4.17725	
1179	4.99756	1179	4.17725	
1180	4.99756	1180	4.17725	
1181	4.99756	1181	4.17725	
1182	4.99756	1182	4.17725	
1183	4.99756	1183	4.17725	
1184	4.99756	1184	4.17725	
1185	4.99756	1185	4.1748	
1186	4.99756	1186	4.1748	
1187	4.99756	1187	4.1748	
1188	4.99756	1188	4.1748	
1189	4.99756	1189	4.1748	
1190	4.99756	1190	4.1748	
1191	4.99756	1191	4.1748	
1192	4.99756	1192	4.17725	
1193	4.99756	1193	4.17725	
1194	4.99756	1194	4.17725	
1195	4.99756	1195	4.17725	
1196	4.99756	1196	4.17725	
1197	4.99756	1197	0.00244141	
1198	4.99756	1198	0.00244141	
1199	4.99756	1199	0.00244141	
1200	4.99756	1200	0.00244141	
1201	4.99756	1201	0.00244141	
1202	4.99756	1202	0.00244141	
1203	4.99756	1203	0.00244141	
1204	4.99756	1204	0.00244141	
1205	4.99756	1205	0.00244141	
1206	4.99756	1206	0.00244141	
1207	4.99756	1207	0.00244141	
1208	4.99756	1208	0.00244141	
1209	4.99756	1209	0.00244141	
1210	4.99756	1210	0.00244141	
1211	4.99756	1211	0.00244141	
1212	4.99756	1212	0.00244141	
1213	4.99756	1213	0.00244141	
1214	4.99756	1214	0.00244141	
1215	4.99756	1215	0.00244141	
1216	4.99756	1216	0.00244141	
1217	4.99756	1217	0.00244141	
1218	4.99756	1218	0.00244141	
1219	4.99756	1219	0.00244141	
1220	4.99756	1220	0.00244141	
1221	4.99756	1221	0.00244141	
1222	4.99756	1222	0.00244141	
1223	4.99756	1223	0.00244141	
1224	4.99756	1224	0.00244141	
1225	4.99756	1225	0.00244141	
1226	4.99756	1226	0.00244141	
1227	4.99756	1227	0.00244141	
1228	4.99756	1228	0.00244141	
1229	4.99756	1229	0.00244141	
1230	4.99756	1230	0.00244141	
1231	4.99756	1231	0.00244141	
1232	4.99756	1232	0.00244141	
1233	4.99756	1233	0.00244141	
1234	4.99756	1234	0.00244141	
1235	4.99756	1235	0.00244141	
1236	4.99756	1236	0.00244141	
1237	4.99756	1237	0.00244141	
1238	4.99756	1238	0.00244141	
1239	4.99756	1239	0.00244141	
1240	4.99756	1240	0.00244141	
1241	4.99756	1241	0.00244141	
1242	4.99756	1242	0.00244141	
1243	4.99756	1243	0.00244141	
1244	4.99756	1244	0.00244141	
1245	4.99756	1245	0.00244141	
1246	4.99756	1246	0.00244141	
1247	4.99756	1247	0.00244141	
1248	4.99756	1248	0.00244141	
1249	4.99756	1249	0.00244141	
1250	4.99756	1250	0.00244141	
1251	4.99756	1251	0.00244141	
1252	4.99756	1252	0.00244141	
1253	4.99756	1253	0.00244141	
1254	4.99756	1254	0.00244141	
1255	4.99756	1255	0.00244141	
1256	4.99756	1256	0.00244141	
1257	4.99756	1257	0.00244141	
1258	4.99756	1258	0.00244141	
1259	4.99756	1259	0.00244141	
1260	4.99756	1260	0.00244141	
1261	4.99756	1261	0.00244141	
1262	4.99756	1262	0.00244141	
1263	4.99756	1263	0.00244141	
1264	4.99756	1264	0.00244141	
1265	4.99756	1265	0.00244141	
1266	4.99756	1266	0.00244141	
1267	4.99756	1267	0.00244141	
1268	4.99756	1268	0.00244141	
1269	4.99756	1269	0.00244141	
1270	4.99756	1270	0.00244141	
1271	4.99756	1271	0.00244141	
1272	4.99756	1272	0.00244141	
1273	4.99756	1273	0.00244141	
1274	4.99756	1274	0.00244141	
1275	4.99756	1275	0.00244141	
1276	4.99756	1276	0.00244141	
1277	4.99756	1277	0.00244141	
1278	4.99756	1278	0.00244141	
1279	4.99756	1279	0.00244141	
1280	4.99756	1280	0.00244141	
1281	4.99756	1281	0.00244141	
1282	4.99756	1282	0.00244141	
1283	4.99756	1283	0.00244141	
1284	4.99756	1284	0.00244141	
1285	4.99756	1285	0.00244141	
1286	4.99756	1286	0.00244141	
1287	4.99756	1287	0.00244141	
1288	4.99756	1288	0.00244141	
1289	4.99756	1289	0.00244141	
1290	4.99756	1290	0.00244141	
1291	4.99756	1291	0.00244141	
1292	4.99756	1292	0.00244141	
1293	4.99756	1293	0.00244141	
1294	4.99756	1294	0.00244141	
1295	4.99756	1295	0.00244141	
1296	4.99756	1296	0.00244141	
1297	4.99756	1297	0.00244141	
1298	4.99756	1298	0.00244141	
1299	4.99756	1299	0.00244141	
1300	4.99756	1300	0.00244141	
1301	4.99756	1301	0.00244141	
1302	4.99756	1302	0.00244141	
1303	4.99756	1303	0.00244141	
1304	4.99756	1304	0.00244141	
1305	4.99756	1305	0.00244141	
1306	4.99756	1306	0.00244141	
1307	4.99756	1307	0.00244141	
1308	4.99756	1308	0.00244141	
1309	4.99756	1309	0.00244141	
1310	4.99756	1310	0.00244141	
1311	4.99756	1311	0.00244141	
1312	4.99756	1312	0.00244141	
1313	4.99756	1313	0.00244141	
1314	4.99756	1314	0.00244141	
1315	4.99756	1315	0.00244141	
1316	4.99756	1316	0.00244141	
1317	4.99756	1317	0.00244141	
1318	4.99756	1318	0.00244141	
1319	4.99756	1319	0.00244141	
1320	4.99756	1320	0.00244141	
1321	4.99756	1321	0.00244141	
1322	4.99756	1322	0.00244141	
1323	4.99756	1323	0.00244141	
1324	4.99756	1324	0.00244141	
1325	4.99756	1325	0.00244141	
1326	4.99756	1326	0.00244141	
1327	4.99756	1327	0.00244141	
1328	4.99756	1328	0.00244141	
1329	4.99756	1329	0.00244141	
1330	4.99756	1330	0.00244141	
1331	4.99756	1331	0.00244141	
1332	4.99756	1332	0.00244141	
1333	4.99756	1333	0.00244141	
1334	4.99756	1334	0.00244141	
1335	4.99756	1335	0.00244141	
1336	4.99756	1336	0.00244141	
1337	4.99756	1337	0.00244141	
1338	4.99756	1338	0.00244141	
1339	4.99756	1339	0.00244141	
1340	4.99756	1340	0.00244141	
1341	4.99756	1341	0.00244141	
1342	4.99756	1342	0.00244141	
1343	4.99756	1343	0.00244141	
1344	4.99756	1344	0.00244141	
1345	4.99756	1345	0.00244141	
1346	4.99756	1346	0.00244141	
1347	4.99756	1347	0.00244141	
1348	4.99756	1348	0.00244141	
1349	4.99756	1349	0.00244141	
1350	4.99756	1350	0.00244141	
1351	4.99756	1351	0.00244141	
1352	4.99756	1352	0.00244141	
1353	4.99756	1353	0.00244141	
1354	4.99756	1354	0.00244141	
1355	4.99756	1355	0.00244141	
1356	4.99756	1356	0.00244141	
1357	4.99756	1357	0.00244141	
1358	4.99756	1358	0.00244141	
1359	4.99756	1359	0.00244141	
1360	4.99756	1360	0.00244141	
1361	4.99756	1361	0.00244141	
1362	4.99756	1362	0.00244141	
1363	4.99756	1363	0.00244141	
1364	4.99756	1364	0.00244141	
1365	4.99756	1365	0.00244141	
1366	4.99756	1366	0.00244141	
1367	4.99756	1367	0.00244141	
1368	4.99756	1368	0.00244141	
1369	4.99756	1369	0.00244141	
1370	4.99756	1370	0.00244141	
1371	4.99756	1371	0.00244141	
1372	4.99756	1372	0.00244141	
1373	4.99756	1373	0.00244141	
1374	4.99756	1374	0.00244141	
1375	4.99756	1375	0.00244141	
1376	4.99756	1376	0.00244141	
1377	4.99756	1377	0.00244141	
1378	4.99756	1378	0.00244141	
1379	4.99756	1379	0.00244141	
1380	4.99756	1380	0.00244141	
1381	4.99756	1381	0.00244141	
1382	4.99756	1382	0.00244141	
1383	4.99756	1383	0.00244141	
1384	4.99756	1384	0.00244141	
1385	4.99756	1385	0.00244141	
1386	4.99756	1386	0.00244141	
1387	4.99756	1387	0.00244141	
1388	4.99756	1388	0.00244141	
1389	4.99756	1389	0.00244141	
1390	4.99756	1390	0.00244141	
1391	4.99756	1391	0.00244141	
1392	4.99756	1392	0.00244141	
1393	4.99756	1393	0.00244141	
1394	4.99756	1394	0.00244141	
1395	4.99756	1395	0.00244141	
1396	4.99756	1396	0.00244141	
1397	4.99756	1397	0.00244141	
1398	4.99756	1398	0.00244141	
1399	4.99756	1399	0.00244141	
1400	4.99756	1400	0.00244141	
1401	4.99756	1401	0.00244141	
1402	4.99756	1402	0.00244141	
1403	4.99756	1403	0.00244141	
1404	4.99756	1404	0.00244141	
1405	4.99756	1405	0.00244141	
1406	4.99756	1406	0.00244141	
1407	4.99756	1407	0.00244141	
1408	4.99756	1408	0.00244141	
1409	4.99756	1409	0.00244141	
1410	4.99756	1410	0.00244141	
1411	4.99756	1411	0.00244141	
1412	4.99756	1412	0.00244141	
1413	4.99756	1413	0.00244141	
1414	4.99756	1414	0.00244141	
1415	4.99756	1415	0.00244141	
1416	4.99756	1416	0.00244141	
1417	4.99756	1417	0.00244141	
1418	4.99756	1418	0.00244141	
1419	4.99756	1419	0.00244141	
1420	4.99756	1420	0.00244141	
1421	4.99756	1421	0.00244141	
1422	4.99756	1422	0.00244141	
1423	4.99756	1423	0.00244141	
1424	4.99756	1424	0.00244141	
1425	4.99756	1425	0.00244141	
1426	4.99756	1426	0.00244141	
1427	4.99756	1427	0.00244141	
1428	4.99756	1428	0.00244141	
1429	4.99756	1429	0.00244141	
1430	4.99756	1430	0.00244141	
1431	4.99756	1431	0.00244141	
1432	4.99756	1432	0.00244141	
1433	4.99756	1433	0.00244141	
1434	4.99756	1434	0.00244141	
1435	4.99756	1435	0.00244141	
1436	4.99756	1436	0.00244141	
1437	4.99756	1437	0.00244141	
1438	4.99756	1438	0.00244141	
1439	4.99756	1439	0.00244141	
1440	4.99756	1440	0.00244141	
1441	4.99756	1441	0.00244141	
1442	4.99756	1442	0.00244141	
1443	4.99756	1443	0.00244141	
1444	4.99756	1444	0.00244141	
1445	4.99756	1445	0.00244141	
1446	4.99756	1446	0.00244141	
1447	4.99756	1447	0.00244141	
1448	4.99756	1448	0.00244141	
1449	4.99756	1449	0.00244141	
1450	4.99756	1450	0.00244141	
1451	4.99756	1451	0.00244141	
1452	4.99756	1452	0.00244141	
1453	4.99756	1453	0.00244141	
1454	4.99756	1454	0.00244141	
1455	4.99756	1455	0.00244141	
1456	4.99756	1456	0.00244141	
1457	4.99756	1457	0.00244141	
1458	4.99756	1458	0.00244141	
1459	4.99756	1459	0.00244141	
1460	4.99756	1460	0.00244141	
1461	4.99756	1461	0.00244141	
1462	4.99756	1462	0.00244141	
1463	4.99756	1463	0.00244141	
1464	4.99756	1464	0.00244141	
1465	4.99756	1465	0.00244141	
1466	4.99756	1466	0.00244141	
1467	4.99756	1467	0.00244141	
1468	4.99756	1468	0.00244141	
1469	4.99756	1469	0.00244141	
1470	4.99756	1470	0.00244141	
1471	4.99756	1471	0.00244141	
1472	4.99756	1472	0.00244141	
1473	4.99756	1473	0.00244141	
1474	4.99756	1474	0.00244141	
1475	4.99756	1475	0.00244141	
1476	4.99756	1476	0.00244141	
1477	4.99756	1477	0.00244141	
1478	4.99756	1478	0.00244141	
1479	4.99756	1479	0.00244141	
1480	4.99756	1480	0.00244141	
1481	4.99756	1481	0.00244141	
1482	4.99756	1482	0.00244141	
1483	4.99756	1483	0.00244141	
1484	4.99756	1484	0.00244141	
1485	4.99756	1485	0.00244141	
1486	4.99756	1486	0.00244141	
1487	4.99756	1487	0.00244141	
1488	4.99756	1488	0.00244141	
1489	4.99756	1489	0.00244141	
1490	4.99756	1490	0.00244141	
1491	4.99756	1491	0.00244141	
1492	4.99756	1492	0.00244141	
1493	4.99756	1493	0.00244141	
1494	4.99756	1494	0.00244141	
1495	4.99756	1495	0.00244141	
1496	4.99756	1496	0.00244141	
1497	4.99756	1497	0.00244141	
1498	4.99756	1498	0.00244141	
1499	4.99756	1499	0.00244141	
1500	4.99756	1500	0.00244141	
1501	4.99756	1501	0.00244141	
1502	4.99756	1502	0.00244141	
1503	4.99756	1503	0.00244141	
1504	4.99756	1504	0.00244141	
1505	4.99756	1505	0.00244141	
1506	4.99756	1506	0.00244141	
1507	4.99756	1507	0.00244141	
1508	4.99756	1508	0.00244141	
1509	4.99756	1509	0.00244141	
1510	4.99756	1510	0.00244141	
1511	4.99756	1511	0.00244141	
1512	4.99756	1512	0.00244141	
1513	4.99756	1513	0.00244141	
1514	4.99756	1514	0.00244141	
1515	4.99756	1515	0.00244141	
1516	4.99756	1516	0.00244141	
1517	4.99756	1517	0.00244141	
1518	4.99756	1518	0.00244141	
1519	4.99756	1519	0.00244141	
1520	4.99756	1520	0.00244141	
1521	4.99756	1521	0.00244141	
1522	4.99756	1522	0.00244141	
1523	4.99756	1523	0.00244141	
1524	4.99756	1524	0.00244141	
1525	4.99756	1525	0.00244141	
1526	4.99756	1526	0.00244141	
1527	4.99756	1527	0.00244141	
1528	4.99756	1528	0.00244141	
1529	4.99756	1529	0.00244141	
1530	4.99756	1530	0.00244141	
1531	4.99756	1531	0.00244141	
1532	4.99756	1532	0.00244141	
1533	4.99756	1533	0.00244141	
1534	4.99756	1534	0.00244141	
1535	4.99756	1535	0.00244141	
1536	4.99756	1536	0.00244141	
1537	4.99756	1537	0.00244141	
1538	4.99756	1538	0.00244141	
1539	4.99756	1539	0.00244141	
1540	4.99756	1540	0.00244141	
1541	4.99756	1541	0.00244141	
1542	4.99756	1542	0.00244141	
1543	4.99756	1543	0.00244141	
1544	4.99756	1544	0.00244141	
1545	4.99756	1545	0.00244141	
1546	4.99756	1546	0.00244141	
1547	4.99756	1547	0.00244141	
1548	4.99756	1548	0.00244141	
1549	4.99756	1549	0.00244141	
1550	4.99756	1550	0.00244141	
1551	4.99756	1551	0.00244141	
1552	4.99756	1552	0.00244141	
1553	4.99756	1553	0.00244141	
1554	4.99756	1554	0.00244141	
1555	4.99756	1555	0.00244141	
1556	4.99756	1556	0.00244141	
1557	4.99756	1557	0.00244141	
1558	4.99756	1558	0.00244141	
1559	4.99756	1559	0.00244141	
1560	4.99756	1560	0.00244141	
1561	4.99756	1561	0.00244141	
1562	4.99756	1562	0.00244141	
1563	4.99756	1563	0.00244141	
1564	4.99756	1564	0.00244141	
1565	4.99756	1565	0.00244141	
1566	4.99756	1566	0.00244141	
1567	4.99756	1567	0.00244141	
1568	4.99756	1568	0.00244141	
1569	4.99756	1569	0.00244141	
1570	4.99756	1570	0.00244141	
1571	4.99756	1571	0.00244141	
1572	4.99756	1572	0.00244141	
1573	4.99756	1573	0.00244141	
1574	4.99756	1574	0.00244141	
1575	4.99756	1575	0.00244141	
1576	4.99756	1576	0.00244141	
1577	4.99756	1577	0.00244141	
1578	4.99756	1578	0.00244141	
1579	4.99756	1579	0.00244141	
1580	4.99756	1580	0.00244141	
1581	4.99756	1581	0.00244141	
1582	4.99756	1582	0.00244141	
1583	4.99756	1583	0.00244141	
1584	4.99756	1584	0.00244141	
1585	4.99756	1585	0.00244141	
1586	4.99756	1586	0.00244141	
1587	4.99756	1587	0.00244141	
1588	4.99756	1588	0.00244141	
1589	4.99756	1589	0.00244141	
1590	4.99756	1590	0.00244141	
1591	4.99756	1591	0.00244141	
1592	4.99756	1592	0.00244141	
1593	4.99756	1593	0.00244141	
1594	4.99756	1594	0.00244141	
1595	4.99756	1595	0.00244141	
1596	4.99756	1596	0.00244141	
1597	4.99756	1597	0.00244141	
1598	4.99756	1598	0.00244141	
1599	4.99756	1599	0.00244141	
1600	4.99756	1600	0.00244141	
1601	4.99756	1601	0.00244141	
1602	4.99756	1602	0.00244141	
1603	4.99756	1603	0.00244141	
1604	4.99756	1604	0.00244141	
1605	4.99756	1605	0.00244141	
1606	4.99756	1606	0.00244141	
1607	4.99756	1607	0.00244141	
1608	0.00244141	1608	0	
1609	0.00244141	1609	0	
1610	0.00244141	1610	0	
1611	0.00244141	1611	0	
1612	0.00244141	1612	0	
1613	0.00244141	1613	0	
1614	0.00244141	1614	0	
1615	0.00244141	1615	0	
1616	0.00244141	1616	0	
1617	0.00244141	1617	0	
1618	0.00244141	1618	0	
1619	0.00244141	1619	0	
1620	0.00244141	1620	0	
1621	0.00244141	1621	0	
1622	0.00244141	1622	0	
1623	0.00244141	1623	0	
1624	0.00244141	1624	0	
1625	0.00244141	1625	0	
1626	0.00244141	1626	0	
1627	0.00244141	1627	0.00244141	
1628	0.00244141	1628	0	
1629	0.00244141	1629	0	
1630	0.00244141	1630	0	
1631	0.00244141	1631	0	
1632	0.00244141	1632	0	
1633	0.00244141	1633	0	
1634	0.00244141	1634	0	
1635	0.00244141	1635	0	
1636	0.00244141	1636	0	
1637	0.00244141	1637	0	
1638	0.00244141	1638	0	
1639	0.00244141	1639	0	
1640	0.00244141	1640	0	
1641	0.00244141	1641	0	
1642	0.00244141	1642	0	
1643	0.00244141	1643	0	
1644	0.00244141	1644	0	
1645	0.00244141	1645	0	
1646	0.00244141	1646	0	
1647	0.00244141	1647	0	
1648	0.00244141	1648	0	
1649	0.00244141	1649	0	
1650	0.00244141	1650	0	
1651	0.00244141	1651	0	
1652	0.00244141	1652	0	
1653	0.00244141	1653	0	
1654	0.00244141	1654	0	
1655	0.00244141	1655	0	
1656	0.00244141	1656	0	
1657	0.00244141	1657	0	
1658	0.00244141	1658	0	
1659	0.00244141	1659	0	
1660	0.00244141	1660	0	
1661	0.00244141	1661	0	
1662	0.00244141	1662	0	
1663	0.00244141	1663	0	
1664	0.00244141	1664	0	
1665	0.00244141	1665	0	
1666	0.00244141	1666	0	
1667	0.00244141	1667	0	
1668	0.00244141	1668	0	
1669	0.00244141	1669	0	
1670	0.00244141	1670	0	
1671	0.00244141	1671	0	
1672	0.00244141	1672	0	
1673	0.00244141	1673	0	
1674	0.00244141	1674	0	
1675	0.00244141	1675	0	
1676	0.00244141	1676	0	
1677	0.00244141	1677	0	
1678	0.00244141	1678	0	
1679	0.00244141	1679	0	
1680	0.00244141	1680	0	
1681	0.00244141	1681	0.00244141	
1682	0.00244141	1682	0	
1683	0.00244141	1683	0	
1684	0.00244141	1684	0	
1685	0.00244141	1685	0	
1686	0.00244141	1686	0	
1687	0.00244141	1687	0	
1688	0.00244141	1688	0	
1689	0.00244141	1689	0	
1690	0.00244141	1690	0	
1691	0.00244141	1691	0	
1692	0.00244141	1692	0	
1693	0.00244141	1693	0	
1694	0.00244141	1694	0	
1695	0.00244141	1695	0	
1696	0.00244141	1696	0	
1697	0.00244141	1697	0	
1698	0.00244141	1698	0	
1699	0.00244141	1699	0	
1700	0.00244141	1700	0	
1701	0.00244141	1701	0	
1702	0.00244141	1702	0	
1703	0.00244141	1703	0	
1704	0.00244141	1704	0	
1705	0.00244141	1705	0	
1706	0.00244141	1706	0	
1707	0.00244141	1707	0	
1708	0.00244141	1708	0	
1709	0.00244141	1709	0	
1710	0.00244141	1710	0	
1711	0.00244141	1711	0	
1712	0.00244141	1712	0.00244141	
1713	0.00244141	1713	0.00244141	
1714	0.00244141	1714	0	
1715	0.00244141	1715	0	
1716	0.00244141	1716	0	
1717	0.00244141	1717	0	
1718	0.00244141	1718	0	
1719	0.00244141	1719	0	
1720	0.00244141	1720	0	
1721	0.00244141	1721	0	
1722	0.00244141	1722	0	
1723	0.00244141	1723	0	
1724	0.00244141	1724	0	
1725	0.00244141	1725	0	
1726	0.00244141	1726	0	
1727	0.00244141	1727	0	
1728	0.00244141	1728	0	
1729	0.00244141	1729	0	
1730	0.00244141	1730	0	
1731	0.00244141	1731	0	
1732	0.00244141	1732	0	
1733	0.00244141	1733	0	
1734	0.00244141	1734	0	
1735	0.00244141	1735	0	
1736	0.00244141	1736	0	
1737	0.00244141	1737	0	
1738	0.00244141	1738	0	
1739	0.00244141	1739	0	
1740	0.00244141	1740	0	
1741	0.00244141	1741	0	
1742	0.00244141	1742	0	
1743	0.00244141	1743	0	
1744	0.00244141	1744	0	
1745	0.00244141	1745	0	
1746	0.00244141	1746	0	
1747	0.00244141	1747	0	
1748	0.00244141	1748	0	
1749	0.00244141	1749	0	
1750	0.00244141	1750	0	
1751	0.00244141	1751	0	
1752	0.00244141	1752	0	
1753	0.00244141	1753	0	
1754	0.00244141	1754	0	
1755	0.00244141	1755	0	
1756	0.00244141	1756	0	
1757	0.00244141	1757	0	
1758	0.00244141	1758	0	
1759	0.00244141	1759	0	
1760	0.00244141	1760	0	
1761	0.00244141	1761	0.00244141	
1762	0.00244141	1762	0	
1763	0.00244141	1763	0	
1764	0.00244141	1764	0	
1765	0.00244141	1765	0	
1766	0.00244141	1766	0	
1767	0.00244141	1767	0	
1768	0.00244141	1768	0	
1769	0.00244141	1769	0.00244141	
1770	0.00244141	1770	0	
1771	0.00244141	1771	0	
1772	0.00244141	1772	0	
1773	0.00244141	1773	0	
1774	0.00244141	1774	0	
1775	0.00244141	1775	0	
1776	0.00244141	1776	0	
1777	0.00244141	1777	0.00244141	
1778	0.00244141	1778	0	
1779	0.00244141	1779	0	
1780	0.00244141	1780	0	
1781	0.00244141	1781	0	
1782	0.00244141	1782	0	
1783	0.00244141	1783	0	
1784	0.00244141	1784	0	
1785	0.00244141	1785	0	
1786	0.00244141	1786	0	
1787	0.00244141	1787	0	
1788	0.00244141	1788	0	
1789	0.00244141	1789	0	
1790	0.00244141	1790	0	
1791	0.00244141	1791	0	
1792	0.00244141	1792	0	
1793	0.00244141	1793	0	
1794	0.00244141	1794	0	
1795	0.00244141	1795	0	
1796	0.00244141	1796	0	
1797	0.00244141	1797	0	
1798	0.00244141	1798	0	
1799	0.00244141	1799	0.00244141	
1800	0.00244141	1800	0	
1801	0.00244141	1801	0	
1802	0.00244141	1802	0	
1803	0.00244141	1803	0	
1804	0.00244141	1804	0	
1805	0.00244141	1805	0	
1806	0.00244141	1806	0	
1807	0.00244141	1807	0	
1808	0.00244141	1808	0	
1809	0.00244141	1809	0	
1810	0.00244141	1810	0	
1811	0.00244141	1811	0	
1812	0.00244141	1812	0	
1813	0.00244141	1813	0	
1814	0.00244141	1814	0	
1815	0.00244141	1815	0	
1816	0.00244141	1816	0	
1817	0.00244141	1817	0	
1818	0.00244141	1818	0	
1819	0.00244141	1819	0	
1820	0.00244141	1820	0	
1821	0.00244141	1821	0	
1822	0.00244141	1822	0	
1823	0.00244141	1823	0	
1824	0.00244141	1824	0	
1825	0.00244141	1825	0	
1826	0.00244141	1826	0	
1827	0.00244141	1827	0	
1828	0.00244141	1828	0	
1829	0.00244141	1829	0	
1830	0.00244141	1830	0	
1831	0.00244141	1831	0	
1832	0.00244141	1832	0	
1833	0.00244141	1833	0	
1834	0.00244141	1834	0	
1835	0.00244141	1835	0	
1836	0.00244141	1836	0	
1837	0.00244141	1837	0	
1838	0.00244141	1838	0	
1839	0.00244141	1839	0	
1840	0.00244141	1840	0	
1841	0.00244141	1841	0	
1842	0.00244141	1842	0	
1843	0.00244141	1843	0	
1844	0.00244141	1844	0	
1845	0.00244141	1845	0	
1846	0.00244141	1846	0	
1847	0.00244141	1847	0	
1848	0.00244141	1848	0	
1849	0.00244141	1849	0	
1850	0.00244141	1850	0	
1851	0.00244141	1851	0	
1852	0.00244141	1852	0	
1853	0.00244141	1853	0	
1854	0.00244141	1854	0	
1855	0.00244141	1855	0	
1856	0.00244141	1856	0	
1857	0.00244141	1857	0	
1858	0.00244141	1858	0	
1859	0.00244141	1859	0	
1860	0.00244141	1860	0	
1861	0.00244141	1861	0	
1862	0.00244141	1862	0	
1863	0.00244141	1863	0	
1864	0.00244141	1864	0	
1865	0.00244141	1865	0	
1866	0.00244141	1866	0	
1867	0.00244141	1867	0.00244141	
1868	0.00244141	1868	0	
1869	0.00244141	1869	0	
1870	0.00244141	1870	0	
1871	0.00244141	1871	0	
1872	0.00244141	1872	0	
1873	0.00244141	1873	0	
1874	0.00244141	1874	0	
1875	0.00244141	1875	0	
1876	0.00244141	1876	0	
1877	0.00244141	1877	0	
1878	0.00244141	1878	0	
1879	0.00244141	1879	0	
1880	0.00244141	1880	0	
1881	0.00244141	1881	0	
1882	0.00244141	1882	0	
1883	0.00244141	1883	0	
1884	0.00244141	1884	0	
1885	0.00244141	1885	0	
1886	0.00244141	1886	0	
1887	0.00244141	1887	0	
1888	0.00244141	1888	0	
1889	0.00244141	1889	0	
1890	0.00244141	1890	0	
1891	0.00244141	1891	0	
1892	0.00244141	1892	0	
1893	0.00244141	1893	0	
1894	0.00244141	1894	0	
1895	0.00244141	1895	0	
1896	0.00244141	1896	0	
1897	0.00244141	1897	0	
1898	0.00244141	1898	0	
1899	0.00244141	1899	0	
1900	0.00244141	1900	0	
1901	0.00244141	1901	0	
1902	0.00244141	1902	0	
1903	0.00244141	1903	0	
1904	0.00244141	1904	0	
1905	0.00244141	1905	0	
1906	0.00244141	1906	0	
1907	0.00244141	1907	0	
1908	0.00244141	1908	0.00244141	
1909	0.00244141	1909	0	
1910	0.00244141	1910	0	
1911	0.00244141	1911	0	
1912	0.00244141	1912	0	
1913	0.00244141	1913	0	
1914	0.00244141	1914	0	
1915	0.00244141	1915	0	
1916	0.00244141	1916	0	
1917	0.00244141	1917	0	
1918	0.00244141	1918	0	
1919	0.00244141	1919	0	
1920	0.00244141	1920	0	
1921	0.00244141	1921	0	
1922	0.00244141	1922	0	
1923	0.00244141	1923	0	
1924	0.00244141	1924	0	
1925	0.00244141	1925	0	
1926	0.00244141	1926	0	
1927	0.00244141	1927	0	
1928	0.00244141	1928	0	
1929	0.00244141	1929	0	
1930	0.00244141	1930	0	
1931	0.00244141	1931	0	
1932	0.00244141	1932	0	
1933	0.00244141	1933	0	
1934	0.00244141	1934	0	
1935	0.00244141	1935	0	
1936	0.00244141	1936	0	
1937	0.00244141	1937	0	
1938	0.00244141	1938	0	
1939	0.00244141	1939	0	
1940	0.00244141	1940	0	
1941	0.00244141	1941	0	
1942	0.00244141	1942	0	
1943	0.00244141	1943	0	
1944	0.00244141	1944	0	
1945	0.00244141	1945	0	
1946	0.00244141	1946	0	
1947	0.00244141	1947	0	
1948	0.00244141	1948	0	
1949	0.00244141	1949	0	
1950	0.00244141	1950	0	
1951	0.00244141	1951	0	
1952	0.00244141	1952	0	
1953	0.00244141	1953	0	
1954	0.00244141	1954	0	
1955	0.00244141	1955	0	
1956	0.00244141	1956	0	
1957	0.00244141	1957	0	
1958	0.00244141	1958	0	
1959	0.00244141	1959	0	
1960	0.00244141	1960	0	
1961	0.00244141	1961	0	
1962	0.00244141	1962	0	
1963	0.00244141	1963	0	
1964	0.00244141	1964	0	
1965	0.00244141	1965	0	
1966	0.00244141	1966	0	
1967	0.00244141	1967	0	
1968	0.00244141	1968	0	
1969	0.00244141	1969	0	
1970	0.00244141	1970	0	
1971	0.00244141	1971	0	
1972	0.00244141	1972	0	
1973	0.00244141	1973	0	
1974	0.00244141	1974	0	
1975	0.00244141	1975	0	
1976	0.00244141	1976	0	
1977	0.00244141	1977	0	
1978	0.00244141	1978	0	
1979	0.00244141	1979	0	
1980	0.00244141	1980	0	
1981	0.00244141	1981	0	
1982	0.00244141	1982	0	
1983	0.00244141	1983	0	
1984	0.00244141	1984	0	
1985	0.00244141	1985	0	
1986	0.00244141	1986	0	
1987	0.00244141	1987	0	
1988	0.00244141	1988	0	
1989	0.00244141	1989	0	
1990	0.00244141	1990	0.00244141	
1991	0.00244141	1991	0	
1992	0.00244141	1992	0	
1993	0.00244141	1993	0.00244141	
1994	0.00244141	1994	0	
1995	0.00244141	1995	0	
1996	0.00244141	1996	0	
1997	0.00244141	1997	0	
1998	0.00244141	1998	0	
1999	0.00244141	1999	0	
