Time - Plot 0	Amplitude - Plot 0	Time - Plot 1	Amplitude - Plot 1	
0	-0.00244141	0	-0.012207	
1	-0.00244141	1	-0.012207	
2	-0.00244141	2	-0.00976562	
3	-0.00244141	3	-0.012207	
4	0	4	-0.00732422	
5	-0.00244141	5	-0.00732422	
6	0	6	-0.012207	
7	4.99756	7	4.85596	
8	4.99756	8	4.85107	
9	4.99756	9	4.85107	
10	4.99756	10	4.85107	
11	4.99756	11	4.85107	
12	4.99756	12	4.85107	
13	4.99756	13	4.85352	
14	4.99756	14	4.84863	
15	4.99756	15	4.84863	
16	0	16	4.85107	
17	0	17	4.84863	
18	0	18	4.85107	
19	0	19	4.84863	
20	0	20	4.84863	
21	0	21	4.84863	
22	0	22	4.84863	
23	0	23	4.85107	
24	0	24	4.85107	
25	0	25	4.85107	
26	0	26	4.85107	
27	0	27	-0.012207	
28	-0.00244141	28	-0.012207	
29	-0.00244141	29	-0.00976562	
30	-0.00244141	30	-0.00976562	
31	0	31	-0.00976562	
32	-0.00244141	32	-0.00976562	
33	0	33	-0.00976562	
34	0	34	-0.012207	
35	0	35	-0.00976562	
36	-0.00244141	36	-0.00976562	
37	0	37	-0.00976562	
38	-0.00244141	38	-0.00976562	
39	0	39	-0.00976562	
40	0	40	-0.00976562	
41	0	41	-0.00976562	
42	-0.00244141	42	-0.00976562	
43	0	43	-0.00976562	
44	-0.00244141	44	-0.00976562	
45	-0.00244141	45	-0.00976562	
46	-0.00244141	46	-0.00976562	
47	4.99756	47	4.85352	
48	4.99756	48	4.85352	
49	4.99756	49	4.85107	
50	4.99756	50	4.85107	
51	4.99756	51	4.85107	
52	4.99756	52	4.85107	
53	4.99756	53	4.85107	
54	4.99756	54	4.85107	
55	4.99756	55	4.84863	
56	0	56	4.85107	
57	0	57	4.85107	
58	0	58	4.85352	
59	0	59	4.85107	
60	0	60	4.84863	
61	0	61	4.84863	
62	0	62	4.84863	
63	0	63	4.84863	
64	0	64	4.85107	
65	-0.00244141	65	4.84863	
66	-0.00244141	66	4.84863	
67	0	67	-0.00976562	
68	-0.00244141	68	-0.0146484	
69	0	69	-0.00976562	
70	-0.00244141	70	-0.00976562	
71	0	71	-0.00976562	
72	-0.00244141	72	-0.012207	
73	-0.00244141	73	-0.00976562	
74	-0.00244141	74	-0.012207	
75	-0.00244141	75	-0.00976562	
76	0	76	-0.00976562	
77	0	77	-0.00976562	
78	0	78	-0.00976562	
79	0	79	-0.00976562	
80	0	80	-0.00976562	
81	-0.00244141	81	-0.00976562	
82	-0.00244141	82	-0.012207	
83	-0.00244141	83	-0.012207	
84	-0.00244141	84	-0.012207	
85	0	85	-0.00976562	
86	-0.00244141	86	-0.00976562	
87	4.99756	87	4.85596	
88	4.99756	88	4.85352	
89	4.99756	89	4.85352	
90	4.99756	90	4.85107	
91	4.99756	91	4.85107	
92	4.99756	92	4.85107	
93	4.99756	93	4.85107	
94	4.99756	94	4.85352	
95	4.99756	95	4.85107	
96	0	96	4.85107	
97	0	97	4.85107	
98	0	98	4.85107	
99	0	99	4.85107	
100	-0.00244141	100	4.85107	
101	-0.00244141	101	4.85107	
102	-0.00244141	102	4.85107	
103	0	103	4.85107	
104	0	104	4.85107	
105	0	105	4.85107	
106	0	106	4.84863	
107	0	107	-0.00976562	
108	0	108	-0.012207	
109	0	109	-0.00976562	
110	-0.00244141	110	-0.00976562	
111	0	111	-0.00976562	
112	-0.00244141	112	-0.012207	
113	0	113	-0.012207	
114	0	114	-0.00976562	
115	0	115	-0.00976562	
116	-0.00244141	116	-0.00732422	
117	0	117	-0.012207	
118	-0.00244141	118	-0.00976562	
119	-0.00244141	119	-0.00976562	
120	-0.00244141	120	-0.00976562	
121	0	121	-0.00976562	
122	0	122	-0.012207	
123	0	123	-0.00976562	
124	-0.00244141	124	-0.012207	
125	0	125	-0.00976562	
126	0	126	-0.00976562	
127	4.99756	127	4.85596	
128	4.99756	128	4.85107	
129	4.99756	129	4.85107	
130	4.99756	130	4.85107	
131	4.99756	131	4.85107	
132	4.99756	132	4.85107	
133	4.99756	133	4.85107	
134	4.99756	134	4.85107	
135	4.99756	135	4.85352	
136	0	136	4.85107	
137	-0.00244141	137	4.84863	
138	0	138	4.84863	
139	0	139	4.85107	
140	0	140	4.84863	
141	0	141	4.85107	
142	0	142	4.84863	
143	0	143	4.84863	
144	0	144	4.85107	
145	0	145	4.84863	
146	-0.00244141	146	4.84863	
147	-0.00244141	147	-0.00976562	
148	-0.00244141	148	-0.00976562	
149	-0.00244141	149	-0.012207	
150	0	150	-0.012207	
151	0	151	-0.00976562	
152	0	152	-0.012207	
153	0	153	-0.012207	
154	-0.00244141	154	-0.012207	
155	-0.00244141	155	-0.012207	
156	-0.00244141	156	-0.012207	
157	0	157	-0.012207	
158	0	158	-0.00976562	
159	0	159	-0.00976562	
160	0	160	-0.012207	
161	0	161	-0.00976562	
162	0	162	-0.012207	
163	0	163	-0.012207	
164	-0.00244141	164	-0.012207	
165	-0.00244141	165	-0.00976562	
166	0	166	-0.00976562	
167	4.99756	167	4.85596	
168	4.99756	168	4.85352	
169	4.99756	169	4.85107	
170	4.99756	170	4.85352	
171	4.99756	171	4.85107	
172	4.99756	172	4.85107	
173	4.99756	173	4.84863	
174	4.99756	174	4.85107	
175	4.99756	175	4.85107	
176	0	176	4.85107	
177	0	177	4.85107	
178	0	178	4.85107	
179	0	179	4.84863	
180	0	180	4.85107	
181	0	181	4.85107	
182	0	182	4.84863	
183	0	183	4.85107	
184	0	184	4.85107	
185	0	185	4.84863	
186	0	186	4.84863	
187	0	187	-0.00976562	
188	0	188	-0.00976562	
189	0	189	-0.00976562	
190	0	190	-0.012207	
191	-0.00244141	191	-0.00976562	
192	-0.00244141	192	-0.012207	
193	-0.00244141	193	-0.012207	
194	0	194	-0.012207	
195	0	195	-0.00976562	
196	0	196	-0.00976562	
197	0	197	-0.012207	
198	0	198	-0.00976562	
199	-0.00244141	199	-0.012207	
