Time - Plot 0	Amplitude - Plot 0	Time - Plot 1	Amplitude - Plot 1	
0	-0.00244141	0	-0.00976562	
1	0	1	-0.012207	
2	-0.00244141	2	-0.012207	
3	-0.00244141	3	-0.012207	
4	-0.00244141	4	-0.00976562	
5	-0.00244141	5	-0.00976562	
6	0	6	-0.00976562	
7	0	7	-0.00976562	
8	-0.00244141	8	-0.012207	
9	0	9	-0.00976562	
10	-0.00244141	10	-0.012207	
11	-0.00244141	11	-0.00976562	
12	0	12	-0.012207	
13	0	13	-0.00976562	
14	0	14	-0.00976562	
15	0	15	-0.012207	
16	0	16	-0.00976562	
17	0	17	-0.012207	
18	-0.00244141	18	-0.012207	
19	4.99756	19	4.85352	
20	4.99756	20	4.85107	
21	4.99756	21	4.85107	
22	4.99756	22	4.84863	
23	4.99756	23	4.85107	
24	4.99756	24	4.85352	
25	4.99756	25	4.84863	
26	4.99756	26	4.85107	
27	4.99756	27	4.85107	
28	4.99756	28	4.85107	
29	0	29	4.85107	
30	0	30	4.84863	
31	-0.00244141	31	4.84863	
32	0	32	4.84863	
33	0	33	4.85107	
34	0	34	4.85107	
35	0	35	4.84863	
36	0	36	4.84863	
37	0	37	4.84863	
38	0	38	4.85107	
39	0	39	-0.00976562	
40	0	40	-0.00976562	
41	-0.00244141	41	-0.00976562	
42	0	42	-0.012207	
43	0	43	-0.012207	
44	-0.00244141	44	-0.012207	
45	0	45	-0.012207	
46	0	46	-0.012207	
47	-0.00244141	47	-0.00976562	
48	0	48	-0.00976562	
49	-0.00244141	49	-0.00976562	
50	0	50	-0.012207	
51	0	51	-0.00976562	
52	-0.00244141	52	-0.00976562	
53	0	53	-0.00976562	
54	0	54	-0.00976562	
55	-0.00244141	55	-0.012207	
56	-0.00244141	56	-0.00976562	
57	0	57	-0.012207	
58	0	58	-0.00976562	
59	4.99756	59	4.85352	
60	4.99756	60	4.85107	
61	4.99756	61	4.84863	
62	4.99756	62	4.85107	
63	4.99756	63	4.85107	
64	4.99756	64	4.85107	
65	4.99756	65	4.84863	
66	4.99756	66	4.85107	
67	4.99756	67	4.85107	
68	4.99756	68	4.84863	
69	0	69	4.84863	
70	0	70	4.85107	
71	0	71	4.85107	
72	0	72	4.85107	
73	-0.00244141	73	4.84863	
74	0	74	4.84863	
75	0	75	4.85107	
76	0	76	4.84863	
77	0	77	4.85107	
78	0	78	4.85107	
79	0	79	-0.012207	
80	-0.00244141	80	-0.012207	
81	0	81	-0.012207	
82	-0.00244141	82	-0.012207	
83	-0.00244141	83	-0.00976562	
84	-0.00244141	84	-0.012207	
85	0	85	-0.00976562	
86	-0.00244141	86	-0.012207	
87	0	87	-0.00976562	
88	-0.00244141	88	-0.00976562	
89	0	89	-0.00732422	
90	-0.00244141	90	-0.012207	
91	-0.00244141	91	-0.012207	
92	-0.00244141	92	-0.012207	
93	0	93	-0.00976562	
94	0	94	-0.00732422	
95	0	95	-0.012207	
96	-0.00244141	96	-0.012207	
97	0	97	-0.012207	
98	-0.00244141	98	-0.012207	
99	4.99756	99	4.85107	
100	4.99756	100	4.85107	
101	4.99756	101	4.85107	
102	4.99756	102	4.85107	
103	4.99756	103	4.84863	
104	4.99756	104	4.84863	
105	4.99756	105	4.84863	
106	4.99756	106	4.85107	
107	4.99756	107	4.85107	
108	4.99756	108	4.84619	
109	0	109	4.84863	
110	-0.00244141	110	4.85107	
111	0	111	4.84863	
112	0	112	4.84863	
113	0	113	4.85107	
114	0	114	4.84863	
115	0	115	4.85107	
116	0	116	4.84863	
117	0	117	4.85107	
118	0	118	4.85107	
119	0	119	-0.00976562	
120	-0.00244141	120	-0.00976562	
121	0	121	-0.00976562	
122	-0.00244141	122	-0.012207	
123	0	123	-0.012207	
124	0	124	-0.00976562	
125	0	125	-0.00976562	
126	-0.00244141	126	-0.00976562	
127	-0.00244141	127	-0.00976562	
128	-0.00244141	128	-0.012207	
129	-0.00244141	129	-0.012207	
130	-0.00244141	130	-0.00976562	
131	0	131	-0.00976562	
132	-0.00244141	132	-0.00976562	
133	0	133	-0.012207	
134	0	134	-0.012207	
135	0	135	-0.00976562	
136	-0.00244141	136	-0.012207	
137	-0.00244141	137	-0.012207	
138	0	138	-0.00976562	
139	4.99756	139	4.85352	
140	4.99756	140	4.84863	
141	4.99756	141	4.85107	
142	4.99756	142	4.84863	
143	4.99756	143	4.85107	
144	4.99756	144	4.85107	
145	4.99756	145	4.84863	
146	4.99756	146	4.85107	
147	4.99756	147	4.85107	
148	4.99756	148	4.85107	
149	0	149	4.85352	
150	0	150	4.84863	
151	0	151	4.85107	
152	0	152	4.85107	
153	0	153	4.84863	
154	0	154	4.85107	
155	0	155	4.84863	
156	0	156	4.84863	
157	0	157	4.85352	
158	0	158	4.85107	
159	0	159	-0.012207	
160	0	160	-0.012207	
161	0	161	-0.012207	
162	0	162	-0.012207	
163	0	163	-0.012207	
164	0	164	-0.012207	
165	-0.00244141	165	-0.00976562	
166	-0.00244141	166	-0.00976562	
167	0	167	-0.00976562	
168	0	168	-0.00976562	
169	0	169	-0.00976562	
170	0	170	-0.00976562	
171	0	171	-0.00976562	
172	-0.00244141	172	-0.00976562	
173	-0.00244141	173	-0.012207	
174	-0.00244141	174	-0.00976562	
175	-0.00244141	175	-0.00976562	
176	0	176	-0.00976562	
177	0	177	-0.012207	
178	0	178	-0.012207	
179	4.99756	179	4.85352	
180	4.99756	180	4.85107	
181	4.99756	181	4.85107	
182	4.99756	182	4.85107	
183	4.99756	183	4.85107	
184	4.99756	184	4.85107	
185	4.99756	185	4.85107	
186	4.99756	186	4.84863	
187	4.99756	187	4.85107	
188	4.99756	188	4.84863	
189	0	189	4.84863	
190	0	190	4.84863	
191	-0.00244141	191	4.85107	
192	0	192	4.85107	
193	0	193	4.85352	
194	0	194	4.85107	
195	0	195	4.85107	
196	0	196	4.84863	
197	0	197	4.84863	
198	0	198	4.85107	
199	0	199	-0.012207	
