numero campioni
 - Plot 0	frequenza - Plot 0	
476	9.9E-6	
477	9.9E-6	
478	9.9E-6	
479	9.9E-6	
480	9.9E-6	
481	9.9E-6	
482	9.9E-6	
483	9.9E-6	
484	9.95E-6	
485	9.95E-6	
486	9.9E-6	
487	9.95E-6	
488	9.95E-6	
489	9.95E-6	
490	9.9E-6	
491	9.95E-6	
492	9.95E-6	
493	9.95E-6	
494	9.95E-6	
495	9.95E-6	
496	9.95E-6	
497	9.95E-6	
498	9.95E-6	
499	9.95E-6	
500	9.9E-6	
501	9.9E-6	
502	9.9E-6	
503	9.9E-6	
504	9.9E-6	
505	9.9E-6	
506	9.9E-6	
507	9.9E-6	
508	9.9E-6	
509	9.9E-6	
510	9.9E-6	
511	9.9E-6	
512	9.9E-6	
513	9.9E-6	
514	9.9E-6	
515	9.9E-6	
516	9.9E-6	
517	9.9E-6	
518	9.9E-6	
519	9.9E-6	
520	9.9E-6	
521	9.9E-6	
522	9.9E-6	
523	9.9E-6	
524	9.9E-6	
525	9.9E-6	
526	9.9E-6	
527	9.9E-6	
528	9.9E-6	
529	9.9E-6	
530	9.9E-6	
531	9.9E-6	
532	9.9E-6	
533	9.9E-6	
534	9.9E-6	
535	9.9E-6	
536	9.9E-6	
537	9.9E-6	
538	9.9E-6	
539	9.9E-6	
540	9.9E-6	
541	9.9E-6	
542	9.9E-6	
543	9.9E-6	
544	9.9E-6	
545	9.9E-6	
546	9.9E-6	
547	9.9E-6	
548	9.9E-6	
549	9.9E-6	
550	9.9E-6	
551	9.9E-6	
552	9.9E-6	
553	9.9E-6	
554	9.9E-6	
555	9.9E-6	
556	9.9E-6	
557	9.9E-6	
558	9.9E-6	
559	9.9E-6	
560	9.9E-6	
561	9.9E-6	
562	9.9E-6	
563	9.9E-6	
564	9.9E-6	
565	9.9E-6	
566	9.9E-6	
567	9.9E-6	
568	9.9E-6	
569	9.9E-6	
570	9.9E-6	
571	9.9E-6	
572	9.9E-6	
573	9.9E-6	
574	9.9E-6	
575	9.9E-6	
576	9.9E-6	
577	9.9E-6	
578	9.9E-6	
579	9.9E-6	
580	9.9E-6	
581	9.9E-6	
582	9.9E-6	
583	9.9E-6	
584	9.9E-6	
585	9.9E-6	
586	9.9E-6	
587	9.9E-6	
588	9.9E-6	
589	9.9E-6	
590	9.9E-6	
591	9.9E-6	
592	9.9E-6	
593	9.9E-6	
594	9.9E-6	
595	9.9E-6	
596	9.9E-6	
597	9.9E-6	
598	9.9E-6	
599	9.9E-6	
600	9.9E-6	
601	9.9E-6	
602	9.9E-6	
603	9.9E-6	
604	9.9E-6	
605	9.9E-6	
606	9.9E-6	
607	9.9E-6	
608	9.9E-6	
609	9.9E-6	
610	9.9E-6	
611	9.9E-6	
612	9.9E-6	
613	9.9E-6	
614	9.9E-6	
615	9.9E-6	
616	9.9E-6	
617	9.9E-6	
618	9.9E-6	
619	9.9E-6	
620	9.9E-6	
621	9.9E-6	
622	9.9E-6	
623	9.9E-6	
624	9.9E-6	
625	9.9E-6	
626	9.9E-6	
627	9.9E-6	
628	9.9E-6	
629	9.9E-6	
630	9.9E-6	
631	9.9E-6	
632	9.9E-6	
633	9.9E-6	
634	9.9E-6	
635	9.9E-6	
636	9.9E-6	
637	9.9E-6	
638	9.9E-6	
639	9.9E-6	
640	9.9E-6	
641	9.9E-6	
642	9.9E-6	
643	9.9E-6	
644	9.9E-6	
645	9.9E-6	
646	9.9E-6	
647	9.9E-6	
648	9.9E-6	
649	9.9E-6	
650	9.9E-6	
651	9.9E-6	
652	9.9E-6	
653	9.9E-6	
654	9.9E-6	
655	9.9E-6	
656	9.9E-6	
657	9.9E-6	
658	9.9E-6	
659	9.9E-6	
660	9.9E-6	
661	9.9E-6	
662	9.9E-6	
663	9.9E-6	
664	9.9E-6	
665	9.9E-6	
666	9.9E-6	
667	9.9E-6	
668	9.9E-6	
669	9.9E-6	
670	9.9E-6	
671	9.9E-6	
672	9.9E-6	
673	9.9E-6	
674	9.9E-6	
675	9.9E-6	
676	9.9E-6	
677	9.9E-6	
678	9.9E-6	
679	9.9E-6	
680	9.9E-6	
681	9.9E-6	
682	9.9E-6	
683	9.9E-6	
684	9.9E-6	
685	9.9E-6	
686	9.9E-6	
687	9.9E-6	
688	9.9E-6	
689	9.9E-6	
690	9.9E-6	
691	9.9E-6	
692	9.9E-6	
693	9.9E-6	
694	9.9E-6	
695	9.9E-6	
696	9.9E-6	
697	9.9E-6	
698	9.9E-6	
699	9.9E-6	
700	9.9E-6	
701	9.9E-6	
702	9.9E-6	
703	9.9E-6	
704	9.9E-6	
705	9.9E-6	
706	9.9E-6	
707	9.9E-6	
708	9.9E-6	
709	9.9E-6	
710	9.9E-6	
711	9.9E-6	
712	9.9E-6	
713	9.9E-6	
714	9.9E-6	
715	9.9E-6	
716	9.9E-6	
717	9.9E-6	
718	9.9E-6	
719	9.9E-6	
720	9.9E-6	
721	9.9E-6	
722	9.9E-6	
723	9.9E-6	
724	9.9E-6	
725	9.9E-6	
726	9.9E-6	
727	9.9E-6	
728	9.9E-6	
729	9.9E-6	
730	9.9E-6	
731	9.9E-6	
732	9.9E-6	
733	9.9E-6	
734	9.9E-6	
735	9.9E-6	
736	9.9E-6	
737	9.9E-6	
738	9.9E-6	
739	9.9E-6	
740	9.9E-6	
741	9.9E-6	
742	9.9E-6	
743	9.9E-6	
744	9.9E-6	
745	9.9E-6	
746	9.9E-6	
747	9.9E-6	
748	9.9E-6	
749	9.9E-6	
750	9.85E-6	
751	9.9E-6	
752	9.9E-6	
753	9.9E-6	
754	9.9E-6	
755	9.9E-6	
756	9.9E-6	
757	9.9E-6	
758	9.9E-6	
759	9.9E-6	
760	9.9E-6	
761	9.9E-6	
762	9.9E-6	
763	9.9E-6	
764	9.9E-6	
765	9.9E-6	
766	9.9E-6	
767	9.9E-6	
768	9.9E-6	
769	9.9E-6	
770	9.9E-6	
771	9.9E-6	
772	9.9E-6	
773	9.9E-6	
774	9.9E-6	
775	9.9E-6	
776	9.9E-6	
777	9.9E-6	
778	9.9E-6	
779	9.9E-6	
780	9.9E-6	
781	9.9E-6	
782	9.9E-6	
783	9.9E-6	
784	9.9E-6	
785	9.9E-6	
786	9.9E-6	
787	9.9E-6	
788	9.9E-6	
789	9.9E-6	
790	9.9E-6	
791	9.9E-6	
792	9.9E-6	
793	9.9E-6	
794	9.9E-6	
795	9.9E-6	
796	9.9E-6	
797	9.9E-6	
798	9.9E-6	
799	9.95E-6	
800	9.9E-6	
801	9.9E-6	
802	9.9E-6	
803	9.9E-6	
804	9.9E-6	
805	9.9E-6	
806	9.9E-6	
807	9.9E-6	
808	9.9E-6	
809	9.9E-6	
810	9.9E-6	
811	9.9E-6	
812	9.9E-6	
813	9.9E-6	
814	9.9E-6	
815	9.9E-6	
816	9.9E-6	
817	9.9E-6	
818	9.9E-6	
819	9.9E-6	
820	9.9E-6	
821	9.9E-6	
822	9.9E-6	
823	9.9E-6	
824	9.9E-6	
825	9.9E-6	
826	9.9E-6	
827	9.9E-6	
828	9.9E-6	
829	9.9E-6	
830	9.9E-6	
831	9.9E-6	
832	9.9E-6	
833	9.9E-6	
834	9.9E-6	
835	9.9E-6	
836	9.9E-6	
837	9.9E-6	
838	9.9E-6	
839	9.9E-6	
840	9.9E-6	
841	9.9E-6	
842	9.9E-6	
843	9.9E-6	
844	9.9E-6	
845	9.9E-6	
846	9.9E-6	
847	9.9E-6	
848	9.9E-6	
849	9.9E-6	
850	9.9E-6	
851	9.9E-6	
852	9.9E-6	
853	9.9E-6	
854	9.9E-6	
855	9.9E-6	
856	9.9E-6	
857	9.9E-6	
858	9.9E-6	
859	9.9E-6	
860	9.9E-6	
861	9.9E-6	
862	9.9E-6	
863	9.9E-6	
864	9.9E-6	
865	9.9E-6	
866	9.9E-6	
867	9.9E-6	
868	9.9E-6	
869	9.9E-6	
870	9.9E-6	
871	9.9E-6	
872	9.9E-6	
873	9.9E-6	
874	9.9E-6	
875	9.9E-6	
876	9.9E-6	
877	9.9E-6	
878	9.9E-6	
879	9.9E-6	
880	9.9E-6	
881	9.9E-6	
882	9.9E-6	
883	9.9E-6	
884	9.9E-6	
885	9.9E-6	
886	9.9E-6	
887	9.9E-6	
888	9.9E-6	
889	9.9E-6	
890	9.9E-6	
891	9.9E-6	
892	9.9E-6	
893	9.9E-6	
894	9.9E-6	
895	9.9E-6	
896	9.9E-6	
897	9.9E-6	
898	9.9E-6	
899	9.9E-6	
900	9.9E-6	
901	9.9E-6	
902	9.9E-6	
903	9.9E-6	
904	9.9E-6	
905	9.9E-6	
906	9.9E-6	
907	9.9E-6	
908	9.9E-6	
909	9.9E-6	
910	9.9E-6	
911	9.9E-6	
912	9.9E-6	
913	9.9E-6	
914	9.9E-6	
915	9.9E-6	
916	9.9E-6	
917	9.9E-6	
918	9.9E-6	
919	9.9E-6	
920	9.9E-6	
921	9.9E-6	
922	9.9E-6	
923	9.9E-6	
924	9.9E-6	
925	9.9E-6	
926	9.9E-6	
927	9.9E-6	
928	9.9E-6	
929	9.9E-6	
930	9.9E-6	
931	9.9E-6	
932	9.9E-6	
933	9.9E-6	
934	9.9E-6	
935	9.9E-6	
936	9.9E-6	
937	9.9E-6	
938	9.9E-6	
939	9.9E-6	
940	9.9E-6	
941	9.9E-6	
942	9.9E-6	
943	9.9E-6	
944	9.9E-6	
945	9.9E-6	
946	9.9E-6	
947	9.9E-6	
948	9.9E-6	
949	9.9E-6	
950	9.9E-6	
951	9.9E-6	
952	9.9E-6	
953	9.9E-6	
954	9.9E-6	
955	9.9E-6	
956	9.9E-6	
957	9.9E-6	
958	9.9E-6	
959	9.9E-6	
960	9.9E-6	
961	9.9E-6	
962	9.9E-6	
963	9.9E-6	
964	9.9E-6	
965	9.9E-6	
966	9.9E-6	
967	9.9E-6	
968	9.9E-6	
969	9.9E-6	
970	9.9E-6	
971	9.9E-6	
972	9.9E-6	
973	9.9E-6	
974	9.9E-6	
975	9.9E-6	
976	9.9E-6	
977	9.9E-6	
978	9.9E-6	
979	9.9E-6	
980	9.9E-6	
981	9.9E-6	
982	9.9E-6	
983	9.9E-6	
984	9.9E-6	
985	9.9E-6	
986	9.9E-6	
987	9.9E-6	
988	9.9E-6	
989	9.9E-6	
990	9.9E-6	
991	9.9E-6	
992	9.9E-6	
993	9.9E-6	
994	9.9E-6	
995	9.9E-6	
996	9.9E-6	
997	9.9E-6	
998	9.9E-6	
999	9.9E-6	
1000	9.9E-6	
1001	9.9E-6	
1002	9.9E-6	
1003	9.9E-6	
1004	9.9E-6	
1005	9.9E-6	
1006	9.9E-6	
1007	9.9E-6	
1008	9.9E-6	
1009	9.9E-6	
1010	9.9E-6	
1011	9.9E-6	
1012	9.9E-6	
1013	9.9E-6	
1014	9.9E-6	
1015	9.9E-6	
1016	9.9E-6	
1017	9.9E-6	
1018	9.9E-6	
1019	9.9E-6	
1020	9.9E-6	
1021	9.9E-6	
1022	9.9E-6	
1023	9.9E-6	
1024	9.9E-6	
1025	9.9E-6	
1026	9.9E-6	
1027	9.9E-6	
1028	9.9E-6	
1029	9.9E-6	
1030	9.9E-6	
1031	9.9E-6	
1032	9.9E-6	
1033	9.9E-6	
1034	9.9E-6	
1035	9.9E-6	
1036	9.9E-6	
1037	9.9E-6	
1038	9.9E-6	
1039	9.9E-6	
1040	9.9E-6	
1041	9.9E-6	
1042	9.9E-6	
1043	9.9E-6	
1044	9.9E-6	
1045	9.9E-6	
1046	9.9E-6	
1047	9.9E-6	
1048	9.9E-6	
1049	9.9E-6	
1050	9.9E-6	
1051	9.9E-6	
1052	9.9E-6	
1053	9.9E-6	
1054	9.9E-6	
1055	9.9E-6	
1056	9.9E-6	
1057	9.9E-6	
1058	9.9E-6	
1059	9.9E-6	
1060	9.9E-6	
1061	9.9E-6	
1062	9.9E-6	
1063	9.9E-6	
1064	9.9E-6	
1065	9.9E-6	
1066	9.9E-6	
1067	9.9E-6	
1068	9.9E-6	
1069	9.9E-6	
1070	9.9E-6	
1071	9.9E-6	
1072	9.9E-6	
1073	9.9E-6	
1074	9.9E-6	
1075	9.9E-6	
1076	9.9E-6	
1077	9.9E-6	
1078	9.9E-6	
1079	9.9E-6	
1080	9.9E-6	
1081	9.9E-6	
1082	9.9E-6	
1083	9.9E-6	
1084	9.9E-6	
1085	9.9E-6	
1086	9.9E-6	
1087	9.9E-6	
1088	9.9E-6	
1089	9.9E-6	
1090	9.9E-6	
1091	9.9E-6	
1092	9.9E-6	
1093	9.9E-6	
1094	9.9E-6	
1095	9.9E-6	
1096	9.9E-6	
1097	9.9E-6	
1098	9.9E-6	
1099	9.9E-6	
1100	9.9E-6	
1101	9.9E-6	
1102	9.9E-6	
1103	9.9E-6	
1104	9.9E-6	
1105	9.9E-6	
1106	9.95E-6	
1107	9.95E-6	
1108	9.95E-6	
1109	9.95E-6	
1110	9.95E-6	
1111	9.95E-6	
1112	9.95E-6	
1113	9.95E-6	
1114	9.95E-6	
1115	9.95E-6	
1116	9.95E-6	
1117	9.95E-6	
1118	9.95E-6	
1119	9.95E-6	
1120	9.95E-6	
1121	9.95E-6	
1122	9.95E-6	
1123	9.95E-6	
1124	9.95E-6	
1125	9.95E-6	
1126	9.9E-6	
1127	9.9E-6	
1128	9.9E-6	
1129	9.9E-6	
1130	9.9E-6	
1131	9.9E-6	
1132	9.9E-6	
1133	9.9E-6	
1134	9.9E-6	
1135	9.9E-6	
1136	9.9E-6	
1137	9.9E-6	
1138	9.95E-6	
1139	9.9E-6	
1140	9.9E-6	
1141	9.9E-6	
1142	9.9E-6	
1143	9.9E-6	
1144	9.9E-6	
1145	9.9E-6	
1146	9.9E-6	
1147	9.9E-6	
1148	9.9E-6	
1149	9.9E-6	
1150	9.9E-6	
1151	9.9E-6	
1152	9.9E-6	
1153	9.9E-6	
1154	9.9E-6	
1155	9.9E-6	
1156	9.9E-6	
1157	9.9E-6	
1158	9.9E-6	
1159	9.9E-6	
1160	9.9E-6	
1161	9.9E-6	
1162	9.9E-6	
1163	9.9E-6	
1164	9.9E-6	
1165	9.9E-6	
1166	9.95E-6	
1167	9.95E-6	
1168	9.9E-6	
1169	9.9E-6	
1170	9.9E-6	
1171	9.9E-6	
1172	9.9E-6	
1173	9.9E-6	
1174	9.9E-6	
1175	9.9E-6	
1176	9.9E-6	
1177	9.9E-6	
1178	9.9E-6	
1179	9.9E-6	
1180	9.9E-6	
1181	9.9E-6	
1182	9.9E-6	
1183	9.9E-6	
1184	9.9E-6	
1185	9.9E-6	
1186	9.9E-6	
1187	9.9E-6	
1188	9.9E-6	
1189	9.9E-6	
1190	9.9E-6	
1191	9.9E-6	
1192	9.9E-6	
1193	9.9E-6	
1194	9.9E-6	
1195	9.9E-6	
1196	9.9E-6	
1197	9.9E-6	
1198	9.9E-6	
1199	9.9E-6	
1200	9.9E-6	
1201	9.9E-6	
1202	9.9E-6	
1203	9.9E-6	
1204	9.9E-6	
1205	9.9E-6	
1206	9.9E-6	
1207	9.9E-6	
1208	9.9E-6	
1209	9.9E-6	
1210	9.9E-6	
1211	9.9E-6	
1212	9.9E-6	
1213	9.9E-6	
1214	9.9E-6	
1215	9.9E-6	
1216	9.9E-6	
1217	9.9E-6	
1218	9.9E-6	
1219	9.9E-6	
1220	9.9E-6	
1221	9.9E-6	
1222	9.9E-6	
1223	9.9E-6	
1224	9.9E-6	
1225	9.9E-6	
1226	9.9E-6	
1227	9.9E-6	
1228	9.9E-6	
1229	9.9E-6	
1230	9.9E-6	
1231	9.9E-6	
1232	9.9E-6	
1233	9.9E-6	
1234	9.9E-6	
1235	9.9E-6	
1236	9.9E-6	
1237	9.9E-6	
1238	9.9E-6	
1239	9.9E-6	
1240	9.9E-6	
1241	9.9E-6	
1242	9.9E-6	
1243	9.9E-6	
1244	9.9E-6	
1245	9.9E-6	
1246	9.9E-6	
1247	9.9E-6	
1248	9.9E-6	
1249	9.9E-6	
1250	9.9E-6	
1251	9.9E-6	
1252	9.9E-6	
1253	9.9E-6	
1254	9.9E-6	
1255	9.9E-6	
1256	9.9E-6	
1257	9.9E-6	
1258	9.9E-6	
1259	9.9E-6	
1260	9.9E-6	
1261	9.9E-6	
1262	9.9E-6	
1263	9.9E-6	
1264	9.9E-6	
1265	9.9E-6	
1266	9.9E-6	
1267	9.9E-6	
1268	9.9E-6	
1269	9.9E-6	
1270	9.9E-6	
1271	9.9E-6	
1272	9.9E-6	
1273	9.9E-6	
1274	9.9E-6	
1275	9.9E-6	
1276	9.9E-6	
1277	9.9E-6	
1278	9.9E-6	
1279	9.9E-6	
1280	9.9E-6	
1281	9.9E-6	
1282	9.9E-6	
1283	9.9E-6	
1284	9.9E-6	
1285	9.9E-6	
1286	9.9E-6	
1287	9.9E-6	
1288	9.9E-6	
1289	9.9E-6	
1290	9.9E-6	
1291	9.9E-6	
1292	9.9E-6	
1293	9.9E-6	
1294	9.9E-6	
1295	9.9E-6	
1296	9.9E-6	
1297	9.9E-6	
1298	9.9E-6	
1299	9.9E-6	
1300	5E-6	
1301	5E-6	
1302	5E-6	
1303	5E-6	
1304	5E-6	
1305	5E-6	
1306	5E-6	
1307	5E-6	
1308	5E-6	
1309	5E-6	
1310	5E-6	
1311	5E-6	
1312	5E-6	
1313	5E-6	
1314	5E-6	
1315	5E-6	
1316	5E-6	
1317	5E-6	
1318	5E-6	
1319	5E-6	
1320	5E-6	
1321	5E-6	
1322	5E-6	
1323	5E-6	
1324	5E-6	
1325	5E-6	
1326	5E-6	
1327	5E-6	
1328	5E-6	
1329	5E-6	
1330	5E-6	
1331	5E-6	
1332	5E-6	
1333	5E-6	
1334	5E-6	
1335	5E-6	
1336	5E-6	
1337	5E-6	
1338	5E-6	
1339	5E-6	
1340	5E-6	
1341	5E-6	
1342	5E-6	
1343	5E-6	
1344	5E-6	
1345	5E-6	
1346	5E-6	
1347	5E-6	
1348	5E-6	
1349	5E-6	
1350	5E-6	
1351	5E-6	
1352	5E-6	
1353	5E-6	
1354	5E-6	
1355	5E-6	
1356	5E-6	
1357	5E-6	
1358	5E-6	
1359	5E-6	
1360	5E-6	
1361	5E-6	
1362	5E-6	
1363	5E-6	
1364	5E-6	
1365	5E-6	
1366	5E-6	
1367	5E-6	
1368	5E-6	
1369	5E-6	
1370	5E-6	
1371	5E-6	
1372	5E-6	
1373	5E-6	
1374	5E-6	
1375	5E-6	
1376	5E-6	
1377	5E-6	
1378	5E-6	
1379	5E-6	
1380	5E-6	
1381	5E-6	
1382	5E-6	
1383	5E-6	
1384	5E-6	
1385	5E-6	
1386	5E-6	
1387	5E-6	
1388	5E-6	
1389	5E-6	
1390	5E-6	
1391	5E-6	
1392	5E-6	
1393	5E-6	
1394	5E-6	
1395	5E-6	
1396	5E-6	
1397	5E-6	
1398	5E-6	
1399	5E-6	
1400	9.9E-6	
1401	9.9E-6	
1402	9.9E-6	
1403	9.9E-6	
1404	9.9E-6	
1405	9.9E-6	
1406	9.9E-6	
1407	9.9E-6	
1408	9.9E-6	
1409	9.9E-6	
1410	9.9E-6	
1411	9.9E-6	
1412	9.9E-6	
1413	9.9E-6	
1414	9.9E-6	
1415	9.9E-6	
1416	9.9E-6	
1417	9.9E-6	
1418	9.9E-6	
1419	9.9E-6	
1420	9.9E-6	
1421	9.9E-6	
1422	9.9E-6	
1423	9.9E-6	
1424	9.9E-6	
1425	9.9E-6	
1426	9.9E-6	
1427	9.9E-6	
1428	9.9E-6	
1429	9.9E-6	
1430	9.9E-6	
1431	9.9E-6	
1432	9.9E-6	
1433	9.9E-6	
1434	9.9E-6	
1435	9.9E-6	
1436	9.9E-6	
1437	9.9E-6	
1438	9.9E-6	
1439	9.9E-6	
1440	9.9E-6	
1441	9.9E-6	
1442	9.9E-6	
1443	9.9E-6	
1444	9.9E-6	
1445	9.9E-6	
1446	9.9E-6	
1447	9.9E-6	
1448	9.9E-6	
1449	9.9E-6	
1450	9.9E-6	
1451	9.9E-6	
1452	9.9E-6	
1453	9.9E-6	
1454	9.9E-6	
1455	9.9E-6	
1456	9.9E-6	
1457	9.9E-6	
1458	9.9E-6	
1459	9.9E-6	
1460	9.9E-6	
1461	9.9E-6	
1462	9.9E-6	
1463	9.9E-6	
1464	9.9E-6	
1465	9.9E-6	
1466	9.9E-6	
1467	9.9E-6	
1468	9.9E-6	
1469	9.9E-6	
1470	9.9E-6	
1471	9.9E-6	
1472	9.9E-6	
1473	9.9E-6	
1474	9.9E-6	
1475	9.9E-6	
1476	9.9E-6	
1477	9.9E-6	
1478	9.9E-6	
1479	9.9E-6	
1480	9.9E-6	
1481	9.9E-6	
1482	9.9E-6	
1483	9.9E-6	
1484	9.9E-6	
1485	9.9E-6	
1486	9.9E-6	
1487	9.9E-6	
1488	9.9E-6	
1489	9.9E-6	
1490	9.9E-6	
1491	9.9E-6	
1492	9.9E-6	
1493	9.9E-6	
1494	9.9E-6	
1495	9.9E-6	
1496	9.9E-6	
1497	9.9E-6	
1498	9.9E-6	
