12200	4.99756	12200	4.99756	
12201	4.99756	12201	4.99756	
12202	4.99756	12202	4.99756	
12203	4.99756	12203	4.99756	
12204	4.99756	12204	4.99756	
12205	4.99756	12205	4.99756	
12206	4.99756	12206	4.99756	
12207	4.99756	12207	4.99756	
12208	4.99756	12208	4.99756	
12209	4.99756	12209	4.99756	
12210	4.99756	12210	4.99756	
12211	4.99756	12211	4.99756	
12212	4.99756	12212	4.99756	
12213	4.99756	12213	4.99756	
12214	4.99756	12214	4.99756	
12215	4.99756	12215	4.99756	
12216	4.99756	12216	4.99756	
12217	4.99756	12217	4.99756	
12218	4.99756	12218	4.99756	
12219	4.99756	12219	4.99756	
12220	4.99756	12220	4.99756	
12221	4.99756	12221	4.99756	
12222	4.99756	12222	4.99756	
12223	4.99756	12223	4.99756	
12224	4.99756	12224	4.99756	
12225	4.99756	12225	4.99756	
12226	4.99756	12226	4.99756	
12227	4.99756	12227	4.99756	
12228	4.99756	12228	4.99756	
12229	4.99756	12229	4.99756	
12230	4.99756	12230	4.99756	
12231	4.99756	12231	4.99756	
12232	4.99756	12232	4.99756	
12233	4.99756	12233	4.99756	
12234	0.00244141	12234	0	
12235	0.00244141	12235	0	
12236	0.00244141	12236	0.00244141	
12237	0.00244141	12237	0	
12238	0.00244141	12238	0	
12239	0.00244141	12239	0	
12240	0.00244141	12240	0	
12241	0.00244141	12241	0	
12242	0.00244141	12242	0	
12243	0.00244141	12243	0	
12244	0.00244141	12244	0	
12245	0.00244141	12245	0	
12246	0.00244141	12246	0	
12247	0.00244141	12247	0	
12248	0.00244141	12248	0	
12249	0.00244141	12249	0	
12250	0.00244141	12250	0	
12251	0.00244141	12251	0	
12252	0.00244141	12252	0	
12253	0.00244141	12253	0	
12254	0.00244141	12254	0	
12255	0.00244141	12255	0	
12256	0.00244141	12256	0	
12257	0.00244141	12257	0	
12258	0.00244141	12258	0	
12259	0.00244141	12259	0	
12260	0.00244141	12260	0	
12261	0.00244141	12261	0	
12262	0.00244141	12262	0	
12263	0.00244141	12263	0	
12264	0.00244141	12264	0	
12265	0.00244141	12265	0	
12266	0.00244141	12266	0	
12267	0.00244141	12267	0	
12268	0.00244141	12268	0	
12269	0.00244141	12269	0	
12270	0.00244141	12270	0	
12271	0.00244141	12271	0	
12272	0.00244141	12272	0	
12273	0.00244141	12273	0	
12274	0.00244141	12274	0	
12275	0.00244141	12275	0	
12276	0.00244141	12276	0	
12277	0.00244141	12277	0	
12278	0.00244141	12278	0	
12279	0.00244141	12279	0	
12280	0.00244141	12280	0.00244141	
12281	0.00244141	12281	0	
12282	0.00244141	12282	0	
12283	0.00244141	12283	0	
12284	0.00244141	12284	0	
12285	0.00244141	12285	0	
12286	0.00244141	12286	0	
12287	0.00244141	12287	0	
12288	0.00244141	12288	0	
12289	0.00244141	12289	0	
12290	0.00244141	12290	0	
12291	0.00244141	12291	0	
12292	0.00244141	12292	0	
12293	0.00244141	12293	0	
12294	0.00244141	12294	0	
12295	0.00244141	12295	0	
12296	0.00244141	12296	0	
12297	0.00244141	12297	0	
12298	0.00244141	12298	0	
12299	0.00244141	12299	0	
12300	0.00244141	12300	0	
12301	0.00244141	12301	0	
12302	0.00244141	12302	0	
12303	0.00244141	12303	0	
12304	0.00244141	12304	0	
12305	0.00244141	12305	0	
12306	0.00244141	12306	0	
12307	0.00244141	12307	0	
12308	0.00244141	12308	0	
12309	0.00244141	12309	0	
12310	0.00244141	12310	0	
12311	0.00244141	12311	0	
12312	0.00244141	12312	0	
12313	0.00244141	12313	0	
12314	0.00244141	12314	0	
12315	0.00244141	12315	0	
12316	0.00244141	12316	0	
12317	0.00244141	12317	0	
12318	0.00244141	12318	0	
12319	0.00244141	12319	0	
12320	0.00244141	12320	0	
12321	0.00244141	12321	0	
12322	0.00244141	12322	0	
12323	0.00244141	12323	0	
12324	0.00244141	12324	0	
12325	0.00244141	12325	0	
12326	0.00244141	12326	0	
12327	0.00244141	12327	0	
12328	0.00244141	12328	0	
12329	0.00244141	12329	0	
12330	0.00244141	12330	0	
12331	0.00244141	12331	0	
12332	0.00244141	12332	0	
12333	0.00244141	12333	0	
12334	0.00244141	12334	0	
12335	0.00244141	12335	0	
12336	0.00244141	12336	0	
12337	0.00244141	12337	0	
12338	0.00244141	12338	0	
12339	0.00244141	12339	0	
12340	0.00244141	12340	0.00244141	
12341	0.00244141	12341	0	
12342	0.00244141	12342	0	
12343	0.00244141	12343	0	
12344	0.00244141	12344	0	
12345	0.00244141	12345	0.00244141	
12346	0.00244141	12346	0	
12347	0.00244141	12347	0	
12348	0.00244141	12348	0	
12349	0.00244141	12349	0	
12350	0.00244141	12350	0	
12351	0.00244141	12351	0	
12352	0.00244141	12352	0	
12353	0.00244141	12353	0	
12354	0.00244141	12354	0	
12355	0.00244141	12355	0	
12356	0.00244141	12356	0	
12357	0.00244141	12357	0	
12358	0.00244141	12358	0	
12359	0.00244141	12359	0	
12360	0.00244141	12360	0	
12361	0.00244141	12361	0	
12362	0.00244141	12362	0	
12363	0.00244141	12363	0	
12364	0.00244141	12364	0	
12365	0.00244141	12365	0	
12366	0.00244141	12366	0	
12367	0.00244141	12367	0	
12368	0.00244141	12368	0	
12369	0.00244141	12369	0	
12370	0.00244141	12370	0	
12371	0.00244141	12371	0	
12372	0.00244141	12372	0	
12373	0.00244141	12373	0	
12374	0.00244141	12374	0	
12375	0.00244141	12375	0	
12376	0.00244141	12376	0	
12377	0.00244141	12377	0	
12378	0.00244141	12378	0	
12379	0.00244141	12379	0	
12380	0.00244141	12380	0	
12381	0.00244141	12381	0	
12382	0.00244141	12382	0	
12383	0.00244141	12383	0	
12384	0.00244141	12384	0.00244141	
12385	0.00244141	12385	0	
12386	0.00244141	12386	0	
12387	0.00244141	12387	0	
12388	0.00244141	12388	0	
12389	0.00244141	12389	0	
12390	0.00244141	12390	0	
12391	0.00244141	12391	0	
12392	0.00244141	12392	0	
12393	0.00244141	12393	0	
12394	0.00244141	12394	0	
12395	0.00244141	12395	0	
12396	0.00244141	12396	0	
12397	0.00244141	12397	0	
12398	0.00244141	12398	0	
12399	0.00244141	12399	0	
12400	0.00244141	12400	0	
12401	0.00244141	12401	0	
12402	0.00244141	12402	0	
12403	0.00244141	12403	0	
12404	0.00244141	12404	0	
12405	0.00244141	12405	0	
12406	0.00244141	12406	0	
12407	0.00244141	12407	0	
12408	0.00244141	12408	0	
12409	0.00244141	12409	0	
12410	0.00244141	12410	0	
12411	0.00244141	12411	0	
12412	0.00244141	12412	0	
12413	0.00244141	12413	0	
12414	0.00244141	12414	0	
12415	0.00244141	12415	0	
12416	0.00244141	12416	0	
12417	0.00244141	12417	0	
12418	0.00244141	12418	0	
12419	0.00244141	12419	0	
12420	0.00244141	12420	0	
12421	0.00244141	12421	0	
12422	0.00244141	12422	0	
12423	0.00244141	12423	0	
12424	0.00244141	12424	0.00244141	
12425	0.00244141	12425	0	
12426	0.00244141	12426	0	
12427	0.00244141	12427	0	
12428	0.00244141	12428	0	
12429	0.00244141	12429	0	
12430	0.00244141	12430	0	
12431	0.00244141	12431	0	
12432	0.00244141	12432	0	
12433	0.00244141	12433	0	
12434	4.99756	12434	0	
12435	4.99756	12435	0	
12436	4.99756	12436	0	
12437	4.99756	12437	0	
12438	4.99756	12438	0	
12439	4.99756	12439	0	
12440	4.99756	12440	0	
12441	4.99756	12441	0	
12442	4.99756	12442	0	
12443	4.99756	12443	0	
12444	4.99756	12444	0	
12445	4.99756	12445	0	
12446	4.99756	12446	0	
12447	4.99756	12447	0	
12448	4.99756	12448	0	
12449	4.99756	12449	0	
12450	4.99756	12450	0	
12451	4.99756	12451	0	
12452	4.99756	12452	0	
12453	4.99756	12453	0	
12454	4.99756	12454	0	
12455	4.99756	12455	0	
12456	4.99756	12456	0	
12457	4.99756	12457	0	
12458	4.99756	12458	0	
12459	4.99756	12459	0	
12460	4.99756	12460	0	
12461	4.99756	12461	0	
12462	4.99756	12462	0	
12463	4.99756	12463	0	
12464	4.99756	12464	0	
12465	4.99756	12465	0	
12466	4.99756	12466	0	
12467	4.99756	12467	0	
12468	4.99756	12468	0	
12469	4.99756	12469	0	
12470	4.99756	12470	0	
12471	4.99756	12471	0	
12472	4.99756	12472	0	
12473	4.99756	12473	0	
12474	4.99756	12474	0	
12475	4.99756	12475	0	
12476	4.99756	12476	0	
12477	4.99756	12477	0	
12478	4.99756	12478	0	
12479	4.99756	12479	0	
12480	4.99756	12480	0	
12481	4.99756	12481	0	
12482	4.99756	12482	0	
12483	4.99756	12483	0	
12484	4.99756	12484	0	
12485	4.99756	12485	0	
12486	4.99756	12486	0	
12487	4.99756	12487	0	
12488	4.99756	12488	0	
12489	4.99756	12489	0	
12490	4.99756	12490	0	
12491	4.99756	12491	0	
12492	4.99756	12492	0	
12493	4.99756	12493	0	
12494	4.99756	12494	0	
12495	4.99756	12495	0	
12496	4.99756	12496	0	
12497	4.99756	12497	0	
12498	4.99756	12498	0	
12499	4.99756	12499	0	
12500	4.99756	12500	0	
12501	4.99756	12501	0	
12502	4.99756	12502	0	
12503	4.99756	12503	0	
12504	4.99756	12504	0	
12505	4.99756	12505	0	
12506	4.99756	12506	0	
12507	4.99756	12507	0	
12508	4.99756	12508	0	
12509	4.99756	12509	0	
12510	4.99756	12510	0	
12511	4.99756	12511	0	
12512	4.99756	12512	0	
12513	4.99756	12513	0	
12514	4.99756	12514	0	
12515	4.99756	12515	0	
12516	4.99756	12516	0	
12517	4.99756	12517	0	
12518	4.99756	12518	0	
12519	4.99756	12519	0	
12520	4.99756	12520	0	
12521	4.99756	12521	0	
12522	4.99756	12522	0	
12523	4.99756	12523	0	
12524	4.99756	12524	0	
12525	4.99756	12525	0	
12526	4.99756	12526	0	
12527	4.99756	12527	0	
12528	4.99756	12528	0	
12529	4.99756	12529	0	
12530	4.99756	12530	0	
12531	4.99756	12531	0	
12532	4.99756	12532	0	
12533	4.99756	12533	0	
12534	4.99756	12534	0	
12535	4.99756	12535	0	
12536	4.99756	12536	0	
12537	4.99756	12537	0	
12538	4.99756	12538	0	
12539	4.99756	12539	0	
12540	4.99756	12540	0	
12541	4.99756	12541	0	
12542	4.99756	12542	0	
12543	4.99756	12543	0	
12544	4.99756	12544	0	
12545	4.99756	12545	0	
12546	4.99756	12546	0	
12547	4.99756	12547	0	
12548	4.99756	12548	0	
12549	4.99756	12549	0	
12550	4.99756	12550	0	
12551	4.99756	12551	0	
12552	4.99756	12552	0	
12553	4.99756	12553	0	
12554	4.99756	12554	0	
12555	4.99756	12555	0	
12556	4.99756	12556	0	
12557	4.99756	12557	0	
12558	4.99756	12558	0	
12559	4.99756	12559	0	
12560	4.99756	12560	0	
12561	4.99756	12561	0	
12562	4.99756	12562	0	
12563	4.99756	12563	0	
12564	4.99756	12564	0	
12565	4.99756	12565	0	
12566	4.99756	12566	0	
12567	4.99756	12567	0	
12568	4.99756	12568	0	
12569	4.99756	12569	0	
12570	4.99756	12570	0	
12571	4.99756	12571	0	
12572	4.99756	12572	0	
12573	4.99756	12573	0	
12574	4.99756	12574	0	
12575	4.99756	12575	0	
12576	4.99756	12576	0	
12577	4.99756	12577	0	
12578	4.99756	12578	0	
12579	4.99756	12579	0	
12580	4.99756	12580	0	
12581	4.99756	12581	0	
12582	4.99756	12582	0	
12583	4.99756	12583	0	
12584	4.99756	12584	0	
12585	4.99756	12585	0	
12586	4.99756	12586	0	
12587	4.99756	12587	0	
12588	4.99756	12588	0	
12589	4.99756	12589	0	
12590	4.99756	12590	0	
12591	4.99756	12591	0	
12592	4.99756	12592	0	
12593	4.99756	12593	0	
12594	4.99756	12594	0	
12595	4.99756	12595	0	
12596	4.99756	12596	0	
12597	4.99756	12597	0	
12598	4.99756	12598	0	
12599	4.99756	12599	0	
12600	4.99756	12600	0	
12601	4.99756	12601	0	
12602	4.99756	12602	0	
12603	4.99756	12603	0	
12604	4.99756	12604	0	
12605	4.99756	12605	0	
12606	4.99756	12606	0	
12607	4.99756	12607	0	
12608	4.99756	12608	0	
12609	4.99756	12609	0	
12610	4.99756	12610	0	
12611	4.99756	12611	0	
12612	4.99756	12612	0	
12613	4.99756	12613	0	
12614	4.99756	12614	0	
12615	4.99756	12615	0	
12616	4.99756	12616	0	
12617	4.99756	12617	0	
12618	4.99756	12618	0	
12619	4.99756	12619	0	
12620	4.99756	12620	0	
12621	4.99756	12621	0	
12622	4.99756	12622	0	
12623	4.99756	12623	0	
12624	4.99756	12624	0	
12625	4.99756	12625	0	
12626	4.99756	12626	0	
12627	4.99756	12627	0	
12628	4.99756	12628	0	
12629	4.99756	12629	0	
12630	4.99756	12630	0	
12631	4.99756	12631	0	
12632	4.99756	12632	0	
12633	4.99756	12633	0	
12634	4.99756	12634	0	
12635	4.99756	12635	0	
12636	4.99756	12636	0	
12637	4.99756	12637	0	
12638	4.99756	12638	0	
12639	4.99756	12639	0	
12640	4.99756	12640	0	
12641	4.99756	12641	0	
12642	4.99756	12642	0	
12643	4.99756	12643	0	
12644	4.99756	12644	0	
12645	4.99756	12645	0	
12646	4.99756	12646	0	
12647	4.99756	12647	0	
12648	4.99756	12648	0	
12649	4.99756	12649	0	
12650	4.99756	12650	0	
12651	4.99756	12651	0	
12652	4.99756	12652	0	
12653	4.99756	12653	0	
12654	4.99756	12654	0	
12655	4.99756	12655	0	
12656	4.99756	12656	0	
12657	4.99756	12657	0	
12658	4.99756	12658	0	
12659	4.99756	12659	0	
12660	4.99756	12660	0	
12661	4.99756	12661	0	
12662	4.99756	12662	0	
12663	4.99756	12663	0	
12664	4.99756	12664	0	
12665	4.99756	12665	0	
12666	4.99756	12666	0	
12667	4.99756	12667	0	
12668	4.99756	12668	0	
12669	4.99756	12669	0	
12670	4.99756	12670	0	
12671	4.99756	12671	0	
12672	4.99756	12672	0	
12673	4.99756	12673	0	
12674	4.99756	12674	0	
12675	4.99756	12675	0	
12676	4.99756	12676	0	
12677	4.99756	12677	0	
12678	4.99756	12678	0	
12679	4.99756	12679	0	
12680	4.99756	12680	0	
12681	4.99756	12681	0	
12682	4.99756	12682	0	
12683	4.99756	12683	0	
12684	4.99756	12684	0	
12685	4.99756	12685	0	
12686	4.99756	12686	0	
12687	4.99756	12687	0	
12688	4.99756	12688	0	
12689	4.99756	12689	0	
12690	4.99756	12690	0	
12691	4.99756	12691	0	
12692	4.99756	12692	0	
12693	4.99756	12693	0	
12694	4.99756	12694	0	
12695	4.99756	12695	0	
12696	4.99756	12696	0	
12697	4.99756	12697	0	
12698	4.99756	12698	0	
12699	4.99756	12699	0	
12700	4.99756	12700	0	
12701	4.99756	12701	0	
12702	4.99756	12702	0	
12703	4.99756	12703	0	
12704	4.99756	12704	0	
12705	4.99756	12705	0	
12706	4.99756	12706	0	
12707	4.99756	12707	0	
12708	4.99756	12708	0	
12709	4.99756	12709	0	
12710	4.99756	12710	0	
12711	4.99756	12711	0	
12712	4.99756	12712	0	
12713	4.99756	12713	0	
12714	4.99756	12714	0	
12715	4.99756	12715	0	
12716	4.99756	12716	0	
12717	4.99756	12717	0	
12718	4.99756	12718	0	
12719	4.99756	12719	0	
12720	4.99756	12720	0	
12721	4.99756	12721	0	
12722	4.99756	12722	0	
12723	4.99756	12723	0	
12724	4.99756	12724	0	
12725	4.99756	12725	0	
12726	4.99756	12726	0	
12727	4.99756	12727	0	
12728	4.99756	12728	0	
12729	4.99756	12729	0	
12730	4.99756	12730	0	
12731	4.99756	12731	0	
12732	4.99756	12732	0	
12733	4.99756	12733	0	
12734	4.99756	12734	0	
12735	4.99756	12735	0	
12736	4.99756	12736	0	
12737	4.99756	12737	0	
12738	4.99756	12738	0	
12739	4.99756	12739	0	
12740	4.99756	12740	0	
12741	4.99756	12741	0	
12742	4.99756	12742	0	
12743	4.99756	12743	0	
12744	4.99756	12744	0	
12745	4.99756	12745	0	
12746	4.99756	12746	0	
12747	4.99756	12747	0	
12748	4.99756	12748	0	
12749	4.99756	12749	0	
12750	4.99756	12750	0	
12751	4.99756	12751	0	
12752	4.99756	12752	0	
12753	4.99756	12753	0	
12754	4.99756	12754	0	
12755	4.99756	12755	0	
12756	4.99756	12756	0	
12757	4.99756	12757	0	
12758	4.99756	12758	0	
12759	4.99756	12759	0	
12760	4.99756	12760	0	
12761	4.99756	12761	0	
12762	4.99756	12762	0	
12763	4.99756	12763	0	
12764	4.99756	12764	0	
12765	4.99756	12765	0	
12766	4.99756	12766	0	
12767	4.99756	12767	0	
12768	4.99756	12768	0	
12769	4.99756	12769	0	
12770	4.99756	12770	0	
12771	4.99756	12771	0	
12772	4.99756	12772	0	
12773	4.99756	12773	0	
12774	4.99756	12774	0	
12775	4.99756	12775	0	
12776	4.99756	12776	0	
12777	4.99756	12777	0	
12778	4.99756	12778	0	
12779	4.99756	12779	0	
12780	4.99756	12780	0	
12781	4.99756	12781	0	
12782	4.99756	12782	0	
12783	4.99756	12783	0	
12784	4.99756	12784	0	
12785	4.99756	12785	0	
12786	4.99756	12786	0	
12787	4.99756	12787	0	
12788	4.99756	12788	0	
12789	4.99756	12789	0	
12790	4.99756	12790	0	
12791	4.99756	12791	0	
12792	4.99756	12792	0	
12793	4.99756	12793	0	
12794	4.99756	12794	0	
12795	4.99756	12795	0	
12796	4.99756	12796	0	
12797	4.99756	12797	0	
12798	4.99756	12798	0	
12799	4.99756	12799	0	
12800	4.99756	12800	0	
12801	4.99756	12801	0	
12802	4.99756	12802	0	
12803	4.99756	12803	0	
12804	4.99756	12804	0	
12805	4.99756	12805	0	
12806	4.99756	12806	0	
12807	4.99756	12807	0	
12808	4.99756	12808	0	
12809	4.99756	12809	0	
12810	4.99756	12810	0	
12811	4.99756	12811	0	
12812	4.99756	12812	0	
12813	4.99756	12813	0	
12814	4.99756	12814	0	
12815	4.99756	12815	0	
12816	4.99756	12816	0	
12817	4.99756	12817	0	
12818	4.99756	12818	0	
12819	4.99756	12819	0	
12820	4.99756	12820	0	
12821	4.99756	12821	0	
12822	4.99756	12822	0	
12823	4.99756	12823	0	
12824	4.99756	12824	0	
12825	4.99756	12825	0	
12826	4.99756	12826	0	
12827	4.99756	12827	0	
12828	4.99756	12828	0	
12829	4.99756	12829	0	
12830	4.99756	12830	0	
12831	4.99756	12831	0	
12832	4.99756	12832	0	
12833	4.99756	12833	0	
12834	4.99756	12834	0	
12835	4.99756	12835	0	
12836	4.99756	12836	0	
12837	4.99756	12837	0	
12838	4.99756	12838	0	
12839	4.99756	12839	0	
12840	4.99756	12840	0	
12841	4.99756	12841	0	
12842	4.99756	12842	0	
12843	4.99756	12843	0	
12844	4.99756	12844	0	
12845	4.99756	12845	0	
12846	4.99756	12846	0	
12847	4.99756	12847	0	
12848	4.99756	12848	0	
12849	4.99756	12849	0	
12850	4.99756	12850	0	
12851	4.99756	12851	0	
12852	4.99756	12852	0	
12853	4.99756	12853	0	
12854	4.99756	12854	0	
12855	4.99756	12855	0	
12856	4.99756	12856	0	
12857	4.99756	12857	0	
12858	4.99756	12858	0	
12859	4.99756	12859	0	
12860	4.99756	12860	0	
12861	4.99756	12861	0	
12862	4.99756	12862	0	
12863	4.99756	12863	0	
12864	4.99756	12864	0	
12865	4.99756	12865	0	
12866	4.99756	12866	0	
12867	4.99756	12867	0	
12868	4.99756	12868	0	
12869	4.99756	12869	0	
12870	4.99756	12870	0	
12871	4.99756	12871	0	
12872	4.99756	12872	0	
12873	4.99756	12873	0	
12874	4.99756	12874	0	
12875	4.99756	12875	0	
12876	4.99756	12876	0	
12877	4.99756	12877	0	
12878	4.99756	12878	0	
12879	4.99756	12879	0	
12880	4.99756	12880	0	
12881	4.99756	12881	0	
12882	4.99756	12882	0	
12883	4.99756	12883	0	
12884	4.99756	12884	0	
12885	4.99756	12885	0	
12886	4.99756	12886	0	
12887	4.99756	12887	0	
12888	4.99756	12888	0	
12889	4.99756	12889	0	
12890	4.99756	12890	0	
12891	4.99756	12891	0	
12892	4.99756	12892	0	
12893	4.99756	12893	0	
12894	4.99756	12894	0	
12895	4.99756	12895	0	
12896	4.99756	12896	0	
12897	4.99756	12897	0	
12898	4.99756	12898	0	
12899	4.99756	12899	0	
12900	4.99756	12900	0	
12901	4.99756	12901	0	
12902	4.99756	12902	0	
12903	4.99756	12903	0	
12904	4.99756	12904	0	
12905	4.99756	12905	0	
12906	4.99756	12906	0	
12907	4.99756	12907	0	
12908	4.99756	12908	0	
12909	4.99756	12909	0	
12910	4.99756	12910	0	
12911	4.99756	12911	0	
12912	4.99756	12912	0	
12913	4.99756	12913	0	
12914	4.99756	12914	0	
12915	4.99756	12915	0	
12916	4.99756	12916	0	
12917	4.99756	12917	0	
12918	4.99756	12918	0	
12919	4.99756	12919	0	
12920	4.99756	12920	0	
12921	4.99756	12921	0	
12922	4.99756	12922	0	
12923	4.99756	12923	0	
12924	4.99756	12924	0	
12925	4.99756	12925	0	
12926	4.99756	12926	0	
12927	4.99756	12927	0	
12928	4.99756	12928	0	
12929	4.99756	12929	0	
12930	4.99756	12930	0	
12931	4.99756	12931	0	
12932	4.99756	12932	0	
12933	4.99756	12933	0	
12934	4.99756	12934	0	
12935	4.99756	12935	0	
12936	4.99756	12936	0	
12937	4.99756	12937	0	
12938	4.99756	12938	0	
12939	4.99756	12939	0	
12940	4.99756	12940	0	
12941	4.99756	12941	0	
12942	4.99756	12942	0	
12943	4.99756	12943	0	
12944	4.99756	12944	0	
12945	4.99756	12945	0	
12946	4.99756	12946	0	
12947	4.99756	12947	0	
12948	4.99756	12948	0	
12949	4.99756	12949	0	
12950	4.99756	12950	0	
12951	4.99756	12951	0	
12952	4.99756	12952	0	
12953	4.99756	12953	0	
12954	4.99756	12954	0	
12955	4.99756	12955	0	
12956	4.99756	12956	0	
12957	4.99756	12957	0	
12958	4.99756	12958	0	
12959	4.99756	12959	0	
12960	4.99756	12960	0	
12961	4.99756	12961	0	
12962	4.99756	12962	0	
12963	4.99756	12963	0	
12964	4.99756	12964	0	
12965	4.99756	12965	0	
12966	4.99756	12966	0	
12967	4.99756	12967	0	
12968	4.99756	12968	0	
12969	4.99756	12969	0	
12970	4.99756	12970	0	
12971	4.99756	12971	0	
12972	4.99756	12972	0	
12973	4.99756	12973	0	
12974	4.99756	12974	0	
12975	4.99756	12975	0	
12976	4.99756	12976	0	
12977	4.99756	12977	0	
12978	4.99756	12978	0	
12979	4.99756	12979	0	
12980	4.99756	12980	0	
12981	4.99756	12981	0	
12982	4.99756	12982	0	
12983	4.99756	12983	0	
12984	4.99756	12984	0	
12985	4.99756	12985	0	
12986	4.99756	12986	0	
12987	4.99756	12987	0	
12988	4.99756	12988	0	
12989	4.99756	12989	0	
12990	4.99756	12990	0	
12991	4.99756	12991	0	
12992	4.99756	12992	0	
12993	4.99756	12993	0	
12994	4.99756	12994	0	
12995	4.99756	12995	0	
12996	4.99756	12996	0	
12997	4.99756	12997	0	
12998	4.99756	12998	0	
12999	4.99756	12999	0	
13000	4.99756	13000	0	
13001	4.99756	13001	0	
13002	4.99756	13002	0	
13003	4.99756	13003	0	
13004	4.99756	13004	0	
13005	4.99756	13005	0	
13006	4.99756	13006	0	
13007	4.99756	13007	0	
13008	4.99756	13008	0	
13009	4.99756	13009	0	
13010	4.99756	13010	0	
13011	4.99756	13011	0	
13012	4.99756	13012	0	
13013	4.99756	13013	0	
13014	4.99756	13014	0	
13015	4.99756	13015	0	
13016	4.99756	13016	0	
13017	4.99756	13017	0	
13018	4.99756	13018	0	
13019	4.99756	13019	0	
13020	4.99756	13020	0	
13021	4.99756	13021	0	
13022	4.99756	13022	0	
13023	4.99756	13023	0	
13024	4.99756	13024	0	
13025	4.99756	13025	0	
13026	4.99756	13026	0	
13027	4.99756	13027	0	
13028	4.99756	13028	0	
13029	4.99756	13029	0	
13030	4.99756	13030	0	
13031	4.99756	13031	0	
13032	4.99756	13032	0	
13033	4.99756	13033	0	
13034	4.99756	13034	0	
13035	4.99756	13035	0	
13036	4.99756	13036	0	
13037	4.99756	13037	0	
13038	4.99756	13038	0	
13039	4.99756	13039	0	
13040	4.99756	13040	0	
13041	4.99756	13041	0	
13042	4.99756	13042	0	
13043	4.99756	13043	0	
13044	4.99756	13044	0	
13045	4.99756	13045	0	
13046	4.99756	13046	0	
13047	4.99756	13047	0	
13048	4.99756	13048	0	
13049	4.99756	13049	0	
13050	4.99756	13050	0	
13051	4.99756	13051	0	
13052	4.99756	13052	0	
13053	4.99756	13053	0	
13054	4.99756	13054	0	
13055	4.99756	13055	0	
13056	4.99756	13056	0	
13057	4.99756	13057	0	
13058	4.99756	13058	0	
13059	4.99756	13059	0	
13060	4.99756	13060	0	
13061	4.99756	13061	0	
13062	4.99756	13062	0	
13063	4.99756	13063	0	
13064	4.99756	13064	0	
13065	4.99756	13065	0	
13066	4.99756	13066	0	
13067	4.99756	13067	0	
13068	4.99756	13068	0	
13069	4.99756	13069	0	
13070	4.99756	13070	0	
13071	4.99756	13071	0	
13072	4.99756	13072	0	
13073	4.99756	13073	0	
13074	4.99756	13074	0	
13075	4.99756	13075	0	
13076	4.99756	13076	0	
13077	4.99756	13077	0	
13078	4.99756	13078	0	
13079	4.99756	13079	0	
13080	4.99756	13080	0	
13081	4.99756	13081	0	
13082	4.99756	13082	0	
13083	4.99756	13083	0	
13084	4.99756	13084	0	
13085	4.99756	13085	0	
13086	4.99756	13086	0	
13087	4.99756	13087	0	
13088	4.99756	13088	0	
13089	4.99756	13089	0	
13090	4.99756	13090	0	
13091	4.99756	13091	0	
13092	4.99756	13092	0	
13093	4.99756	13093	0	
13094	4.99756	13094	0	
13095	4.99756	13095	0	
13096	4.99756	13096	0	
13097	4.99756	13097	0	
13098	4.99756	13098	0	
13099	4.99756	13099	0	
13100	4.99756	13100	0	
13101	4.99756	13101	0	
13102	4.99756	13102	0	
13103	4.99756	13103	0	
13104	4.99756	13104	0	
13105	4.99756	13105	0	
13106	4.99756	13106	0	
13107	4.99756	13107	0	
13108	4.99756	13108	0	
13109	4.99756	13109	0	
13110	4.99756	13110	0	
13111	4.99756	13111	0	
13112	4.99756	13112	0	
13113	4.99756	13113	0	
13114	4.99756	13114	0	
13115	4.99756	13115	0	
13116	4.99756	13116	0	
13117	4.99756	13117	0	
13118	4.99756	13118	0	
13119	4.99756	13119	0	
13120	4.99756	13120	0	
13121	4.99756	13121	0	
13122	4.99756	13122	0	
13123	4.99756	13123	0	
13124	4.99756	13124	0	
13125	4.99756	13125	0	
13126	4.99756	13126	0	
13127	4.99756	13127	0	
13128	4.99756	13128	0	
13129	4.99756	13129	0	
13130	4.99756	13130	0	
13131	4.99756	13131	0	
13132	4.99756	13132	0	
13133	4.99756	13133	0	
13134	4.99756	13134	0	
13135	4.99756	13135	0	
13136	4.99756	13136	0	
13137	4.99756	13137	0	
13138	4.99756	13138	0	
13139	4.99756	13139	0	
13140	4.99756	13140	0	
13141	4.99756	13141	0	
13142	4.99756	13142	0	
13143	4.99756	13143	0	
13144	4.99756	13144	0	
13145	4.99756	13145	0	
13146	4.99756	13146	0	
13147	4.99756	13147	0	
13148	4.99756	13148	0	
13149	4.99756	13149	0	
13150	4.99756	13150	0	
13151	4.99756	13151	0	
13152	4.99756	13152	0	
13153	4.99756	13153	0	
13154	4.99756	13154	0	
13155	4.99756	13155	0	
13156	4.99756	13156	0	
13157	4.99756	13157	0	
13158	4.99756	13158	0	
13159	4.99756	13159	0	
13160	4.99756	13160	0	
13161	4.99756	13161	0	
13162	4.99756	13162	0	
13163	4.99756	13163	0	
13164	4.99756	13164	0	
13165	4.99756	13165	0	
13166	4.99756	13166	0	
13167	4.99756	13167	0	
13168	4.99756	13168	0	
13169	4.99756	13169	0	
13170	4.99756	13170	0	
13171	4.99756	13171	0	
13172	4.99756	13172	0	
13173	4.99756	13173	0	
13174	4.99756	13174	0	
13175	4.99756	13175	0	
13176	4.99756	13176	0	
13177	4.99756	13177	0	
13178	4.99756	13178	0	
13179	4.99756	13179	0	
13180	4.99756	13180	0	
13181	4.99756	13181	0	
13182	4.99756	13182	0	
13183	4.99756	13183	0	
13184	4.99756	13184	0	
13185	4.99756	13185	0	
13186	4.99756	13186	0	
13187	4.99756	13187	0	
13188	4.99756	13188	0	
13189	4.99756	13189	0	
13190	4.99756	13190	0	
13191	4.99756	13191	0	
13192	4.99756	13192	0	
13193	4.99756	13193	0	
13194	4.99756	13194	0	
13195	4.99756	13195	0	
13196	4.99756	13196	0	
13197	4.99756	13197	0	
13198	4.99756	13198	0	
13199	4.99756	13199	0	
13200	4.99756	13200	0	
13201	4.99756	13201	0	
13202	4.99756	13202	0	
13203	4.99756	13203	0	
13204	4.99756	13204	0	
13205	4.99756	13205	0	
13206	4.99756	13206	0	
13207	4.99756	13207	0	
13208	4.99756	13208	0	
13209	4.99756	13209	0	
13210	4.99756	13210	0	
13211	4.99756	13211	0	
13212	4.99756	13212	0	
13213	4.99756	13213	0	
13214	4.99756	13214	0	
13215	4.99756	13215	0	
13216	4.99756	13216	0	
13217	4.99756	13217	0	
13218	4.99756	13218	0	
13219	4.99756	13219	0	
13220	4.99756	13220	0	
13221	4.99756	13221	0	
13222	4.99756	13222	0	
13223	4.99756	13223	0	
13224	4.99756	13224	0	
13225	4.99756	13225	0	
13226	4.99756	13226	0	
13227	4.99756	13227	0	
13228	4.99756	13228	0	
13229	4.99756	13229	0	
13230	4.99756	13230	0	
13231	4.99756	13231	0	
13232	4.99756	13232	0	
13233	4.99756	13233	0	
13234	4.99756	13234	0	
13235	4.99756	13235	0	
13236	4.99756	13236	0	
13237	4.99756	13237	0	
13238	4.99756	13238	0	
13239	4.99756	13239	0	
13240	4.99756	13240	0	
13241	4.99756	13241	0	
13242	4.99756	13242	0	
13243	4.99756	13243	0	
13244	4.99756	13244	0	
13245	4.99756	13245	0	
13246	4.99756	13246	0	
13247	4.99756	13247	0	
13248	4.99756	13248	0	
13249	4.99756	13249	0	
13250	4.99756	13250	0	
13251	4.99756	13251	0	
13252	4.99756	13252	0	
13253	4.99756	13253	0	
13254	4.99756	13254	0	
13255	4.99756	13255	0	
13256	4.99756	13256	0	
13257	4.99756	13257	0	
13258	4.99756	13258	0	
13259	4.99756	13259	0	
13260	4.99756	13260	0	
13261	4.99756	13261	0	
13262	4.99756	13262	0	
13263	4.99756	13263	0	
13264	4.99756	13264	0	
13265	4.99756	13265	0	
13266	4.99756	13266	0	
13267	4.99756	13267	0	
13268	4.99756	13268	0	
13269	4.99756	13269	0	
13270	4.99756	13270	0	
13271	4.99756	13271	0	
13272	4.99756	13272	0	
13273	4.99756	13273	0	
13274	4.99756	13274	0	
13275	4.99756	13275	0	
13276	4.99756	13276	0	
13277	4.99756	13277	0	
13278	4.99756	13278	0	
13279	4.99756	13279	0	
13280	4.99756	13280	0	
13281	4.99756	13281	0	
13282	4.99756	13282	0	
13283	4.99756	13283	0	
13284	4.99756	13284	0	
13285	4.99756	13285	0	
13286	4.99756	13286	0	
13287	4.99756	13287	0	
13288	4.99756	13288	0	
13289	4.99756	13289	0	
13290	4.99756	13290	0	
13291	4.99756	13291	0	
13292	4.99756	13292	0	
13293	4.99756	13293	0	
13294	4.99756	13294	0	
13295	4.99756	13295	0	
13296	4.99756	13296	0	
13297	4.99756	13297	0	
13298	4.99756	13298	0	
13299	4.99756	13299	0	
13300	4.99756	13300	0	
13301	4.99756	13301	0	
13302	4.99756	13302	0	
13303	4.99756	13303	0	
13304	4.99756	13304	0	
13305	4.99756	13305	0	
13306	4.99756	13306	0	
13307	4.99756	13307	0	
13308	4.99756	13308	0	
13309	4.99756	13309	0	
13310	4.99756	13310	0	
13311	4.99756	13311	0	
13312	4.99756	13312	0	
13313	4.99756	13313	0	
13314	4.99756	13314	0	
13315	4.99756	13315	0	
13316	4.99756	13316	0	
13317	4.99756	13317	0	
13318	4.99756	13318	0	
13319	4.99756	13319	0	
13320	4.99756	13320	0	
13321	4.99756	13321	0	
13322	4.99756	13322	0	
13323	4.99756	13323	0	
13324	4.99756	13324	0	
13325	4.99756	13325	0	
13326	4.99756	13326	0	
13327	4.99756	13327	0	
13328	4.99756	13328	0	
13329	4.99756	13329	0	
13330	4.99756	13330	0	
13331	4.99756	13331	0	
13332	4.99756	13332	0	
13333	4.99756	13333	0	
13334	4.99756	13334	0	
13335	4.99756	13335	0	
13336	4.99756	13336	0	
13337	4.99756	13337	0	
13338	4.99756	13338	0	
13339	4.99756	13339	0	
13340	4.99756	13340	0	
13341	4.99756	13341	0	
13342	4.99756	13342	0	
13343	4.99756	13343	0	
13344	4.99756	13344	0	
13345	4.99756	13345	0	
13346	4.99756	13346	0	
13347	4.99756	13347	0	
13348	4.99756	13348	0	
13349	4.99756	13349	0	
13350	4.99756	13350	0	
13351	4.99756	13351	0	
13352	4.99756	13352	0	
13353	4.99756	13353	0	
13354	4.99756	13354	0	
13355	4.99756	13355	0	
13356	4.99756	13356	0	
13357	4.99756	13357	0	
13358	4.99756	13358	0	
13359	4.99756	13359	0	
13360	4.99756	13360	0	
13361	4.99756	13361	0	
13362	4.99756	13362	0	
13363	4.99756	13363	0	
13364	4.99756	13364	0	
13365	4.99756	13365	0	
13366	4.99756	13366	0	
13367	4.99756	13367	0	
13368	4.99756	13368	0	
13369	4.99756	13369	0	
13370	4.99756	13370	0	
13371	4.99756	13371	0	
13372	4.99756	13372	0	
13373	4.99756	13373	0	
13374	4.99756	13374	0	
13375	4.99756	13375	0	
13376	4.99756	13376	0	
13377	4.99756	13377	0	
13378	4.99756	13378	0	
13379	4.99756	13379	0	
13380	4.99756	13380	0	
13381	4.99756	13381	0	
13382	4.99756	13382	0	
13383	4.99756	13383	0	
13384	4.99756	13384	0	
13385	4.99756	13385	0	
13386	4.99756	13386	0	
13387	4.99756	13387	0	
13388	4.99756	13388	0	
13389	4.99756	13389	0	
13390	4.99756	13390	0	
13391	4.99756	13391	0	
13392	4.99756	13392	0	
13393	4.99756	13393	0	
13394	4.99756	13394	0	
13395	4.99756	13395	0	
13396	4.99756	13396	0	
13397	4.99756	13397	0	
13398	4.99756	13398	0	
13399	4.99756	13399	0	
13400	4.99756	13400	0	
13401	4.99756	13401	0	
13402	4.99756	13402	0	
13403	4.99756	13403	0	
13404	4.99756	13404	0	
13405	4.99756	13405	0	
13406	4.99756	13406	0	
13407	4.99756	13407	0	
13408	4.99756	13408	0	
13409	4.99756	13409	0	
13410	4.99756	13410	0	
13411	4.99756	13411	0	
13412	4.99756	13412	0	
13413	4.99756	13413	0	
13414	4.99756	13414	0	
13415	4.99756	13415	0	
13416	4.99756	13416	0	
13417	4.99756	13417	0	
13418	4.99756	13418	0	
13419	4.99756	13419	0	
13420	4.99756	13420	0	
13421	4.99756	13421	0	
13422	4.99756	13422	0	
13423	4.99756	13423	0	
13424	4.99756	13424	0	
13425	4.99756	13425	0	
13426	4.99756	13426	0	
13427	4.99756	13427	0	
13428	4.99756	13428	0	
13429	4.99756	13429	0	
13430	4.99756	13430	0	
13431	4.99756	13431	0	
13432	4.99756	13432	0	
13433	4.99756	13433	0	
13434	4.99756	13434	0	
13435	4.99756	13435	0	
13436	4.99756	13436	0	
13437	4.99756	13437	0	
13438	4.99756	13438	0	
13439	0.00244141	13439	0	
13440	0.00244141	13440	0	
13441	0.00244141	13441	0	
13442	0.00244141	13442	0	
13443	0.00244141	13443	0	
13444	0.00244141	13444	0	
13445	0.00244141	13445	0	
13446	0.00244141	13446	0	
13447	0.00244141	13447	0	
13448	0.00244141	13448	0	
13449	0.00244141	13449	0	
13450	0.00244141	13450	0	
13451	0.00244141	13451	0	
13452	0.00244141	13452	0	
13453	0.00244141	13453	0	
13454	0.00244141	13454	0	
13455	0.00244141	13455	0	
13456	0.00244141	13456	0	
13457	0.00244141	13457	0	
13458	0.00244141	13458	0	
13459	0.00244141	13459	0	
13460	0.00244141	13460	0	
13461	0.00244141	13461	0	
13462	0.00244141	13462	0	
13463	0.00244141	13463	0	
13464	0.00244141	13464	0	
13465	0.00244141	13465	0	
13466	0.00244141	13466	0	
13467	0.00244141	13467	0	
13468	0.00244141	13468	0	
13469	0.00244141	13469	0	
13470	0.00244141	13470	0	
13471	0.00244141	13471	0	
13472	0.00244141	13472	0	
13473	0.00244141	13473	0	
13474	0.00244141	13474	0	
13475	0.00244141	13475	0	
13476	0.00244141	13476	0	
13477	0.00244141	13477	0	
13478	0.00244141	13478	0	
13479	0.00244141	13479	0	
13480	0.00244141	13480	0	
13481	0.00244141	13481	0	
13482	0.00244141	13482	0	
13483	0.00244141	13483	0	
13484	0.00244141	13484	0	
13485	0.00244141	13485	0	
13486	0.00244141	13486	0	
13487	0.00244141	13487	0	
13488	0.00244141	13488	0	
13489	0.00244141	13489	0	
13490	0.00244141	13490	0	
13491	0.00244141	13491	0	
13492	0.00244141	13492	0	
13493	0.00244141	13493	0	
13494	0.00244141	13494	0	
13495	0.00244141	13495	0	
13496	0.00244141	13496	0	
13497	0.00244141	13497	0	
13498	0.00244141	13498	0	
13499	0.00244141	13499	0	
13500	0.00244141	13500	0	
13501	0.00244141	13501	0	
13502	0.00244141	13502	0	
13503	0.00244141	13503	0	
13504	0.00244141	13504	0	
13505	0.00244141	13505	0	
13506	0.00244141	13506	0	
13507	0.00244141	13507	0	
13508	0.00244141	13508	0	
13509	0.00244141	13509	0	
13510	0.00244141	13510	0	
13511	0.00244141	13511	0	
13512	0.00244141	13512	0	
13513	0.00244141	13513	0	
13514	0.00244141	13514	0	
13515	0.00244141	13515	0	
13516	0.00244141	13516	0	
13517	0.00244141	13517	0	
13518	0.00244141	13518	0	
13519	0.00244141	13519	0	
13520	0.00244141	13520	0	
13521	0.00244141	13521	0	
13522	0.00244141	13522	0	
13523	0.00244141	13523	0	
13524	0.00244141	13524	0	
13525	0.00244141	13525	0	
13526	0.00244141	13526	0	
13527	0.00244141	13527	0	
13528	0.00244141	13528	0	
13529	0.00244141	13529	0	
13530	0.00244141	13530	0	
13531	0.00244141	13531	0	
13532	0.00244141	13532	0	
13533	0.00244141	13533	0	
13534	0.00244141	13534	0	
13535	0.00244141	13535	0	
13536	0.00244141	13536	0	
13537	0.00244141	13537	0	
13538	0.00244141	13538	0	
13539	0.00244141	13539	0	
13540	0.00244141	13540	0	
13541	0.00244141	13541	0	
13542	0.00244141	13542	0	
13543	0.00244141	13543	0	
13544	0.00244141	13544	0	
13545	0.00244141	13545	0	
13546	0.00244141	13546	0	
13547	0.00244141	13547	0	
13548	0.00244141	13548	0	
13549	0.00244141	13549	0	
13550	0.00244141	13550	0	
13551	0.00244141	13551	0	
13552	0.00244141	13552	0	
13553	0.00244141	13553	0	
13554	0.00244141	13554	0	
13555	0.00244141	13555	0	
13556	0.00244141	13556	0	
13557	0.00244141	13557	0	
13558	0.00244141	13558	0	
13559	0.00244141	13559	0	
13560	0.00244141	13560	0	
13561	0.00244141	13561	0.00244141	
13562	0.00244141	13562	0	
13563	0.00244141	13563	0	
13564	0.00244141	13564	0	
13565	0.00244141	13565	0	
13566	0.00244141	13566	0	
13567	0.00244141	13567	0	
13568	0.00244141	13568	0	
13569	0.00244141	13569	0	
13570	0.00244141	13570	0	
13571	0.00244141	13571	0	
13572	0.00244141	13572	0	
13573	0.00244141	13573	0	
13574	0.00244141	13574	0	
13575	0.00244141	13575	0	
13576	0.00244141	13576	0	
13577	0.00244141	13577	0	
13578	0.00244141	13578	0	
13579	0.00244141	13579	0	
13580	0.00244141	13580	0	
13581	0.00244141	13581	0	
13582	0.00244141	13582	0	
13583	0.00244141	13583	0	
13584	0.00244141	13584	0	
13585	0.00244141	13585	0	
13586	0.00244141	13586	0	
13587	0.00244141	13587	0	
13588	0.00244141	13588	0	
13589	0.00244141	13589	0	
13590	0.00244141	13590	0	
13591	0.00244141	13591	0	
13592	0.00244141	13592	0	
13593	0.00244141	13593	0	
13594	0.00244141	13594	0	
13595	0.00244141	13595	0	
13596	0.00244141	13596	0	
13597	0.00244141	13597	0	
13598	0.00244141	13598	0	
13599	0.00244141	13599	0	
13600	0.00244141	13600	0	
13601	0.00244141	13601	0	
13602	0.00244141	13602	0	
13603	0.00244141	13603	0	
13604	0.00244141	13604	0	
13605	0.00244141	13605	0	
13606	0.00244141	13606	0	
13607	0.00244141	13607	0	
13608	0.00244141	13608	0	
13609	0.00244141	13609	0	
13610	0.00244141	13610	0	
13611	0.00244141	13611	0	
13612	0.00244141	13612	0	
13613	0.00244141	13613	0	
13614	0.00244141	13614	0	
13615	0.00244141	13615	0	
13616	0.00244141	13616	0	
13617	0.00244141	13617	0	
13618	0.00244141	13618	0	
13619	0.00244141	13619	0	
13620	0.00244141	13620	0	
13621	0.00244141	13621	0	
13622	0.00244141	13622	0	
13623	0.00244141	13623	0	
13624	0.00244141	13624	0	
13625	0.00244141	13625	0	
13626	0.00244141	13626	0	
13627	0.00244141	13627	0	
13628	0.00244141	13628	0	
13629	0.00244141	13629	0	
13630	0.00244141	13630	0	
13631	0.00244141	13631	0	
13632	0.00244141	13632	0	
13633	0.00244141	13633	0	
13634	0.00244141	13634	0	
13635	0.00244141	13635	0	
13636	0.00244141	13636	0	
13637	0.00244141	13637	0	
13638	4.99756	13638	0	
13639	4.99756	13639	0	
13640	4.99756	13640	0	
13641	4.99756	13641	0	
13642	4.99756	13642	0	
13643	4.99756	13643	0	
13644	4.99756	13644	0	
13645	4.99756	13645	0	
13646	4.99756	13646	0	
13647	4.99756	13647	0	
13648	4.99756	13648	0	
13649	4.99756	13649	0	
13650	4.99756	13650	0	
13651	4.99756	13651	0	
13652	4.99756	13652	0	
13653	4.99756	13653	0	
13654	4.99756	13654	0	
13655	4.99756	13655	0	
13656	4.99756	13656	0	
13657	4.99756	13657	0	
13658	4.99756	13658	0	
13659	4.99756	13659	0	
13660	4.99756	13660	0	
13661	4.99756	13661	0	
13662	4.99756	13662	0	
13663	4.99756	13663	0	
13664	4.99756	13664	0	
13665	4.99756	13665	0	
13666	4.99756	13666	0	
13667	4.99756	13667	0	
13668	4.99756	13668	0	
13669	4.99756	13669	0	
13670	4.99756	13670	0	
13671	4.99756	13671	0	
13672	4.99756	13672	0	
13673	4.99756	13673	0	
13674	4.99756	13674	0	
13675	4.99756	13675	0	
13676	4.99756	13676	0	
13677	4.99756	13677	0	
13678	4.99756	13678	0	
13679	4.99756	13679	0	
13680	4.99756	13680	0	
13681	4.99756	13681	0	
13682	4.99756	13682	0	
13683	4.99756	13683	0	
13684	4.99756	13684	0	
13685	4.99756	13685	0	
13686	4.99756	13686	0	
13687	4.99756	13687	0	
13688	4.99756	13688	0	
13689	4.99756	13689	0	
13690	4.99756	13690	0	
13691	4.99756	13691	0	
13692	4.99756	13692	0	
13693	4.99756	13693	0	
13694	4.99756	13694	0	
13695	4.99756	13695	0	
13696	4.99756	13696	0	
13697	4.99756	13697	0	
13698	4.99756	13698	0	
13699	4.99756	13699	0	
13700	4.99756	13700	0	
13701	4.99756	13701	0	
13702	4.99756	13702	0	
13703	4.99756	13703	0	
13704	4.99756	13704	0	
13705	4.99756	13705	0	
13706	4.99756	13706	0	
13707	4.99756	13707	0	
13708	4.99756	13708	0	
13709	4.99756	13709	0	
13710	4.99756	13710	0	
13711	4.99756	13711	0	
13712	4.99756	13712	0	
13713	4.99756	13713	0	
13714	4.99756	13714	0	
13715	4.99756	13715	0	
13716	4.99756	13716	0	
13717	4.99756	13717	0	
13718	4.99756	13718	0	
13719	4.99756	13719	0	
13720	4.99756	13720	0	
13721	4.99756	13721	0	
13722	4.99756	13722	0	
13723	4.99756	13723	0	
13724	4.99756	13724	0	
13725	4.99756	13725	0	
13726	4.99756	13726	0	
13727	4.99756	13727	0	
13728	4.99756	13728	0	
13729	4.99756	13729	0	
13730	4.99756	13730	0	
13731	4.99756	13731	0	
13732	4.99756	13732	0	
13733	4.99756	13733	0	
13734	4.99756	13734	0	
13735	4.99756	13735	0	
13736	4.99756	13736	0	
13737	4.99756	13737	0	
13738	4.99756	13738	0	
13739	4.99756	13739	0	
13740	4.99756	13740	0	
13741	4.99756	13741	0	
13742	4.99756	13742	0	
13743	4.99756	13743	0	
13744	4.99756	13744	0	
13745	4.99756	13745	0	
13746	4.99756	13746	0	
13747	4.99756	13747	0	
13748	4.99756	13748	0	
13749	4.99756	13749	0	
13750	4.99756	13750	0	
13751	4.99756	13751	0	
13752	4.99756	13752	0	
13753	4.99756	13753	0	
13754	4.99756	13754	0	
13755	4.99756	13755	0	
13756	4.99756	13756	0	
13757	4.99756	13757	0	
13758	4.99756	13758	0	
13759	4.99756	13759	0	
13760	4.99756	13760	0	
13761	4.99756	13761	0	
13762	4.99756	13762	0	
13763	4.99756	13763	0	
13764	4.99756	13764	0	
13765	4.99756	13765	0	
13766	4.99756	13766	0	
13767	4.99756	13767	0	
13768	4.99756	13768	0	
13769	4.99756	13769	0	
13770	4.99756	13770	0	
13771	4.99756	13771	0	
13772	4.99756	13772	0	
13773	4.99756	13773	0	
13774	4.99756	13774	0	
13775	4.99756	13775	0	
13776	4.99756	13776	0	
13777	4.99756	13777	0	
13778	4.99756	13778	0	
13779	4.99756	13779	0	
13780	4.99756	13780	0	
13781	4.99756	13781	0	
13782	4.99756	13782	0	
13783	4.99756	13783	0	
13784	4.99756	13784	0	
13785	4.99756	13785	0	
13786	4.99756	13786	0	
13787	4.99756	13787	0	
13788	4.99756	13788	0	
13789	4.99756	13789	0	
13790	4.99756	13790	0	
13791	4.99756	13791	0	
13792	4.99756	13792	0	
13793	4.99756	13793	0	
13794	4.99756	13794	0	
13795	4.99756	13795	0	
13796	4.99756	13796	0	
13797	4.99756	13797	0	
13798	4.99756	13798	0	
13799	4.99756	13799	0	
13800	4.99756	13800	0	
13801	4.99756	13801	0	
13802	4.99756	13802	0	
13803	4.99756	13803	0	
13804	4.99756	13804	0	
13805	4.99756	13805	0	
13806	4.99756	13806	0	
13807	4.99756	13807	0	
13808	4.99756	13808	0	
13809	4.99756	13809	0	
13810	4.99756	13810	0	
13811	4.99756	13811	0	
13812	4.99756	13812	0	
13813	4.99756	13813	0	
13814	4.99756	13814	0	
13815	4.99756	13815	0	
13816	4.99756	13816	0	
13817	4.99756	13817	0	
13818	4.99756	13818	0	
13819	4.99756	13819	0	
13820	4.99756	13820	0	
13821	4.99756	13821	0	
13822	4.99756	13822	0	
13823	4.99756	13823	0	
13824	4.99756	13824	0	
13825	4.99756	13825	0	
13826	4.99756	13826	0	
13827	4.99756	13827	0	
13828	4.99756	13828	0	
13829	4.99756	13829	0	
13830	4.99756	13830	0	
13831	4.99756	13831	0	
13832	4.99756	13832	0	
13833	4.99756	13833	0	
13834	4.99756	13834	0	
13835	4.99756	13835	0	
13836	4.99756	13836	0	
13837	4.99756	13837	0	
13838	4.99756	13838	0	
13839	4.99756	13839	0	
13840	4.99756	13840	0	
13841	4.99756	13841	0	
13842	4.99756	13842	0	
13843	4.99756	13843	0	
13844	4.99756	13844	0	
13845	4.99756	13845	0	
13846	4.99756	13846	0	
13847	4.99756	13847	0	
13848	4.99756	13848	0	
13849	4.99756	13849	0	
13850	4.99756	13850	0	
13851	4.99756	13851	0	
13852	4.99756	13852	0	
13853	4.99756	13853	0	
13854	4.99756	13854	0	
13855	4.99756	13855	0	
13856	4.99756	13856	0	
13857	4.99756	13857	0	
13858	4.99756	13858	0	
13859	4.99756	13859	0	
13860	4.99756	13860	0	
13861	4.99756	13861	0	
13862	4.99756	13862	0	
13863	4.99756	13863	0	
13864	4.99756	13864	0	
13865	4.99756	13865	0	
13866	4.99756	13866	0	
13867	4.99756	13867	0	
13868	4.99756	13868	0	
13869	4.99756	13869	0	
13870	4.99756	13870	0	
13871	4.99756	13871	0	
13872	4.99756	13872	0	
13873	4.99756	13873	0	
13874	4.99756	13874	0	
13875	4.99756	13875	0	
13876	4.99756	13876	0	
13877	4.99756	13877	0	
13878	4.99756	13878	0	
13879	4.99756	13879	0	
13880	4.99756	13880	0	
13881	4.99756	13881	0	
13882	4.99756	13882	0	
13883	4.99756	13883	0	
13884	4.99756	13884	0	
13885	4.99756	13885	0	
13886	4.99756	13886	0	
13887	4.99756	13887	0	
13888	4.99756	13888	0	
13889	4.99756	13889	0	
13890	4.99756	13890	0	
13891	4.99756	13891	0	
13892	4.99756	13892	0	
13893	4.99756	13893	0	
13894	4.99756	13894	0	
13895	4.99756	13895	0	
13896	4.99756	13896	0	
13897	4.99756	13897	0	
13898	4.99756	13898	0	
13899	4.99756	13899	0	
13900	4.99756	13900	0	
13901	4.99756	13901	0	
13902	4.99756	13902	0	
13903	4.99756	13903	0	
13904	4.99756	13904	0	
13905	4.99756	13905	0	
13906	4.99756	13906	0	
13907	4.99756	13907	0	
13908	4.99756	13908	0	
13909	4.99756	13909	0	
13910	4.99756	13910	0	
13911	4.99756	13911	0	
13912	4.99756	13912	0	
13913	4.99756	13913	0	
13914	4.99756	13914	0	
13915	4.99756	13915	0	
13916	4.99756	13916	0	
13917	4.99756	13917	0	
13918	4.99756	13918	0	
13919	4.99756	13919	0	
13920	4.99756	13920	0	
13921	4.99756	13921	0	
13922	4.99756	13922	0	
13923	4.99756	13923	0	
13924	4.99756	13924	0	
13925	4.99756	13925	0	
13926	4.99756	13926	0	
13927	4.99756	13927	0	
13928	4.99756	13928	0	
13929	4.99756	13929	0	
13930	4.99756	13930	0	
13931	4.99756	13931	0	
13932	4.99756	13932	0	
13933	4.99756	13933	0	
13934	4.99756	13934	0	
13935	4.99756	13935	0	
13936	4.99756	13936	0	
13937	4.99756	13937	0	
13938	4.99756	13938	0	
13939	4.99756	13939	0	
13940	4.99756	13940	0	
13941	4.99756	13941	0	
13942	4.99756	13942	0	
13943	4.99756	13943	0	
13944	4.99756	13944	0	
13945	4.99756	13945	0	
13946	4.99756	13946	0	
13947	4.99756	13947	0	
13948	4.99756	13948	0	
13949	4.99756	13949	0	
13950	4.99756	13950	0	
13951	4.99756	13951	0	
13952	4.99756	13952	0	
13953	4.99756	13953	0	
13954	4.99756	13954	0	
13955	4.99756	13955	0	
13956	4.99756	13956	0	
13957	4.99756	13957	0	
13958	4.99756	13958	0	
13959	4.99756	13959	0	
13960	4.99756	13960	0	
13961	4.99756	13961	0	
13962	4.99756	13962	0	
13963	4.99756	13963	0	
13964	4.99756	13964	0	
13965	4.99756	13965	0	
13966	4.99756	13966	0	
13967	4.99756	13967	0	
13968	4.99756	13968	0	
13969	4.99756	13969	0	
13970	4.99756	13970	0	
13971	4.99756	13971	0	
13972	4.99756	13972	0	
13973	4.99756	13973	0	
13974	4.99756	13974	0	
13975	4.99756	13975	0	
13976	4.99756	13976	0	
13977	4.99756	13977	0	
13978	4.99756	13978	0	
13979	4.99756	13979	0	
13980	4.99756	13980	0	
13981	4.99756	13981	0	
13982	4.99756	13982	0	
13983	4.99756	13983	0	
13984	4.99756	13984	0	
13985	4.99756	13985	0	
13986	4.99756	13986	0	
13987	4.99756	13987	0	
13988	4.99756	13988	0	
13989	4.99756	13989	0	
13990	4.99756	13990	0	
13991	4.99756	13991	0	
13992	4.99756	13992	0	
13993	4.99756	13993	0	
13994	4.99756	13994	0	
13995	4.99756	13995	0	
13996	4.99756	13996	0	
13997	4.99756	13997	0	
13998	4.99756	13998	0	
13999	4.99756	13999	0	
14000	4.99756	14000	0	
14001	4.99756	14001	0	
14002	4.99756	14002	0	
14003	4.99756	14003	0	
14004	4.99756	14004	0	
14005	4.99756	14005	0	
14006	4.99756	14006	0	
14007	4.99756	14007	0	
14008	4.99756	14008	0	
14009	4.99756	14009	0	
14010	4.99756	14010	0	
14011	4.99756	14011	0	
14012	4.99756	14012	0	
14013	4.99756	14013	0	
14014	4.99756	14014	0	
14015	4.99756	14015	0	
14016	4.99756	14016	0	
14017	4.99756	14017	0	
14018	4.99756	14018	0	
14019	4.99756	14019	0	
14020	4.99756	14020	0	
14021	4.99756	14021	0	
14022	4.99756	14022	0	
14023	4.99756	14023	0	
14024	4.99756	14024	0	
14025	4.99756	14025	0	
14026	4.99756	14026	0	
14027	4.99756	14027	0	
14028	4.99756	14028	0	
14029	4.99756	14029	0	
14030	4.99756	14030	0	
14031	4.99756	14031	0	
14032	4.99756	14032	0	
14033	4.99756	14033	0	
14034	4.99756	14034	0	
14035	4.99756	14035	0	
14036	4.99756	14036	0	
14037	4.99756	14037	0	
14038	4.99756	14038	0	
14039	4.99756	14039	0	
14040	4.99756	14040	0	
14041	4.99756	14041	0	
14042	4.99756	14042	0	
14043	4.99756	14043	0	
14044	4.99756	14044	0	
14045	4.99756	14045	0	
14046	4.99756	14046	0	
14047	4.99756	14047	0	
14048	4.99756	14048	0	
14049	4.99756	14049	0	
14050	4.99756	14050	0	
14051	4.99756	14051	0	
14052	4.99756	14052	0	
14053	4.99756	14053	0	
14054	4.99756	14054	0	
14055	4.99756	14055	0	
14056	4.99756	14056	0	
14057	4.99756	14057	0	
14058	4.99756	14058	0	
14059	4.99756	14059	0	
14060	4.99756	14060	0	
14061	4.99756	14061	0	
14062	4.99756	14062	0	
14063	4.99756	14063	0	
14064	4.99756	14064	0	
14065	4.99756	14065	0	
14066	4.99756	14066	0	
14067	4.99756	14067	0	
14068	4.99756	14068	0	
14069	4.99756	14069	0	
14070	4.99756	14070	0	
14071	4.99756	14071	0	
14072	4.99756	14072	0	
14073	4.99756	14073	0	
14074	4.99756	14074	0	
14075	4.99756	14075	0	
14076	4.99756	14076	0	
14077	4.99756	14077	0	
14078	4.99756	14078	0	
14079	4.99756	14079	0	
14080	4.99756	14080	0	
14081	4.99756	14081	0	
14082	4.99756	14082	0	
14083	4.99756	14083	0	
14084	4.99756	14084	0	
14085	4.99756	14085	0	
14086	4.99756	14086	0	
14087	4.99756	14087	0	
14088	4.99756	14088	0	
14089	4.99756	14089	0	
14090	4.99756	14090	0	
14091	4.99756	14091	0	
14092	4.99756	14092	0	
14093	4.99756	14093	0	
14094	4.99756	14094	0	
14095	4.99756	14095	0	
14096	4.99756	14096	0	
14097	4.99756	14097	0	
14098	4.99756	14098	0	
14099	4.99756	14099	0	
14100	4.99756	14100	0	
14101	4.99756	14101	0	
14102	4.99756	14102	0	
14103	4.99756	14103	0	
14104	4.99756	14104	0	
14105	4.99756	14105	0	
14106	4.99756	14106	0	
14107	4.99756	14107	0	
14108	4.99756	14108	0	
14109	4.99756	14109	0	
14110	4.99756	14110	0	
14111	4.99756	14111	0	
14112	4.99756	14112	0	
14113	4.99756	14113	0	
14114	4.99756	14114	0	
14115	4.99756	14115	0	
14116	4.99756	14116	0	
14117	4.99756	14117	0	
14118	4.99756	14118	0	
14119	4.99756	14119	0	
14120	4.99756	14120	0	
14121	4.99756	14121	0	
14122	4.99756	14122	0	
14123	4.99756	14123	0	
14124	4.99756	14124	0	
14125	4.99756	14125	0	
14126	4.99756	14126	0	
14127	4.99756	14127	0	
14128	4.99756	14128	0	
14129	4.99756	14129	0	
14130	4.99756	14130	0	
14131	4.99756	14131	0	
14132	4.99756	14132	0	
14133	4.99756	14133	0	
14134	4.99756	14134	0	
14135	4.99756	14135	0	
14136	4.99756	14136	0	
14137	4.99756	14137	0	
14138	4.99756	14138	0	
14139	4.99756	14139	0	
14140	4.99756	14140	0	
14141	4.99756	14141	0	
14142	4.99756	14142	0	
14143	4.99756	14143	0	
14144	4.99756	14144	0	
14145	4.99756	14145	0	
14146	4.99756	14146	0	
14147	4.99756	14147	0	
14148	4.99756	14148	0	
14149	4.99756	14149	0	
14150	4.99756	14150	0	
14151	4.99756	14151	0	
14152	4.99756	14152	0	
14153	4.99756	14153	0	
14154	4.99756	14154	0	
14155	4.99756	14155	0	
14156	4.99756	14156	0	
14157	4.99756	14157	0	
14158	4.99756	14158	0	
14159	4.99756	14159	0	
14160	4.99756	14160	0	
14161	4.99756	14161	0	
14162	4.99756	14162	0	
14163	4.99756	14163	0	
14164	4.99756	14164	0	
14165	4.99756	14165	0	
14166	4.99756	14166	0	
14167	4.99756	14167	0	
14168	4.99756	14168	0	
14169	4.99756	14169	0	
14170	4.99756	14170	0	
14171	4.99756	14171	0	
14172	4.99756	14172	0	
14173	4.99756	14173	0	
14174	4.99756	14174	0	
14175	4.99756	14175	0	
14176	4.99756	14176	0	
14177	4.99756	14177	0	
14178	4.99756	14178	0	
14179	4.99756	14179	0	
14180	4.99756	14180	0	
14181	4.99756	14181	0	
14182	4.99756	14182	0	
14183	4.99756	14183	0	
14184	4.99756	14184	0	
14185	4.99756	14185	0	
14186	4.99756	14186	0	
14187	4.99756	14187	0	
14188	4.99756	14188	0	
14189	4.99756	14189	0	
14190	4.99756	14190	0	
14191	4.99756	14191	0	
14192	4.99756	14192	0	
14193	4.99756	14193	0	
14194	4.99756	14194	0	
14195	4.99756	14195	0	
14196	4.99756	14196	0	
14197	4.99756	14197	0	
14198	4.99756	14198	0	
14199	4.99756	14199	0	
14200	4.99756	14200	0	
14201	4.99756	14201	0	
14202	4.99756	14202	0	
14203	4.99756	14203	0	
14204	4.99756	14204	0	
14205	4.99756	14205	0	
14206	4.99756	14206	0	
14207	4.99756	14207	0	
14208	4.99756	14208	0	
14209	4.99756	14209	0	
14210	4.99756	14210	0	
14211	4.99756	14211	0	
14212	4.99756	14212	0	
14213	4.99756	14213	0	
14214	4.99756	14214	0	
14215	4.99756	14215	0	
14216	4.99756	14216	0	
14217	4.99756	14217	0	
14218	4.99756	14218	0	
14219	4.99756	14219	0	
14220	4.99756	14220	0	
14221	4.99756	14221	0	
14222	4.99756	14222	0	
14223	4.99756	14223	0	
14224	4.99756	14224	0	
14225	4.99756	14225	0	
14226	4.99756	14226	0	
14227	4.99756	14227	0	
14228	4.99756	14228	0	
14229	4.99756	14229	0	
14230	4.99756	14230	0	
14231	4.99756	14231	0	
14232	4.99756	14232	0	
14233	4.99756	14233	0	
14234	4.99756	14234	0	
14235	4.99756	14235	0	
14236	4.99756	14236	0	
14237	4.99756	14237	0	
14238	4.99756	14238	0	
14239	4.99756	14239	0	
14240	4.99756	14240	0	
14241	4.99756	14241	0	
14242	4.99756	14242	0	
14243	4.99756	14243	0	
14244	4.99756	14244	0	
14245	4.99756	14245	0	
14246	4.99756	14246	0	
14247	4.99756	14247	0	
14248	4.99756	14248	0	
14249	4.99756	14249	0	
14250	4.99756	14250	0	
14251	4.99756	14251	0	
14252	4.99756	14252	0	
14253	4.99756	14253	0	
14254	4.99756	14254	0	
14255	4.99756	14255	0	
14256	4.99756	14256	0	
14257	4.99756	14257	0	
14258	4.99756	14258	0	
14259	4.99756	14259	0	
14260	4.99756	14260	0	
14261	4.99756	14261	0	
14262	4.99756	14262	0	
14263	4.99756	14263	0	
14264	4.99756	14264	0	
14265	4.99756	14265	0	
14266	4.99756	14266	0	
14267	4.99756	14267	0	
14268	4.99756	14268	0	
14269	4.99756	14269	0	
14270	4.99756	14270	0	
14271	4.99756	14271	0	
14272	4.99756	14272	0	
14273	4.99756	14273	0	
14274	4.99756	14274	0	
14275	4.99756	14275	0	
14276	4.99756	14276	0	
14277	4.99756	14277	0	
14278	4.99756	14278	0	
14279	4.99756	14279	0	
14280	4.99756	14280	0	
14281	4.99756	14281	0	
14282	4.99756	14282	0	
14283	4.99756	14283	0	
14284	4.99756	14284	0	
14285	4.99756	14285	0	
14286	4.99756	14286	0	
14287	4.99756	14287	0	
14288	4.99756	14288	0	
14289	4.99756	14289	0	
14290	4.99756	14290	0	
14291	4.99756	14291	0	
14292	4.99756	14292	0	
14293	4.99756	14293	0	
14294	4.99756	14294	0	
14295	4.99756	14295	0	
14296	4.99756	14296	0	
14297	4.99756	14297	0	
14298	4.99756	14298	0	
14299	4.99756	14299	0	
14300	4.99756	14300	0	
14301	4.99756	14301	0	
14302	4.99756	14302	0	
14303	4.99756	14303	0	
14304	4.99756	14304	0	
14305	4.99756	14305	0	
14306	4.99756	14306	0	
14307	4.99756	14307	0	
14308	4.99756	14308	0	
14309	4.99756	14309	0	
14310	4.99756	14310	0	
14311	4.99756	14311	0	
14312	4.99756	14312	0	
14313	4.99756	14313	0	
14314	4.99756	14314	0	
14315	4.99756	14315	0	
14316	4.99756	14316	0	
14317	4.99756	14317	0	
14318	4.99756	14318	0	
14319	4.99756	14319	0	
14320	4.99756	14320	0	
14321	4.99756	14321	0	
14322	4.99756	14322	0	
14323	4.99756	14323	0	
14324	4.99756	14324	0	
14325	4.99756	14325	0	
14326	4.99756	14326	0	
14327	4.99756	14327	0	
14328	4.99756	14328	0	
14329	4.99756	14329	0	
14330	4.99756	14330	0	
14331	4.99756	14331	0	
14332	4.99756	14332	0	
14333	4.99756	14333	0	
14334	4.99756	14334	0	
14335	4.99756	14335	0	
14336	4.99756	14336	0	
14337	4.99756	14337	0	
14338	4.99756	14338	0	
14339	4.99756	14339	0	
14340	4.99756	14340	0	
14341	4.99756	14341	0	
14342	4.99756	14342	0	
14343	4.99756	14343	0	
14344	4.99756	14344	0	
14345	4.99756	14345	0	
14346	4.99756	14346	0	
14347	4.99756	14347	0	
14348	4.99756	14348	0	
14349	4.99756	14349	0	
14350	4.99756	14350	0	
14351	4.99756	14351	0	
14352	4.99756	14352	0	
14353	4.99756	14353	0	
14354	4.99756	14354	0	
14355	4.99756	14355	0	
14356	4.99756	14356	0	
14357	4.99756	14357	0	
14358	4.99756	14358	0	
14359	4.99756	14359	0	
14360	4.99756	14360	0	
14361	4.99756	14361	0	
14362	4.99756	14362	0	
14363	4.99756	14363	0	
14364	4.99756	14364	0	
14365	4.99756	14365	0	
14366	4.99756	14366	0	
14367	4.99756	14367	0	
14368	4.99756	14368	0	
14369	4.99756	14369	0	
14370	4.99756	14370	0	
14371	4.99756	14371	0	
14372	4.99756	14372	0	
14373	4.99756	14373	0	
14374	4.99756	14374	0	
14375	4.99756	14375	0	
14376	4.99756	14376	0	
14377	4.99756	14377	0	
14378	4.99756	14378	0	
14379	4.99756	14379	0	
14380	4.99756	14380	0	
14381	4.99756	14381	0	
14382	4.99756	14382	0	
14383	4.99756	14383	0	
14384	4.99756	14384	0	
14385	4.99756	14385	0	
14386	4.99756	14386	0	
14387	4.99756	14387	0	
14388	4.99756	14388	0	
14389	4.99756	14389	0	
14390	4.99756	14390	0	
14391	4.99756	14391	0	
14392	4.99756	14392	0	
14393	4.99756	14393	0	
14394	4.99756	14394	0	
14395	4.99756	14395	0	
14396	4.99756	14396	0	
14397	4.99756	14397	0	
14398	4.99756	14398	0	
14399	4.99756	14399	0	
14400	4.99756	14400	0	
14401	4.99756	14401	0	
14402	4.99756	14402	0	
14403	4.99756	14403	0	
14404	4.99756	14404	0	
14405	4.99756	14405	0	
14406	4.99756	14406	0	
14407	4.99756	14407	0	
14408	4.99756	14408	0	
14409	4.99756	14409	0	
14410	4.99756	14410	0	
14411	4.99756	14411	0	
14412	4.99756	14412	0	
14413	4.99756	14413	0	
14414	4.99756	14414	0	
14415	4.99756	14415	0	
14416	4.99756	14416	0	
14417	4.99756	14417	0	
14418	4.99756	14418	0	
14419	4.99756	14419	0	
14420	4.99756	14420	0	
14421	4.99756	14421	0	
14422	4.99756	14422	0	
14423	4.99756	14423	0	
14424	4.99756	14424	0	
14425	4.99756	14425	0	
14426	4.99756	14426	0	
14427	4.99756	14427	0	
14428	4.99756	14428	0	
14429	4.99756	14429	0	
14430	4.99756	14430	0	
14431	4.99756	14431	0	
14432	4.99756	14432	0	
14433	4.99756	14433	0	
14434	4.99756	14434	0	
14435	4.99756	14435	0	
14436	4.99756	14436	0	
14437	4.99756	14437	0	
14438	4.99756	14438	0	
14439	4.99756	14439	0	
14440	4.99756	14440	0	
14441	4.99756	14441	0	
14442	4.99756	14442	0	
14443	4.99756	14443	0	
14444	4.99756	14444	0	
14445	4.99756	14445	0	
14446	4.99756	14446	0	
14447	4.99756	14447	0	
14448	4.99756	14448	0	
14449	4.99756	14449	0	
14450	4.99756	14450	0	
14451	4.99756	14451	0	
14452	4.99756	14452	0	
14453	4.99756	14453	0	
14454	4.99756	14454	0	
14455	4.99756	14455	0	
14456	4.99756	14456	0	
14457	4.99756	14457	0	
14458	4.99756	14458	0	
14459	4.99756	14459	0	
14460	4.99756	14460	0	
14461	4.99756	14461	0	
14462	4.99756	14462	0	
14463	4.99756	14463	0	
14464	4.99756	14464	0	
14465	4.99756	14465	0	
14466	4.99756	14466	0	
14467	4.99756	14467	0	
14468	4.99756	14468	0	
14469	4.99756	14469	0	
14470	4.99756	14470	0	
14471	4.99756	14471	0	
14472	4.99756	14472	0	
14473	4.99756	14473	0	
14474	4.99756	14474	0	
14475	4.99756	14475	0	
14476	4.99756	14476	0	
14477	4.99756	14477	0	
14478	4.99756	14478	0	
14479	4.99756	14479	0	
14480	4.99756	14480	0	
14481	4.99756	14481	0	
14482	4.99756	14482	0	
14483	4.99756	14483	0	
14484	4.99756	14484	0	
14485	4.99756	14485	0	
14486	4.99756	14486	0	
14487	4.99756	14487	0	
14488	4.99756	14488	0	
14489	4.99756	14489	0	
14490	4.99756	14490	0	
14491	4.99756	14491	0	
14492	4.99756	14492	0	
14493	4.99756	14493	0	
14494	4.99756	14494	0	
14495	4.99756	14495	0	
14496	4.99756	14496	0	
14497	4.99756	14497	0	
14498	4.99756	14498	0	
14499	4.99756	14499	0	
14500	4.99756	14500	0	
14501	4.99756	14501	0	
14502	4.99756	14502	0	
14503	4.99756	14503	0	
14504	4.99756	14504	0	
14505	4.99756	14505	0	
14506	4.99756	14506	0	
14507	4.99756	14507	0	
14508	4.99756	14508	0	
14509	4.99756	14509	0	
14510	4.99756	14510	0	
14511	4.99756	14511	0	
14512	4.99756	14512	0	
14513	4.99756	14513	0	
14514	4.99756	14514	0	
14515	4.99756	14515	0	
14516	4.99756	14516	0	
14517	4.99756	14517	0	
14518	4.99756	14518	0	
14519	4.99756	14519	0	
14520	4.99756	14520	0	
14521	4.99756	14521	0	
14522	4.99756	14522	0	
14523	4.99756	14523	0	
14524	4.99756	14524	0	
14525	4.99756	14525	0	
14526	4.99756	14526	0	
14527	4.99756	14527	0	
14528	4.99756	14528	0	
14529	4.99756	14529	0	
14530	4.99756	14530	0	
14531	4.99756	14531	0	
14532	4.99756	14532	0	
14533	4.99756	14533	0	
14534	4.99756	14534	0	
14535	4.99756	14535	0	
14536	4.99756	14536	0	
14537	4.99756	14537	0	
14538	4.99756	14538	0	
14539	4.99756	14539	0	
14540	4.99756	14540	0	
14541	4.99756	14541	0	
14542	4.99756	14542	0	
14543	4.99756	14543	0	
14544	4.99756	14544	0	
14545	4.99756	14545	0	
14546	4.99756	14546	0	
14547	4.99756	14547	0	
14548	4.99756	14548	0	
14549	4.99756	14549	0	
14550	4.99756	14550	0	
14551	4.99756	14551	0	
14552	4.99756	14552	0	
14553	4.99756	14553	0	
14554	4.99756	14554	0	
14555	4.99756	14555	0	
14556	4.99756	14556	0	
14557	4.99756	14557	0	
14558	4.99756	14558	0	
14559	4.99756	14559	0	
14560	4.99756	14560	0	
14561	4.99756	14561	0	
14562	4.99756	14562	0	
14563	4.99756	14563	0	
14564	4.99756	14564	0	
14565	4.99756	14565	0	
14566	4.99756	14566	0	
14567	4.99756	14567	0	
14568	4.99756	14568	0	
14569	4.99756	14569	0	
14570	4.99756	14570	0	
14571	4.99756	14571	0	
14572	4.99756	14572	0	
14573	4.99756	14573	0	
14574	4.99756	14574	0	
14575	4.99756	14575	0	
14576	4.99756	14576	0	
14577	4.99756	14577	0	
14578	4.99756	14578	0	
14579	4.99756	14579	0	
14580	4.99756	14580	0	
14581	4.99756	14581	0	
14582	4.99756	14582	0	
14583	4.99756	14583	0	
14584	4.99756	14584	0	
14585	4.99756	14585	0	
14586	4.99756	14586	0	
14587	4.99756	14587	0	
14588	4.99756	14588	0	
14589	4.99756	14589	0	
14590	4.99756	14590	0	
14591	4.99756	14591	0	
14592	4.99756	14592	0	
14593	4.99756	14593	0	
14594	4.99756	14594	0	
14595	4.99756	14595	0	
14596	4.99756	14596	0	
14597	4.99756	14597	0	
14598	4.99756	14598	0	
14599	4.99756	14599	0	
14600	4.99756	14600	0	
14601	4.99756	14601	0	
14602	4.99756	14602	0	
14603	4.99756	14603	0	
14604	4.99756	14604	0	
14605	4.99756	14605	0	
14606	4.99756	14606	0	
14607	4.99756	14607	0	
14608	4.99756	14608	0	
14609	4.99756	14609	0	
14610	4.99756	14610	0	
14611	4.99756	14611	0	
14612	4.99756	14612	0	
14613	4.99756	14613	0	
14614	4.99756	14614	0	
14615	4.99756	14615	0	
14616	4.99756	14616	0	
14617	4.99756	14617	0	
14618	4.99756	14618	0	
14619	4.99756	14619	0	
14620	4.99756	14620	0	
14621	4.99756	14621	0	
14622	4.99756	14622	0	
14623	4.99756	14623	0	
14624	4.99756	14624	0	
14625	4.99756	14625	0	
14626	4.99756	14626	0	
14627	4.99756	14627	0	
14628	4.99756	14628	0	
14629	4.99756	14629	0	
14630	4.99756	14630	0	
14631	4.99756	14631	0	
14632	4.99756	14632	0	
14633	4.99756	14633	0	
14634	0.00244141	14634	0	
14635	0.00244141	14635	0	
14636	0.00244141	14636	0	
14637	0.00244141	14637	0	
14638	0.00244141	14638	0	
14639	0.00244141	14639	0	
14640	0.00244141	14640	0	
14641	0.00244141	14641	0	
14642	0.00244141	14642	0	
14643	0.00244141	14643	0	
14644	0.00244141	14644	0	
14645	0.00244141	14645	0	
14646	0.00244141	14646	0	
14647	0.00244141	14647	0	
14648	0.00244141	14648	0	
14649	0.00244141	14649	0	
14650	0.00244141	14650	0	
14651	0.00244141	14651	0	
14652	0.00244141	14652	0	
14653	0.00244141	14653	0	
14654	0.00244141	14654	0	
14655	0.00244141	14655	0	
14656	0.00244141	14656	0	
14657	0.00244141	14657	0	
14658	0.00244141	14658	0	
14659	0.00244141	14659	0	
14660	0.00244141	14660	0	
14661	0.00244141	14661	0	
14662	0.00244141	14662	0	
14663	0.00244141	14663	0	
14664	0.00244141	14664	0	
14665	0.00244141	14665	0	
14666	0.00244141	14666	0	
14667	0.00244141	14667	0	
14668	0.00244141	14668	0	
14669	0.00244141	14669	0	
14670	0.00244141	14670	0	
14671	0.00244141	14671	0	
14672	0.00244141	14672	0	
14673	0.00244141	14673	0	
14674	0.00244141	14674	0	
14675	0.00244141	14675	0	
14676	0.00244141	14676	0	
14677	0.00244141	14677	0	
14678	0.00244141	14678	0	
14679	0.00244141	14679	0	
14680	0.00244141	14680	0	
14681	0.00244141	14681	0	
14682	0.00244141	14682	0	
14683	0.00244141	14683	0	
14684	0.00244141	14684	0	
14685	0.00244141	14685	0	
14686	0.00244141	14686	0	
14687	0.00244141	14687	0	
14688	0.00244141	14688	0	
14689	0.00244141	14689	0	
14690	0.00244141	14690	0	
14691	0.00244141	14691	0	
14692	0.00244141	14692	0	
14693	0.00244141	14693	0	
14694	0.00244141	14694	0	
14695	0.00244141	14695	0	
14696	0.00244141	14696	0	
14697	0.00244141	14697	0.00244141	
14698	0.00244141	14698	0	
14699	0.00244141	14699	0	
14700	0.00244141	14700	0	
14701	0.00244141	14701	0.00244141	
14702	0.00244141	14702	0	
14703	0.00244141	14703	0	
14704	0.00244141	14704	0	
14705	0.00244141	14705	0.00244141	
14706	0.00244141	14706	0.00244141	
14707	0.00244141	14707	0.00244141	
14708	0.00244141	14708	0.00244141	
14709	0.00244141	14709	0.00244141	
14710	0.00244141	14710	0.00244141	
14711	0.00244141	14711	0	
14712	0.00244141	14712	0.00244141	
14713	0.00244141	14713	0.00244141	
14714	0.00244141	14714	0	
14715	0.00244141	14715	0.00244141	
14716	0.00244141	14716	0.00244141	
14717	0.00244141	14717	0.00244141	
14718	0.00244141	14718	0.00244141	
14719	0.00244141	14719	0.00244141	
14720	0.00244141	14720	0.00244141	
14721	0.00244141	14721	0.151367	
14722	0.00244141	14722	4.88037	
14723	0.00244141	14723	4.99756	
14724	0.00244141	14724	4.99756	
14725	0.00244141	14725	4.99756	
14726	0.00244141	14726	4.99756	
14727	0.00244141	14727	4.99756	
14728	0.00244141	14728	4.99756	
14729	0.00244141	14729	4.99756	
14730	0.00244141	14730	4.99756	
14731	0.00244141	14731	4.99756	
14732	0.00244141	14732	4.99756	
14733	0.00244141	14733	4.99756	
14734	0.00244141	14734	4.99756	
14735	0.00244141	14735	4.99756	
14736	0.00244141	14736	4.99756	
14737	0.00244141	14737	4.99756	
14738	0.00244141	14738	4.99756	
14739	0.00244141	14739	4.99756	
14740	0.00244141	14740	4.99756	
14741	0.00244141	14741	4.99756	
14742	0.00244141	14742	4.99756	
14743	0.00244141	14743	4.99756	
14744	0.00244141	14744	4.99756	
14745	0.00244141	14745	4.99756	
14746	0.00244141	14746	4.99756	
14747	0.00244141	14747	4.99756	
14748	0.00244141	14748	4.99756	
14749	0.00244141	14749	4.99756	
14750	0.00244141	14750	4.99756	
14751	0.00244141	14751	4.99756	
14752	0.00244141	14752	4.99756	
14753	0.00244141	14753	4.99756	
14754	0.00244141	14754	4.99756	
14755	0.00244141	14755	4.99756	
14756	0.00244141	14756	4.99756	
14757	0.00244141	14757	4.99756	
14758	0.00244141	14758	4.99756	
14759	0.00244141	14759	4.99756	
14760	0.00244141	14760	4.99756	
14761	0.00244141	14761	4.99756	
14762	0.00244141	14762	4.99756	
14763	0.00244141	14763	4.99756	
14764	0.00244141	14764	4.99756	
14765	0.00244141	14765	4.99756	
14766	0.00244141	14766	4.99756	
14767	0.00244141	14767	4.99756	
14768	0.00244141	14768	4.99756	
14769	0.00244141	14769	4.99756	
14770	0.00244141	14770	4.99756	
14771	0.00244141	14771	4.99756	
14772	0.00244141	14772	4.99756	
14773	0.00244141	14773	4.99756	
14774	0.00244141	14774	4.99756	
14775	0.00244141	14775	4.99756	
14776	0.00244141	14776	4.99756	
14777	0.00244141	14777	4.99756	
14778	0.00244141	14778	4.99756	
14779	0.00244141	14779	4.99756	
14780	0.00244141	14780	4.99756	
14781	0.00244141	14781	4.99756	
14782	0.00244141	14782	4.99756	
14783	0.00244141	14783	4.99756	
14784	0.00244141	14784	4.99756	
14785	0.00244141	14785	4.99756	
14786	0.00244141	14786	4.99756	
14787	0.00244141	14787	4.99756	
14788	0.00244141	14788	4.99756	
14789	0.00244141	14789	4.99756	
14790	0.00244141	14790	4.99756	
14791	0.00244141	14791	4.99756	
14792	0.00244141	14792	4.99756	
14793	0.00244141	14793	4.99756	
14794	0.00244141	14794	4.99756	
14795	0.00244141	14795	4.99756	
14796	0.00244141	14796	4.99756	
14797	0.00244141	14797	4.99756	
14798	0.00244141	14798	4.99756	
14799	0.00244141	14799	4.99756	
14800	0.00244141	14800	4.99756	
14801	0.00244141	14801	4.99756	
14802	0.00244141	14802	4.99756	
14803	0.00244141	14803	4.99756	
14804	0.00244141	14804	4.99756	
14805	0.00244141	14805	4.99756	
14806	0.00244141	14806	4.99756	
14807	0.00244141	14807	4.99756	
14808	0.00244141	14808	4.99756	
14809	0.00244141	14809	4.99756	
14810	0.00244141	14810	4.99756	
14811	0.00244141	14811	4.99756	
14812	0.00244141	14812	4.99756	
14813	0.00244141	14813	4.99756	
14814	0.00244141	14814	4.99756	
14815	0.00244141	14815	4.99756	
14816	0.00244141	14816	4.99756	
14817	0.00244141	14817	4.99756	
14818	0.00244141	14818	4.99756	
14819	0.00244141	14819	4.99756	
14820	0.00244141	14820	4.99756	
14821	0.00244141	14821	4.99756	
14822	0.00244141	14822	4.99756	
14823	0.00244141	14823	4.99756	
14824	0.00244141	14824	4.99756	
14825	0.00244141	14825	4.99756	
14826	0.00244141	14826	4.99756	
14827	0.00244141	14827	4.99756	
14828	0.00244141	14828	4.99756	
14829	0.00244141	14829	4.99756	
14830	0.00244141	14830	4.99756	
14831	0.00244141	14831	4.99756	
14832	0.00244141	14832	4.99756	
14833	0.00244141	14833	4.99756	
14834	0.00244141	14834	4.99756	
14835	4.99756	14835	4.99756	
14836	4.99756	14836	4.99756	
14837	4.99756	14837	4.99756	
14838	4.99756	14838	4.99756	
14839	4.99756	14839	4.99756	
14840	4.99756	14840	4.99756	
14841	4.99756	14841	4.99756	
14842	4.99756	14842	4.99756	
14843	4.99756	14843	4.99756	
14844	4.99756	14844	4.99756	
14845	4.99756	14845	4.99756	
14846	4.99756	14846	4.99756	
14847	4.99756	14847	4.99756	
14848	4.99756	14848	4.99756	
14849	4.99756	14849	4.99756	
14850	4.99756	14850	4.99756	
14851	4.99756	14851	4.99756	
14852	4.99756	14852	4.99756	
14853	4.99756	14853	4.99756	
14854	4.99756	14854	4.99756	
14855	4.99756	14855	4.99756	
14856	4.99756	14856	4.99756	
14857	4.99756	14857	4.99756	
14858	4.99756	14858	4.99756	
14859	4.99756	14859	4.99756	
14860	4.99756	14860	4.99756	
14861	4.99756	14861	4.99756	
14862	4.99756	14862	4.99756	
14863	4.99756	14863	4.99756	
14864	4.99756	14864	4.99756	
14865	4.99756	14865	4.99756	
14866	4.99756	14866	4.99756	
14867	4.99756	14867	4.99756	
14868	4.99756	14868	4.99756	
14869	4.99756	14869	4.99756	
14870	4.99756	14870	4.99756	
14871	4.99756	14871	4.99756	
14872	4.99756	14872	4.99756	
14873	4.99756	14873	4.99756	
14874	4.99756	14874	4.99756	
14875	4.99756	14875	4.99756	
14876	4.99756	14876	4.99756	
14877	4.99756	14877	4.99756	
14878	4.99756	14878	4.99756	
14879	4.99756	14879	4.99756	
14880	4.99756	14880	4.99756	
14881	4.99756	14881	4.99756	
14882	4.99756	14882	4.99756	
14883	4.99756	14883	4.99756	
14884	4.99756	14884	4.99756	
14885	4.99756	14885	4.99756	
14886	4.99756	14886	4.99756	
14887	4.99756	14887	4.99756	
14888	4.99756	14888	4.99756	
14889	4.99756	14889	4.99756	
14890	4.99756	14890	4.99756	
14891	4.99756	14891	4.99756	
14892	4.99756	14892	4.99756	
14893	4.99756	14893	4.99756	
14894	4.99756	14894	4.99756	
14895	4.99756	14895	4.99756	
14896	4.99756	14896	4.99756	
14897	4.99756	14897	4.99756	
14898	4.99756	14898	4.99756	
14899	4.99756	14899	4.99756	
14900	4.99756	14900	4.99756	
14901	4.99756	14901	4.99756	
14902	4.99756	14902	4.99756	
14903	4.99756	14903	4.99756	
14904	4.99756	14904	4.99756	
14905	4.99756	14905	4.99756	
14906	4.99756	14906	4.99756	
14907	4.99756	14907	4.99756	
14908	4.99756	14908	4.99756	
14909	4.99756	14909	4.99756	
14910	4.99756	14910	4.99756	
14911	4.99756	14911	4.99756	
14912	4.99756	14912	4.99756	
14913	4.99756	14913	4.99756	
14914	4.99756	14914	4.99756	
14915	4.99756	14915	4.99756	
14916	4.99756	14916	4.99756	
14917	4.99756	14917	4.99756	
14918	4.99756	14918	4.99756	
14919	4.99756	14919	4.99756	
14920	4.99756	14920	4.99756	
14921	4.99756	14921	4.99756	
14922	4.99756	14922	4.99756	
14923	4.99756	14923	4.99756	
14924	4.99756	14924	4.99756	
14925	4.99756	14925	4.99756	
14926	4.99756	14926	4.99756	
14927	4.99756	14927	4.99756	
14928	4.99756	14928	4.99756	
14929	4.99756	14929	4.99756	
14930	4.99756	14930	4.99756	
14931	4.99756	14931	4.99756	
14932	4.99756	14932	4.99756	
14933	4.99756	14933	4.99756	
14934	4.99756	14934	4.99756	
14935	4.99756	14935	4.99756	
14936	4.99756	14936	4.99756	
14937	4.99756	14937	4.99756	
14938	4.99756	14938	4.99756	
14939	4.99756	14939	4.99756	
14940	4.99756	14940	4.99756	
14941	4.99756	14941	4.99756	
14942	4.99756	14942	4.99756	
14943	4.99756	14943	4.99756	
14944	4.99756	14944	4.99756	
14945	4.99756	14945	4.99756	
14946	4.99756	14946	4.99756	
14947	4.99756	14947	4.99756	
14948	4.99756	14948	4.99756	
14949	4.99756	14949	4.99756	
14950	4.99756	14950	4.99756	
14951	4.99756	14951	4.99756	
14952	4.99756	14952	4.99756	
14953	4.99756	14953	4.99756	
14954	4.99756	14954	4.99756	
14955	4.99756	14955	4.99756	
14956	4.99756	14956	4.99756	
14957	4.99756	14957	4.99756	
14958	4.99756	14958	4.99756	
14959	4.99756	14959	4.99756	
14960	4.99756	14960	4.99756	
14961	4.99756	14961	4.99756	
14962	4.99756	14962	4.99756	
14963	4.99756	14963	4.99756	
14964	4.99756	14964	4.99756	
14965	4.99756	14965	4.99756	
14966	4.99756	14966	4.99756	
14967	4.99756	14967	4.99756	
14968	4.99756	14968	4.99756	
14969	4.99756	14969	4.99756	
14970	4.99756	14970	4.99756	
14971	4.99756	14971	4.99756	
14972	4.99756	14972	4.99756	
14973	4.99756	14973	4.99756	
14974	4.99756	14974	4.99756	
14975	4.99756	14975	4.99756	
14976	4.99756	14976	4.99756	
14977	4.99756	14977	4.99756	
14978	4.99756	14978	4.99756	
14979	4.99756	14979	4.99756	
14980	4.99756	14980	4.99756	
14981	4.99756	14981	4.99756	
14982	4.99756	14982	4.99756	
14983	4.99756	14983	4.99756	
14984	4.99756	14984	4.99756	
14985	4.99756	14985	4.99756	
14986	4.99756	14986	4.99756	
14987	4.99756	14987	4.99756	
14988	4.99756	14988	4.99756	
14989	4.99756	14989	4.99756	
14990	4.99756	14990	4.99756	
14991	4.99756	14991	4.99756	
14992	4.99756	14992	4.99756	
14993	4.99756	14993	4.99756	
14994	4.99756	14994	4.99756	
14995	4.99756	14995	4.99756	
14996	4.99756	14996	4.99756	
14997	4.99756	14997	4.99756	
14998	4.99756	14998	4.99756	
14999	4.99756	14999	4.99756	
15000	4.99756	15000	4.99756 