1.2000	0.0000
1.2061	0.0000
1.2122	0.0000
1.2184	0.0000
1.2245	0.0000
1.2306	0.0000
1.2367	0.0000
1.2429	0.0000
1.2490	0.0000
1.2551	0.0000
1.2612	0.0000
1.2673	0.0000
1.2735	0.0000
1.2796	0.0000
1.2857	0.0000
1.2918	0.0000
1.2980	0.0001
1.3041	0.0002
1.3102	0.0004
1.3163	0.0014
1.3224	0.0017
1.3286	0.0022
1.3347	0.0024
1.3408	0.0024
1.3469	0.0024
1.3531	0.0024
1.3592	0.0024
1.3653	0.0025
1.3714	0.0025
1.3776	0.0030
1.3837	0.0037
1.3898	0.0048
1.3959	0.0049
1.4020	0.0049
1.4082	0.0049
1.4143	0.0073
1.4204	0.0073
1.4265	0.0073
1.4327	0.0078
1.4388	0.0098
1.4449	0.0098
1.4510	0.0122
1.4571	0.0122
1.4633	0.0145
1.4694	0.0146
1.4755	0.0168
1.4816	0.0171
1.4878	0.0195
1.4939	0.0219
1.5000	0.0222
