3E 25 0.5968 0.2
3E 25 0.5968 0.2
3E 25 0.5968 0.2
3E 25 0.5968 0.2
3E 25 0.5968 0.2
3E 25 0.5968 0.2
3E 25 0.5968 0.2
3E 25 0.5968 0.2
3E 25 0.5968 0.2
3E 25 0.5968 0.2
3E 25 0.5968 0.2
3D 25 0.6066 0.2
3D 25 0.6066 0.2
3D 25 0.6066 0.2
3D 25 0.6066 0.2
3C 24 0.6000 0.2
3C 24 0.6000 0.2
3C 24 0.6000 0.2
3C 24 0.6000 0.2
3D 24 0.5902 0.2
3D 24 0.5902 0.2
3D 24 0.5902 0.2
7B 30 0.3902 1.7
7B 30 0.3902 1.7
7B 30 0.3902 1.7
7B 30 0.3902 1.7
15B 59 0.2565 7.3
15B 59 0.2565 7.3
15B 59 0.2565 7.3
15B 59 0.2565 7.3
164 5A 0.2528 7.6
164 5A 0.2528 7.6
164 5A 0.2528 7.6
164 5A 0.2528 7.6
16E 5A 0.2459 7.9
16E 5A 0.2459 7.9
16E 5A 0.2459 7.9
16E 5A 0.2459 7.9
180 5B 0.2370 8.5
180 5B 0.2370 8.5
180 5B 0.2370 8.5
180 5B 0.2370 8.5
19A 5D 0.2268 9.3
19A 5D 0.2268 9.3
19A 5D 0.2268 9.3
1B2 5E 0.2166 10.0
1B2 5E 0.2166 10.0
1B2 5E 0.2166 10.0
1B2 5E 0.2166 10.0
1CE 60 0.2078 10.9
1CE 60 0.2078 10.9
1CE 60 0.2078 10.9
1CE 60 0.2078 10.9
1E3 62 0.2029 11.5
1E3 62 0.2029 11.5
1E3 62 0.2029 11.5
1E3 62 0.2029 11.5
1FF 63 0.1937 12.4
1FF 63 0.1937 12.4
1FF 63 0.1937 12.4
1FF 63 0.1937 12.4
21E 65 0.1863 13.3
21E 65 0.1863 13.3
21E 65 0.1863 13.3
244 67 0.1776 14.4
244 67 0.1776 14.4
244 67 0.1776 14.4
244 67 0.1776 14.4
273 69 0.1675 15.9
273 69 0.1675 15.9
273 69 0.1675 15.9
273 69 0.1675 15.9
2B4 6E 0.1590 17.8
2B4 6E 0.1590 17.8
2B4 6E 0.1590 17.8
2B4 6E 0.1590 17.8
2AA 6A 0.1554 17.6
2AA 6A 0.1554 17.6
2AA 6A 0.1554 17.6
2AA 6A 0.1554 17.6
276 60 0.1524 16.3
276 60 0.1524 16.3
276 60 0.1524 16.3
24E 59 0.1508 15.3
24E 59 0.1508 15.3
24E 59 0.1508 15.3
24E 59 0.1508 15.3
22A 52 0.1480 14.5
22A 52 0.1480 14.5
22A 52 0.1480 14.5
22A 52 0.1480 14.5
20D 4D 0.1467 13.7
20D 4D 0.1467 13.7
20D 4D 0.1467 13.7
20D 4D 0.1467 13.7
1F8 4A 0.1468 13.2
1F8 4A 0.1468 13.2
1F8 4A 0.1468 13.2
1F8 4A 0.1468 13.2
1E0 46 0.1458 12.6
1E0 46 0.1458 12.6
1E0 46 0.1458 12.6
1D5 43 0.1429 12.4
1D5 43 0.1429 12.4
1D5 43 0.1429 12.4
1D5 43 0.1429 12.4
1B9 3F 0.1429 11.6
1B9 3F 0.1429 11.6
1B9 3F 0.1429 11.6
1B9 3F 0.1429 11.6
1A5 3B 0.1401 11.1
1A5 3B 0.1401 11.1
1A5 3B 0.1401 11.1
1A5 3B 0.1401 11.1
19B 39 0.1387 10.9
19B 39 0.1387 10.9
19B 39 0.1387 10.9
19B 39 0.1387 10.9
194 38 0.1386 10.7
194 38 0.1386 10.7
194 38 0.1386 10.7
196 38 0.1379 10.8
196 38 0.1379 10.8
196 38 0.1379 10.8
196 38 0.1379 10.8
19B 39 0.1387 10.9
19B 39 0.1387 10.9
19B 39 0.1387 10.9
19B 39 0.1387 10.9
19F 39 0.1373 11.0
19F 39 0.1373 11.0
19F 39 0.1373 11.0
19F 39 0.1373 11.0
1A7 39 0.1348 11.3
1A7 39 0.1348 11.3
1A7 39 0.1348 11.3
1A7 39 0.1348 11.3
1BA 3A 0.1312 11.8
1BA 3A 0.1312 11.8
1BA 3A 0.1312 11.8
1CD 3A 0.1258 12.4
1CD 3A 0.1258 12.4
1CD 3A 0.1258 12.4
1CD 3A 0.1258 12.4
1E3 3A 0.1201 13.1
1E3 3A 0.1201 13.1
1E3 3A 0.1201 13.1
1E3 3A 0.1201 13.1
1F4 3A 0.1160 13.7
1F4 3A 0.1160 13.7
1F4 3A 0.1160 13.7
1F4 3A 0.1160 13.7
207 3B 0.1137 14.2
207 3B 0.1137 14.2
207 3B 0.1137 14.2
207 3B 0.1137 14.2
21C 3B 0.1093 14.9
21C 3B 0.1093 14.9
21C 3B 0.1093 14.9
237 3C 0.1058 15.7
237 3C 0.1058 15.7
237 3C 0.1058 15.7
237 3C 0.1058 15.7
257 3C 0.1002 16.7
257 3C 0.1002 16.7
257 3C 0.1002 16.7
257 3C 0.1002 16.7
26E 3D 0.0981 17.4
26E 3D 0.0981 17.4
26E 3D 0.0981 17.4
26E 3D 0.0981 17.4
293 3D 0.0926 18.6
293 3D 0.0926 18.6
293 3D 0.0926 18.6
293 3D 0.0926 18.6
27A 3B 0.0931 17.9
27A 3B 0.0931 17.9
27A 3B 0.0931 17.9
23C 37 0.0962 16.1
23C 37 0.0962 16.1
23C 37 0.0962 16.1
23C 37 0.0962 16.1
210 35 0.1004 14.7
210 35 0.1004 14.7
210 35 0.1004 14.7
210 35 0.1004 14.7
1E9 32 0.1022 13.6
1E9 32 0.1022 13.6
1E9 32 0.1022 13.6
1E9 32 0.1022 13.6
1CB 31 0.1068 12.7
1CB 31 0.1068 12.7
1CB 31 0.1068 12.7
1CB 31 0.1068 12.7
1B3 2F 0.1080 12.0
1B3 2F 0.1080 12.0
1B3 2F 0.1080 12.0
1B3 2F 0.1080 12.0
1A0 2E 0.1106 11.5
1A0 2E 0.1106 11.5
1A0 2E 0.1106 11.5
18C 2C 0.1111 10.9
18C 2C 0.1111 10.9
18C 2C 0.1111 10.9
18C 2C 0.1111 10.9
16C 2B 0.1181 9.9
16C 2B 0.1181 9.9
16C 2B 0.1181 9.9
16C 2B 0.1181 9.9
152 29 0.1213 9.2
152 29 0.1213 9.2
152 29 0.1213 9.2
152 29 0.1213 9.2
141 28 0.1246 8.7
141 28 0.1246 8.7
141 28 0.1246 8.7
141 28 0.1246 8.7
13B 27 0.1238 8.5
13B 27 0.1238 8.5
13B 27 0.1238 8.5
134 27 0.1266 8.3
134 27 0.1266 8.3
134 27 0.1266 8.3
134 27 0.1266 8.3
137 27 0.1254 8.4
137 27 0.1254 8.4
137 27 0.1254 8.4
137 27 0.1254 8.4
13C 28 0.1266 8.5
13C 28 0.1266 8.5
13C 28 0.1266 8.5
13C 28 0.1266 8.5
145 2A 0.1292 8.7
145 2A 0.1292 8.7
145 2A 0.1292 8.7
145 2A 0.1292 8.7
154 2C 0.1294 9.1
154 2C 0.1294 9.1
154 2C 0.1294 9.1
165 2F 0.1317 9.6
165 2F 0.1317 9.6
165 2F 0.1317 9.6
165 2F 0.1317 9.6
172 32 0.1351 9.9
172 32 0.1351 9.9
172 32 0.1351 9.9
172 32 0.1351 9.9
181 35 0.1377 10.2
181 35 0.1377 10.2
181 35 0.1377 10.2
181 35 0.1377 10.2
192 38 0.1393 10.6
192 38 0.1393 10.6
192 38 0.1393 10.6
192 38 0.1393 10.6
1A7 3C 0.1418 11.2
1A7 3C 0.1418 11.2
1A7 3C 0.1418 11.2
1C1 40 0.1425 11.8
1C1 40 0.1425 11.8
1C1 40 0.1425 11.8
1C1 40 0.1425 11.8
1E1 46 0.1455 12.6
1E1 46 0.1455 12.6
1E1 46 0.1455 12.6
1E1 46 0.1455 12.6
211 4F 0.1493 13.8
211 4F 0.1493 13.8
211 4F 0.1493 13.8
211 4F 0.1493 13.8
248 59 0.1524 15.2
248 59 0.1524 15.2
248 59 0.1524 15.2
248 59 0.1524 15.2
237 5A 0.1587 14.6
237 5A 0.1587 14.6
237 5A 0.1587 14.6
215 59 0.1670 13.5
215 59 0.1670 13.5
215 59 0.1670 13.5
215 59 0.1670 13.5
1F5 59 0.1776 12.5
1F5 59 0.1776 12.5
1F5 59 0.1776 12.5
1F5 59 0.1776 12.5
1DD 59 0.1866 11.7
1DD 59 0.1866 11.7
1DD 59 0.1866 11.7
1DD 59 0.1866 11.7
1C1 58 0.1960 10.8
1C1 58 0.1960 10.8
1C1 58 0.1960 10.8
1C1 58 0.1960 10.8
1B1 58 0.2032 10.3
1B1 58 0.2032 10.3
1B1 58 0.2032 10.3
19A 57 0.2122 9.6
19A 57 0.2122 9.6
19A 57 0.2122 9.6
19A 57 0.2122 9.6
185 56 0.2211 8.9
185 56 0.2211 8.9
185 56 0.2211 8.9
185 56 0.2211 8.9
170 56 0.2337 8.2
170 56 0.2337 8.2
170 56 0.2337 8.2
170 56 0.2337 8.2
15B 56 0.2478 7.5
15B 56 0.2478 7.5
15B 56 0.2478 7.5
15B 56 0.2478 7.5
14F 55 0.2537 7.1
14F 55 0.2537 7.1
14F 55 0.2537 7.1
14F 55 0.2537 7.1
14B 55 0.2568 7.0
14B 55 0.2568 7.0
14B 55 0.2568 7.0
D9 41 0.2995 4.1
D9 41 0.2995 4.1
D9 41 0.2995 4.1
D9 41 0.2995 4.1
3C 24 0.6000 0.2
3C 24 0.6000 0.2
3C 24 0.6000 0.2
3C 24 0.6000 0.2
3C 23 0.5833 0.2
3C 23 0.5833 0.2
3C 23 0.5833 0.2
3C 23 0.5833 0.2
3C 23 0.5833 0.2
3C 23 0.5833 0.2