+-----------+--------+---------+
|100.00000  |97.94624|-0.69016 |
+-----------+--------+---------+
|114.55150  |97.95730|-0.47138 |
+-----------+--------+---------+
|131.22045  |97.93790|-0.66841 |
+-----------+--------+---------+
|150.31500  |98.10362|-0.61101 |
+-----------+--------+---------+
|172.18808  |97.90476|-0.73386 |
+-----------+--------+---------+
|197.24402  |97.94397|-0.97536 |
+-----------+--------+---------+
|225.94598  |97.92755|-1.09438 |
+-----------+--------+---------+
|258.82450  |97.93486|-1.21051 |
+-----------+--------+---------+
|296.48734  |97.88591|-1.38993 |
+-----------+--------+---------+
|339.63069  |97.90388|-1.66542 |
+-----------+--------+---------+
|389.05203  |97.83543|-1.84690 |
+-----------+--------+---------+
|445.66493  |97.84738|-2.18801 |
+-----------+--------+---------+
|510.51585  |97.77730|-2.39423 |
+-----------+--------+---------+
|584.80355  |97.74778|-2.72696 |
+-----------+--------+---------+
|669.90122  |97.60410|-3.00379 |
+-----------+--------+---------+
|767.38187  |97.59642|-3.54957 |
+-----------+--------+---------+
|879.04742  |97.55319|-4.00745 |
+-----------+--------+---------+
|1006.96198 |97.26655|-4.54069 |
+-----------+--------+---------+
|1153.49003 |97.13006|-5.27734 |
+-----------+--------+---------+
|1321.34009 |96.84905|-6.05987 |
+-----------+--------+---------+
|1513.61486 |96.55528|-6.91154 |
+-----------+--------+---------+
|1733.86848 |96.06742|-7.84573 |
+-----------+--------+---------+
|1986.17230 |95.63396|-9.01526 |
+-----------+--------+---------+
|2275.19010 |94.84735|-10.10560|
+-----------+--------+---------+
|2606.26432 |94.00402|-11.54861|
+-----------+--------+---------+
|2985.51480 |92.86523|-13.14820|
+-----------+--------+---------+
|3419.95189 |91.36517|-14.88276|
+-----------+--------+---------+
|3917.60609 |89.65587|-16.70950|
+-----------+--------+---------+
|4487.67642 |87.41406|-18.75699|
+-----------+--------+---------+
|5140.70052 |84.70960|-20.77572|
+-----------+--------+---------+
|5888.74941 |81.55817|-22.93273|
+-----------+--------+---------+
|6745.65060 |77.81060|-25.19129|
+-----------+--------+---------+
|7727.24375 |73.78741|-27.25043|
+-----------+--------+---------+
|8851.67339 |69.10389|-29.21009|
+-----------+--------+---------+
|10139.72438|64.20457|-30.88954|
+-----------+--------+---------+
|11615.20607|59.13962|-31.93736|
+-----------+--------+---------+
|13305.39243|53.91760|-32.70751|
+-----------+--------+---------+
|15241.52622|48.84809|-32.75851|
+-----------+--------+---------+
|17459.39645|44.03123|-32.17302|
+-----------+--------+---------+
|20000.00000|40.14281|-31.29140|
+-----------+--------+---------+
