100.00000	1.00035	0.05687
112.53356	1.00036	0.05945
126.63802	1.00040	0.06927
142.51027	1.00036	0.08365
160.37187	1.00030	0.10267
180.47218	1.00037	0.10872
203.09176	1.00035	0.12362
228.54639	1.00034	0.13919
257.19138	1.00034	0.14986
289.42661	1.00036	0.16892
325.70207	1.00038	0.19199
366.52412	1.00035	0.21982
412.46264	1.00034	0.24386
464.15888	1.00039	0.27512
522.33451	1.00035	0.31446
587.80161	1.00037	0.34787
661.47406	1.00037	0.39196
744.38030	1.00036	0.44157
837.67764	1.00037	0.49516
942.66846	1.00038	0.55981
1060.81836	1.00035	0.63022
1193.77664	1.00036	0.70684
1343.39933	1.00037	0.79674
1511.77507	1.00034	0.89521
1701.25428	1.00035	1.00665
1914.48198	1.00033	1.13610
2154.43469	1.00033	1.27815
2424.46202	1.00035	1.43923
2728.33338	1.00034	1.62039
3070.29063	1.00036	1.82117
3455.10729	1.00034	2.05115
3888.15518	1.00037	2.30887
4375.47938	1.00036	2.59536
4923.88263	1.00035	2.92060
5541.02033	1.00035	3.28768
6235.50734	1.00035	3.70096
7017.03829	1.00034	4.16112
7896.52287	1.00034	4.68331
8886.23816	1.00036	5.27390
10000.00000	1.00035	5.93174
