100.00000	0.99999	0.08651
112.53356	1.00000	0.10176
126.63802	1.00003	0.11564
142.51027	1.00001	0.12787
160.37187	1.00000	0.14725
180.47218	0.99999	0.15930
203.09176	1.00002	0.18428
228.54639	1.00001	0.20043
257.19138	1.00003	0.23232
289.42661	1.00003	0.24118
325.70207	1.00003	0.29148
366.52412	0.99999	0.32848
412.46264	1.00000	0.36808
464.15888	1.00003	0.41359
522.33451	1.00003	0.47053
587.80161	1.00001	0.52696
661.47406	1.00001	0.59780
744.38030	1.00002	0.66821
837.67764	1.00005	0.72927
942.66846	1.00001	0.84857
1060.81836	0.99999	0.95511
1193.77664	1.00000	1.07458
1343.39933	1.00004	1.20656
1511.77507	1.00000	1.36125
1701.25428	1.00004	1.53039
1914.48198	1.00000	1.72316
2154.43469	1.00003	1.93672
2424.46202	1.00003	2.17865
2728.33338	1.00000	2.45664
3070.29063	0.99999	2.75900
3455.10729	1.00001	3.10718
3888.15518	0.99999	3.49500
4375.47938	1.00000	3.93404
4923.88263	1.00003	4.42603
5541.02033	1.00000	4.98561
6235.50734	1.00001	5.60863
7017.03829	1.00002	6.31029
7896.52287	1.00002	7.10419
8886.23816	1.00001	7.99241
10000.00000	0.99958	9.00721
