100.00000	1.00128	0.04694
112.53356	1.00133	0.05068
126.63802	1.00128	0.05822
142.51027	1.00128	0.06447
160.37187	1.00127	0.07155
180.47218	1.00126	0.07751
203.09176	1.00125	0.09220
228.54639	1.00131	0.10142
257.19138	1.00129	0.11320
289.42661	1.00129	0.13330
325.70207	1.00131	0.14604
366.52412	1.00127	0.16402
412.46264	1.00128	0.18493
464.15888	1.00131	0.20624
522.33451	1.00126	0.23850
587.80161	1.00127	0.26578
661.47406	1.00126	0.30099
744.38030	1.00128	0.33323
837.67764	1.00125	0.36997
942.66846	1.00129	0.42450
1060.81836	1.00127	0.47817
1193.77664	1.00125	0.53774
1343.39933	1.00125	0.60565
1511.77507	1.00129	0.68279
1701.25428	1.00127	0.76451
1914.48198	1.00131	0.86153
2154.43469	1.00130	0.96750
2424.46202	1.00131	1.08927
2728.33338	1.00125	1.22809
3070.29063	1.00129	1.37708
3455.10729	1.00128	1.55362
3888.15518	1.00128	1.74848
4375.47938	1.00125	1.96506
4923.88263	1.00131	2.21231
5541.02033	1.00129	2.49114
6235.50734	1.00130	2.80020
7017.03829	1.00126	3.16576
7896.52287	1.00127	3.54537
8886.23816	1.00125	3.99528
10000.00000	1.00061	4.49369
