100.00000	1.00000	0.17981
112.53356	1.00000	0.20174
126.63802	1.00001	0.22851
142.51027	1.00001	0.26173
160.37187	1.00001	0.28861
180.47218	0.99999	0.32476
203.09176	1.00001	0.36692
228.54639	1.00001	0.41142
257.19138	1.00000	0.46060
289.42661	1.00001	0.47899
325.70207	0.99997	0.58499
366.52412	1.00001	0.66107
412.46264	1.00000	0.73867
464.15888	0.99996	0.82969
522.33451	1.00001	0.93980
587.80161	1.00001	1.05748
661.47406	1.00000	1.19123
744.38030	1.00000	1.34164
837.67764	0.99965	1.46679
942.66846	1.00000	1.69538
1060.81836	0.99999	1.90917
1193.77664	1.00000	2.14995
1343.39933	1.00002	2.41735
1511.77507	1.00001	2.71720
1701.25428	1.00002	3.06279
1914.48198	0.99998	3.44435
2154.43469	1.00000	3.87593
2424.46202	1.00001	4.35937
2728.33338	1.00000	4.91026
3070.29063	0.99997	5.52526
3455.10729	1.00002	6.21635
3888.15518	1.00000	6.99508
4375.47938	0.99987	7.87011
4923.88263	1.00000	8.85543
5541.02033	0.99999	9.97163
6235.50734	0.99997	11.21972
7017.03829	0.99998	12.62808
7896.52287	0.99999	14.20719
8886.23816	1.00000	15.99043
10000.00000	0.99956	17.99045
