100.00000	1.00110	0.03924
112.53356	1.00112	0.03751
126.63802	1.00114	0.04566
142.51027	1.00112	0.04717
160.37187	1.00114	0.05511
180.47218	1.00113	0.06376
203.09176	1.00114	0.07585
228.54639	1.00115	0.08106
257.19138	1.00113	0.09178
289.42661	1.00114	0.10484
325.70207	1.00113	0.11735
366.52412	1.00113	0.13433
412.46264	1.00115	0.14741
464.15888	1.00117	0.16665
522.33451	1.00112	0.18492
587.80161	1.00114	0.21210
661.47406	1.00114	0.23673
744.38030	1.00115	0.26936
837.67764	1.00112	0.30170
942.66846	1.00116	0.33663
1060.81836	1.00111	0.38115
1193.77664	1.00113	0.42881
1343.39933	1.00114	0.48168
1511.77507	1.00113	0.53958
1701.25428	1.00114	0.61417
1914.48198	1.00116	0.69081
2154.43469	1.00111	0.77755
2424.46202	1.00113	0.86823
2728.33338	1.00114	0.98282
3070.29063	1.00113	1.10265
3455.10729	1.00114	1.24278
3888.15518	1.00113	1.39536
4375.47938	1.00111	1.57025
4923.88263	1.00111	1.77110
5541.02033	1.00113	1.99316
6235.50734	1.00111	2.24509
7017.03829	1.00109	2.52405
7896.52287	1.00112	2.83622
8886.23816	1.00110	3.19870
10000.00000	1.00110	3.59459
