1000.00000	462.09344	-30.13184
1048.11313	456.43665	-31.13167
1098.54114	450.00146	-32.25836
1151.39540	443.15117	-33.42057
1206.79264	435.86443	-34.53926
1264.85522	428.52209	-35.78928
1325.71137	420.70633	-36.97891
1389.49549	413.06542	-38.14928
1456.34848	404.50186	-39.43091
1526.41797	396.05729	-40.74275
1599.85872	387.00775	-41.92805
1676.83294	378.25924	-43.08424
1757.51062	368.78348	-44.33724
1842.06997	359.30827	-45.47585
1930.69773	349.58207	-46.68041
2023.58965	339.76936	-47.80074
2120.95089	330.14226	-49.00263
2222.99648	320.29531	-50.10886
2329.95181	310.27645	-51.11207
2442.05309	300.51115	-52.21698
2559.54792	290.71328	-53.25982
2682.69580	280.88535	-54.25578
2811.76870	271.28250	-55.19606
2947.05170	261.87279	-56.01752
3088.84360	252.36896	-56.90059
3237.45754	243.26335	-57.78389
3393.22177	234.12324	-58.56122
3556.48031	225.23806	-59.30779
3727.59372	216.42664	-60.00271
3906.93994	208.01576	-60.64112
4094.91506	199.68801	-61.16736
4291.93426	191.74178	-61.76906
4498.43267	183.94486	-62.30599
4714.86636	176.39728	-62.74412
4941.71336	169.14558	-63.12530
5179.47468	162.01109	-63.51805
5428.67544	155.12734	-63.80351
5689.86603	148.56303	-64.06875
5963.62332	142.23678	-64.23985
6250.55193	136.07967	-64.42218
6551.28557	130.24137	-64.53031
6866.48845	124.58781	-64.51832
7196.85673	119.10433	-64.52642
7543.12006	113.83136	-64.50567
7906.04321	108.78691	-64.43531
8286.42773	104.01327	-64.21532
8685.11374	99.38480	-63.99902
9102.98178	94.91647	-63.73427
9540.95476	90.64855	-63.38115
10000.00000	86.66493	-63.00929
