100.00000	269.39481	-1.71812
109.85411	274.10844	-0.94430
120.67926	270.43278	-0.95801
132.57114	273.04364	-1.33783
145.63485	273.77213	-1.06050
159.98587	274.82126	-2.33060
175.75106	279.02130	-2.22336
193.06977	275.00039	-1.95286
212.09509	275.67937	-2.04139
232.99518	276.46708	-2.67199
255.95479	281.29143	-2.79230
281.17687	272.77277	-1.91457
308.88436	286.33064	-3.94794
339.32218	278.66057	-4.85882
372.75937	294.82943	-3.83111
409.49151	301.36939	-3.95151
449.84327	305.10180	-5.13905
494.17134	311.66041	-5.67271
542.86754	307.65088	-6.78785
596.36233	314.53209	-6.72026
655.12856	340.18372	-8.05126
719.68567	342.12635	-8.50138
790.60432	357.24961	-10.71478
868.51137	375.75207	-12.14282
954.09548	407.83954	-14.66848
1048.11313	423.60664	-17.33849
1151.39540	444.80839	-20.43711
1264.85522	457.83870	-22.88957
1389.49549	468.00426	-27.07325
1526.41797	470.57760	-30.37366
1676.83294	470.67905	-33.79314
1842.06997	460.95872	-36.99277
2023.58965	446.80717	-39.65697
2222.99648	431.36882	-42.82328
2442.05309	411.90878	-45.43352
2682.69580	390.09293	-47.92395
2947.05170	368.63357	-50.30144
3237.45754	345.82480	-52.47220
3556.48031	323.75743	-54.53687
3906.93994	301.13077	-56.24455
4291.93426	279.24997	-57.64625
4714.86636	258.55519	-58.85307
5179.47468	237.06726	-59.98260
5689.86603	219.44970	-60.56643
6250.55193	202.05545	-61.23317
6866.48845	184.80693	-61.47463
7543.12006	169.40808	-61.49516
8286.42773	154.63224	-61.32303
9102.98178	142.08545	-60.88635
10000.00000	129.47557	-59.84884
