100.00000	541.81013	-2.85582
109.85411	541.03134	-3.61787
120.67926	543.14916	-4.18601
132.57114	542.40850	-4.61348
145.63485	539.69097	-4.45076
159.98587	541.29720	-5.76980
175.75106	540.85185	-6.07492
193.06977	539.74790	-6.62289
212.09509	538.66712	-7.20229
232.99518	537.71957	-7.99371
255.95479	535.42041	-8.37522
281.17687	535.35983	-9.40965
308.88436	533.33809	-10.49641
339.32218	531.37102	-11.34810
372.75937	529.28078	-12.07939
409.49151	525.82936	-13.69154
449.84327	523.30868	-14.81239
494.17134	519.24281	-15.95083
542.86754	514.55406	-17.64980
596.36233	509.65318	-19.25109
655.12856	503.18562	-20.92387
719.68567	496.01121	-22.72892
790.60432	487.53512	-24.65234
868.51137	478.45033	-26.66003
954.09548	467.31320	-28.90990
1048.11313	455.82818	-31.04846
1151.39540	442.48378	-33.30198
1264.85522	428.25658	-35.77213
1389.49549	412.39754	-38.12654
1526.41797	395.38613	-40.62515
1676.83294	377.76552	-43.05192
1842.06997	358.83245	-45.45010
2023.58965	339.63506	-47.80060
2222.99648	319.94335	-50.01268
2442.05309	300.35872	-52.19688
2682.69580	280.73972	-54.19336
2947.05170	261.61749	-56.03246
3237.45754	243.05676	-57.67239
3556.48031	225.14774	-59.22326
3906.93994	208.06399	-60.55557
4291.93426	191.78238	-61.73397
4714.86636	176.34562	-62.69237
5179.47468	161.99259	-63.44476
5689.86603	148.58491	-64.01969
6250.55193	136.07783	-64.36703
6866.48845	124.55090	-64.49644
7543.12006	113.88217	-64.44143
8286.42773	104.02890	-64.20096
9102.98178	94.97543	-63.71097
10000.00000	86.72421	-62.96282
