1500.00000	285.65186	-26.84041
1559.21399	282.91186	-27.59809
1620.76551	280.00704	-28.45515
1684.74684	276.99676	-29.36736
1751.25390	273.92471	-30.21924
1820.38639	270.64697	-31.12358
1892.24795	267.22784	-32.06061
1966.94632	263.69624	-33.03810
2044.59348	260.04103	-33.94181
2125.30584	256.26140	-34.85791
2209.20440	252.33748	-35.84095
2296.41494	248.28688	-36.74819
2387.06821	244.18395	-37.70045
2481.30010	239.82796	-38.62912
2579.25188	235.45249	-39.62727
2681.07042	230.95187	-40.51773
2786.90834	226.35452	-41.42133
2896.92431	221.75511	-42.37569
3011.28328	216.97823	-43.25639
3130.15668	212.23097	-44.13357
3253.72273	207.39439	-45.02191
3382.16667	202.56446	-45.87716
3515.68106	197.63156	-46.73250
3654.46606	192.77780	-47.50910
3798.72975	187.90495	-48.28884
3948.68838	182.95057	-49.08828
4104.56678	178.10026	-49.79257
4266.59863	173.20779	-50.54314
4435.02685	168.42765	-51.23678
4610.10395	163.61538	-51.87475
4792.09239	158.84024	-52.49661
4981.26500	154.14293	-53.08310
5177.90538	149.53245	-53.65542
5382.30835	144.97390	-54.17508
5594.78032	140.41858	-54.69322
5815.63983	136.03323	-55.08193
6045.21800	131.67148	-55.54119
6283.85899	127.42722	-55.91169
6531.92057	123.28582	-56.24567
6789.77463	119.19290	-56.55897
7057.80773	115.24597	-56.81605
7336.42171	111.40456	-57.03339
7626.03425	107.62275	-57.22807
7927.07953	103.93870	-57.34563
8240.00888	100.33094	-57.42701
8565.29142	96.85799	-57.49465
8903.41481	93.47468	-57.49540
9254.88596	90.19327	-57.45859
9620.23179	87.01961	-57.35430
10000.00000	83.96629	-57.20445
