100.00000	425.38993	-1.24563
109.85411	433.82059	-1.78896
120.67926	426.77265	-1.03032
132.57114	430.59959	-1.71883
145.63485	434.99905	-3.08188
159.98587	427.36150	-1.85975
175.75106	430.64697	-2.43152
193.06977	431.78985	-3.10093
212.09509	432.27602	-3.03939
232.99518	437.38894	-3.53641
255.95479	437.01430	-3.50842
281.17687	444.25822	-4.62689
308.88436	447.85241	-5.21186
339.32218	448.97362	-5.33870
372.75937	450.43232	-5.70164
409.49151	462.17108	-6.21595
449.84327	469.59792	-7.66298
494.17134	482.40338	-7.72144
542.86754	489.68614	-9.28283
596.36233	498.85115	-10.33986
655.12856	510.26600	-11.95333
719.68567	524.53485	-13.40501
790.60432	537.22553	-14.73814
868.51137	556.82935	-17.50589
954.09548	563.96415	-19.68915
1048.11313	573.94494	-22.08374
1151.39540	579.48963	-24.91550
1264.85522	580.24760	-27.70190
1389.49549	575.82319	-30.57247
1526.41797	564.58136	-33.24769
1676.83294	551.94842	-36.19057
1842.06997	536.10500	-39.04916
2023.58965	515.03770	-41.56997
2222.99648	492.96975	-44.33701
2442.05309	465.64933	-47.03490
2682.69580	444.24740	-49.34844
2947.05170	418.09435	-51.65661
3237.45754	391.31030	-53.69725
3556.48031	365.53927	-55.54655
3906.93994	337.47946	-57.25197
4291.93426	314.01812	-58.70417
4714.86636	290.67492	-59.84307
5179.47468	267.97977	-60.88301
5689.86603	246.61421	-61.60985
6250.55193	226.21692	-62.08531
6866.48845	207.78956	-62.49797
7543.12006	190.36506	-62.41949
8286.42773	172.75375	-62.33362
9102.98178	159.20338	-61.82178
10000.00000	145.01474	-61.10531
