7000.00000	76.64154	-25.73978
7151.59272	76.00945	-26.10949
7306.46835	75.35071	-26.43409
7464.69799	74.68136	-26.78602
7626.35426	74.00785	-27.08589
7791.51137	73.31091	-27.42293
7960.24515	72.60682	-27.72483
8132.63304	71.90547	-28.04338
8308.75418	71.18311	-28.34120
8488.68942	70.45474	-28.63327
8672.52135	69.71044	-28.91943
8860.33437	68.96544	-29.20479
9052.21469	68.21526	-29.51558
9248.25039	67.45906	-29.76030
9448.53145	66.66791	-30.02330
9653.14982	65.89680	-30.27984
9862.19943	65.11825	-30.51993
10075.77624	64.33040	-30.74873
10293.97830	63.54043	-30.96908
10516.90575	62.73996	-31.18967
10744.66095	61.93507	-31.38173
10977.34844	61.12899	-31.57757
11215.07503	60.31750	-31.77510
11457.94985	59.51620	-31.92335
11706.08440	58.70683	-32.08669
11959.59257	57.88175	-32.21271
12218.59074	57.06377	-32.33207
12483.19781	56.25815	-32.44887
12753.53523	55.43968	-32.54531
13029.72710	54.62541	-32.63004
13311.90022	53.80883	-32.68748
13600.18411	53.01404	-32.76186
13894.71110	52.20099	-32.76815
14195.61640	51.40343	-32.79594
14503.03813	50.59088	-32.79194
14817.11742	49.78950	-32.76889
15137.99845	48.99658	-32.73561
15465.82851	48.19522	-32.69172
15800.75809	47.40558	-32.60798
16142.94094	46.64347	-32.50866
16492.53413	45.85553	-32.40151
16849.69816	45.09425	-32.27736
17214.59696	44.31949	-32.10319
17587.39805	43.57392	-31.94739
17968.27256	42.82215	-31.74563
18357.39532	42.07160	-31.53360
18754.94497	41.34288	-31.28760
19161.10400	40.61807	-31.02844
19576.05885	39.89286	-30.76390
20000.00000	39.20323	-30.38108
