50.00000	97.88107	-0.12058
56.50323	97.75049	-0.41393
63.85230	97.93577	-0.42219
72.15722	97.84798	-0.31309
81.54232	97.88479	-0.41193
92.14809	97.82033	-0.51480
104.13329	97.94046	-0.53936
117.67734	97.87063	-0.45819
132.98300	97.82334	-0.63373
150.27938	97.76826	-0.61854
169.82540	97.84751	-0.77704
191.91367	97.81792	-0.87739
216.87485	97.84591	-1.00732
245.08258	97.75016	-1.04967
276.95915	97.83759	-1.29602
312.98173	97.85381	-1.43283
353.68956	97.79315	-1.69461
399.69205	97.79848	-1.85819
451.67783	97.71870	-2.10056
510.42512	97.68713	-2.36089
576.81335	97.68190	-2.66421
651.83634	97.56668	-3.00052
736.61717	97.46865	-3.41466
832.42498	97.34078	-3.79779
940.69399	97.25740	-4.33165
1063.04496	97.12564	-4.86567
1201.30946	96.97627	-5.57241
1357.55728	96.68541	-6.14909
1534.12740	96.28455	-7.00144
1733.66305	95.93593	-7.86234
1959.15122	95.37228	-8.89933
2213.96741	94.93056	-9.88061
2501.92616	94.05840	-11.16771
2827.33815	93.21431	-12.53578
3195.07472	91.93728	-14.01140
3610.64079	90.45352	-15.57397
4080.25729	88.83015	-17.35032
4610.95426	86.77958	-19.12024
5210.67612	84.33461	-21.00510
5888.40055	81.46959	-23.04320
6654.27293	78.11659	-24.96030
7519.75818	74.46666	-26.82407
8497.81241	70.45567	-28.61556
9603.07686	66.15951	-30.19121
10852.09708	61.58444	-31.40962
12263.57059	56.94809	-32.32368
13858.62682	52.37061	-32.81565
15661.14337	47.75493	-32.64641
17698.10350	43.37352	-32.03538
20000.00000	39.35628	-31.82732
