50.00000	97.83307	-0.34361
56.50323	97.88300	-0.56548
63.85230	97.83723	-0.28991
72.15722	97.94943	-0.30148
81.54232	97.88270	-0.43835
92.14809	97.92849	-0.51697
104.13329	97.81500	-0.56245
117.67734	97.93166	-0.64765
132.98300	97.90467	-0.65297
150.27938	97.69697	-0.67090
169.82540	97.92657	-0.83916
191.91367	97.90876	-0.85032
216.87485	98.04955	-1.12640
245.08258	97.92981	-1.22779
276.95915	97.91801	-1.34404
312.98173	97.89172	-1.42326
353.68956	97.83951	-1.79102
399.69205	97.83363	-1.95762
451.67783	97.72048	-2.07631
510.42512	97.74104	-2.17372
576.81335	97.66781	-2.67032
651.83634	97.58165	-3.06571
736.61717	97.61597	-3.46354
832.42498	97.48270	-3.83701
940.69399	97.34633	-4.40494
1063.04496	97.18987	-4.86957
1201.30946	96.98784	-5.47028
1357.55728	96.75044	-6.10525
1534.12740	96.40786	-6.97007
1733.66305	96.01498	-7.94565
1959.15122	95.51380	-8.80328
2213.96741	94.90824	-9.90070
2501.92616	94.16086	-11.15867
2827.33815	93.23576	-12.44109
3195.07472	92.07724	-14.05341
3610.64079	90.73374	-15.56201
4080.25729	88.90898	-17.22168
4610.95426	86.75268	-19.06280
5210.67612	84.37157	-21.08160
5888.40055	81.46262	-23.06939
6654.27293	78.07043	-24.89312
7519.75818	74.52800	-26.86972
8497.81241	70.51274	-28.61391
9603.07686	66.23806	-30.15267
10852.09708	61.65097	-31.41726
12263.57059	57.01478	-32.32974
13858.62682	52.36474	-32.80196
15661.14337	47.79673	-32.57280
17698.10350	43.43074	-31.91589
20000.00000	38.61539	-31.51570
